-0.71 231.00
9.29 231.03
19.29 231.06
29.29 232.39
39.29 232.42
49.29 231.15
59.30 229.38
69.30 227.11
79.32 223.24
89.33 219.38
99.34 216.01
109.35 212.64
119.36 209.57
129.37 207.20
139.37 206.23
149.38 204.66
159.38 203.39
169.38 202.42
179.39 201.65
189.39 201.68
199.39 200.71
209.40 197.64
219.41 194.27
229.42 191.70
239.43 189.83
249.43 188.36
259.43 187.09
269.44 185.82
279.44 184.55
289.45 183.49
299.45 182.32
309.45 181.25
319.45 182.08
329.46 180.01
339.46 180.34
349.46 179.87
359.46 179.30
369.47 178.03
379.47 176.76
389.47 175.49
399.47 175.52
409.48 174.05
419.48 174.08
429.48 172.81
439.49 170.24
449.51 163.77
459.51 163.00
469.54 156.03
479.55 152.36
489.56 148.49
499.57 144.62
509.58 140.55
519.60 136.18
529.61 132.51
539.61 130.74
549.61 131.77
559.61 133.10
569.60 134.23
579.60 135.26
589.60 136.89
599.60 137.12
609.61 133.85
619.61 134.08
629.61 132.81
639.61 132.54
649.61 131.87
659.62 131.40
669.62 130.63
679.62 130.36
689.62 128.59
699.63 126.32
709.64 123.75
719.65 121.37
729.65 118.80
739.66 116.03
749.68 111.56
759.68 108.99
769.69 106.42
779.70 104.15
789.71 101.78
799.71 99.51
809.72 97.24
819.72 95.97
829.73 93.60
839.73 93.43
849.73 93.46
859.73 93.69
869.74 92.22
879.74 90.15
889.75 87.88
899.76 84.21
909.77 82.64
919.77 81.66
929.77 80.69
939.77 80.22
949.78 79.65
959.78 79.18
969.78 79.71
979.78 79.74
989.78 79.77
999.78 79.80
1009.78 79.13
1019.78 78.86
1029.78 78.59
1039.78 77.92
1049.78 77.94
1059.78 77.37
1069.79 76.60
1079.79 75.63
1089.79 74.86
1099.79 74.39
1109.80 72.12
1119.81 69.55
1129.82 66.98
1139.82 64.41
1149.83 62.84
1159.83 61.06
1169.84 59.99
1179.84 58.72
1189.84 58.05
1199.84 57.48
1209.85 56.81
1219.85 57.04
1229.85 56.87
1239.85 56.10
1249.85 55.62
1259.85 55.35
1269.85 55.38
1279.85 55.91
1289.85 55.74
1299.85 55.77
1309.85 55.80
1319.85 56.53
1329.85 57.15
1339.85 56.88
1349.85 56.61
1359.85 55.94
1369.85 55.97
1379.85 55.20
1389.86 53.63
1399.87 50.25
1409.88 46.18
1419.89 43.31
1429.89 41.04
1439.90 38.67
1449.91 36.70
1459.91 35.43
1469.92 32.85
1479.93 29.18
1489.94 25.31
1499.94 24.04
1509.95 22.57
1519.95 21.80
1529.95 21.83
1539.95 22.05
1549.95 22.08
1559.95 21.91
1569.95 22.14
1579.95 22.77
1589.95 23.50
1599.95 23.82
1609.95 23.05
1619.95 22.88
1629.95 21.81
1639.95 21.64
1649.95 20.86
1659.96 20.59
1669.95 21.12
1679.95 21.75
1689.95 22.28
1699.95 22.51
1709.95 22.33
1719.95 22.06
1729.95 21.59
1739.95 21.62
1749.95 22.15
1759.96 20.87
1769.96 20.10
1779.96 18.33
1789.97 16.56
1799.97 16.29
1809.97 16.31
1819.97 16.34
1829.97 16.37
1839.97 16.40
1849.97 14.43
1859.98 12.35
1869.99 9.48
1879.99 7.71
1890.00 6.94
1900.00 6.16
1910.00 5.59
1920.00 5.62
1930.00 5.65
1940.00 5.68
1950.00 5.70
1960.00 5.73
1970.00 5.76
1980.00 5.79
1990.00 5.81
2000.00 5.84
2010.00 5.87
2020.00 5.90
2030.00 5.92
2040.00 5.95
2050.00 5.98
2060.00 6.01
2070.00 6.03
2080.00 6.06
2090.00 6.09
2100.00 6.12
2110.00 6.14
2120.00 6.17
2130.00 6.20
2140.00 6.23
2150.00 6.25
2160.00 6.28
2170.00 6.31
2180.00 6.34
2190.00 6.36
2200.00 6.39
2210.00 6.42
2220.00 6.45
2230.00 6.47
2240.00 6.50
2250.00 6.53
2260.00 6.56
2270.00 6.58
2280.00 6.61
2290.00 6.64
2300.00 6.66
2310.00 6.69
2320.00 6.72
2330.00 6.75
2340.00 6.77
2350.00 6.80
2360.00 6.83
2370.00 6.85
2380.00 6.88
2390.00 6.91
2400.00 6.94
2410.00 6.96
2420.00 6.99
2430.00 7.02
2440.00 7.04
2450.00 7.07
2460.00 7.10
2470.00 7.12
2480.00 7.15
2490.00 7.18
2500.00 7.20
2510.00 7.23
2520.00 7.26
2530.00 7.28
2540.00 7.31
2550.00 7.34
2560.00 7.37
2570.00 7.39
2580.00 7.42
2590.00 7.45
2600.00 7.47
2610.00 7.50
2620.00 7.53
2630.00 7.55
2640.00 7.58
2650.00 7.61
2660.00 7.63
2670.00 7.66
2680.00 7.69
2690.00 7.71
2700.00 7.74
2710.00 7.76
2720.00 7.79
2730.00 7.82
2740.00 7.84
2750.00 7.87
2760.00 7.90
2770.00 7.92
2780.00 7.95
2790.00 7.98
2800.00 8.00
2810.00 8.03
2820.00 8.06
2830.00 8.08
2840.00 8.11
2850.00 8.13
2860.00 8.16
2870.00 8.19
2880.00 8.21
2890.00 8.24
2900.00 8.27
2910.00 8.29
2920.00 8.32
2930.00 8.34
2940.00 8.37
2950.00 8.40
2960.00 8.42
2970.00 8.45
2980.00 8.48
2990.00 8.50
3000.00 8.53
3010.00 8.55
3020.00 8.58
3030.00 8.61
3040.00 8.63
3050.00 8.66
3060.00 8.68
3070.00 8.71
3080.00 8.74
3090.00 8.76
3100.00 8.79
3110.00 8.81
3120.00 8.84
3130.00 8.87
3140.00 8.89
3150.00 8.92
3160.00 8.94
3170.00 8.97
3180.00 8.99
3190.00 9.02
3200.00 9.05
3210.00 9.07
3220.00 9.10
3230.00 9.12
3240.00 9.15
3250.00 9.17
3260.00 9.20
3270.00 9.23
3280.00 9.25
3290.00 9.28
3300.00 9.30
3310.00 9.33
3320.00 9.35
3330.00 9.38
3340.00 9.41
3350.00 9.43
3360.00 9.46
3370.00 9.48
3380.00 9.51
3390.00 9.53
3400.00 9.56
3410.00 9.58
3420.00 9.61
3430.00 9.63
3440.00 9.66
3450.00 9.69
3460.00 9.71
3470.00 9.74
3480.00 9.76
3490.00 9.79
3500.00 9.81
3510.00 9.84
3520.00 9.86
3530.00 9.89
3540.00 9.91
3550.00 9.94
3560.00 9.96
3570.00 9.99
3580.00 10.01
3590.00 10.04
3600.00 10.06
3610.00 10.09
3620.00 10.11
3630.00 10.14
3640.00 10.16
3650.00 10.19
3660.00 10.21
3670.00 10.24
3680.00 10.26
3690.00 10.29
3700.00 10.31
3710.00 10.34
3720.00 10.36
3730.00 10.39
3740.00 10.41
3750.00 10.44
3760.00 10.46
3770.00 10.49
3780.00 10.51
3790.00 10.54
3800.00 10.56
3810.00 10.59
3820.00 10.61
3830.00 10.64
3840.00 10.66
3850.00 10.69
3860.00 10.71
3870.00 10.74
3880.00 10.76
3890.00 10.79
3900.00 10.81
3910.00 10.84
3920.00 10.86
3930.00 10.88
3940.00 10.91
3950.00 10.93
3960.00 10.96
3970.00 10.98
3980.00 11.01
3990.00 11.03
4000.00 11.06
4010.00 11.08
4020.00 11.11
4030.00 11.13
4040.00 11.15
4050.00 11.18
4060.00 11.20
4070.00 11.23
4080.00 11.25
4090.00 11.28
4100.00 11.30
4110.00 11.33
4120.00 11.35
4130.00 11.37
4140.00 11.40
4150.00 11.42
4160.00 11.45
4170.00 11.47
4180.00 11.50
4190.00 11.52
4200.00 11.54
4210.00 11.57
4220.00 11.59
4230.00 11.62
4240.00 11.64
4250.00 11.66
4260.00 11.69
4270.00 11.71
4280.00 11.74
4290.00 11.76
4300.00 11.78
4310.00 11.81
4320.00 11.83
4330.00 11.86
4340.00 11.88
4350.00 11.90
4360.00 11.93
4370.00 11.95
4380.00 11.98
4390.00 12.00
4400.00 12.02
4410.00 12.05
4420.00 12.07
4430.00 12.10
4440.00 12.12
4450.00 12.14
4460.00 12.17
4470.00 12.19
4480.00 12.21
4490.00 12.24
4500.00 12.26
4510.00 12.29
4520.00 12.31
4530.00 12.33
4540.00 12.36
4550.00 12.38
4560.00 12.40
4570.00 12.43
4580.00 12.45
4590.00 12.48
4600.00 12.50
4610.00 12.52
4620.00 12.55
4630.00 12.57
4640.00 12.59
4650.00 12.62
4660.00 12.64
4670.00 12.66
4680.00 12.69
4690.00 12.71
4700.00 12.73
4710.00 12.76
4720.00 12.78
4730.00 12.80
4740.00 12.83
4750.00 12.85
4760.00 12.87
4770.00 12.90
4780.00 12.92
4790.00 12.94
4800.00 12.97
4810.00 12.99
4820.00 13.01
4830.00 13.04
4840.00 13.06
4850.00 13.08
4860.00 13.11
4870.00 13.13
4880.00 13.15
4890.00 13.18
4900.00 13.20
4910.00 13.22
4920.00 13.24
4930.00 13.27
4940.00 13.29
4950.00 13.31
4960.00 13.34
4970.00 13.36
4980.00 13.38
4990.00 13.41
5000.00 13.43
5010.00 13.45
5020.00 13.47
5030.00 13.50
5040.00 13.52
5050.00 13.54
5060.00 13.57
5070.00 13.59
5080.00 13.61
5090.00 13.63
5100.00 13.66
5110.00 13.68
5120.00 13.70
5130.00 13.73
5140.00 13.75
5150.00 13.77
5160.00 13.79
5170.00 13.82
5180.00 13.84
5190.00 13.86
5200.00 13.88
5210.00 13.91
5220.00 13.93
5230.00 13.95
5240.00 13.97
5250.00 14.00
5260.00 14.02
5270.00 14.04
5280.00 14.06
5290.00 14.09
5300.00 14.11
5310.00 14.13
5320.00 14.15
5330.00 14.18
5340.00 14.20
5350.00 14.22
5360.00 14.24
5370.00 14.27
5380.00 14.29
5390.00 14.31
5400.00 14.33
5410.00 14.36
5420.00 14.38
5430.00 14.40
5440.00 14.42
5450.00 14.45
5460.00 14.47
5470.00 14.49
5480.00 14.51
5490.00 14.53
5500.00 14.56
5510.00 14.58
5520.00 14.60
5530.00 14.62
5540.00 14.64
5550.00 14.67
5560.00 14.69
5570.00 14.71
5580.00 14.73
5590.00 14.75
5600.00 14.78
5610.00 14.80
5620.00 14.82
5630.00 14.84
5640.00 14.86
5650.00 14.89
5660.00 14.91
5670.00 14.93
5680.00 14.95
5690.00 14.97
5700.00 15.00
5710.00 15.02
5720.00 15.04
5730.00 15.06
5740.00 15.08
5750.00 15.11
5760.00 15.13
5770.00 15.15
5780.00 15.17
5790.00 15.19
5800.00 15.21
5810.00 15.24
5820.00 15.26
5830.00 15.28
5840.00 15.30
5850.00 15.32
5860.00 15.34
5870.00 15.37
5880.00 15.39
5890.00 15.41
5900.00 15.43
5910.00 15.45
5920.00 15.47
5930.00 15.49
5940.00 15.52
5950.00 15.54
5960.00 15.56
5970.00 15.58
5980.00 15.60
5990.00 15.62
6000.00 15.64
6010.00 15.67
6020.00 15.69
6030.00 15.71
6040.00 15.73
6050.00 15.75
6060.00 15.77
6070.00 15.79
6080.00 15.81
6090.00 15.84
6100.00 15.86
6110.00 15.88
6120.00 15.90
6130.00 15.92
6140.00 15.94
6150.00 15.96
6160.00 15.98
6170.00 16.01
6180.00 16.03
6190.00 16.05
6200.00 16.07
6210.00 16.09
6220.00 16.11
6230.00 16.13
6240.00 16.15
6250.00 16.17
6260.00 16.19
6270.00 16.22
6280.00 16.24
6290.00 16.26
6300.00 16.28
6310.00 16.30
6320.00 16.32
6330.00 16.34
6340.00 16.36
6350.00 16.38
6360.00 16.40
6370.00 16.42
6380.00 16.44
6390.00 16.47
6400.00 16.49
6410.00 16.51
6420.00 16.53
6430.00 16.55
6440.00 16.57
6450.00 16.59
6460.00 16.61
6470.00 16.63
6480.00 16.65
6490.00 16.67
6500.00 16.69
6510.00 16.71
6520.00 16.73
6530.00 16.75
6540.00 16.78
6550.00 16.80
6560.00 16.82
6570.00 16.84
6580.00 16.86
6590.00 16.88
6600.00 16.90
6610.00 16.92
6620.00 16.94
6630.00 16.96
6640.00 16.98
6650.00 17.00
6660.00 17.02
6670.00 17.04
6680.00 17.06
6690.00 17.08
6700.00 17.10
6710.00 17.12
6720.00 17.14
6730.00 17.16
6740.00 17.18
6750.00 17.20
6760.00 17.22
6770.00 17.24
6780.00 17.26
6790.00 17.28
6800.00 17.30
6810.00 17.32
6820.00 17.34
6830.00 17.36
6840.00 17.38
6850.00 17.40
6860.00 17.42
6870.00 17.44
6880.00 17.46
6890.00 17.48
6900.00 17.50
6910.00 17.52
6920.00 17.54
6930.00 17.56
6940.00 17.58
6950.00 17.60
6960.00 17.62
6970.00 17.64
6980.00 17.66
6990.00 17.68
7000.00 17.70
7010.00 17.72
7020.00 17.74
7030.00 17.76
7040.00 17.78
7050.00 17.80
7060.00 17.82
7070.00 17.84
7080.00 17.86
7090.00 17.88
7100.00 17.90
7110.00 17.92
7120.00 17.94
7130.00 17.96
7140.00 17.98
7150.00 18.00
7160.00 18.02
7170.00 18.04
7180.00 18.06
7190.00 18.08
7200.00 18.10
7210.00 18.12
7220.00 18.13
7230.00 18.15
7240.00 18.17
7250.00 18.19
7260.00 18.21
7270.00 18.23
7280.00 18.25
7290.00 18.27
7300.00 18.29
7310.00 18.31
7320.00 18.33
7330.00 18.35
7340.00 18.37
7350.00 18.39
7360.00 18.41
7370.00 18.42
7380.00 18.44
7390.00 18.46
7400.00 18.48
7410.00 18.50
7420.00 18.52
7430.00 18.54
7440.00 18.56
7450.00 18.58
7460.00 18.60
7470.00 18.62
7480.00 18.64
7490.00 18.65
7500.00 18.67
7510.00 18.69
7520.00 18.71
7530.00 18.73
7540.00 18.75
7550.00 18.77
7560.00 18.79
7570.00 18.81
7580.00 18.82
7590.00 18.84
7600.00 18.86
7610.00 18.88
7620.00 18.90
7630.00 18.92
7640.00 18.94
7650.00 18.96
7660.00 18.98
7670.00 18.99
7680.00 19.01
7690.00 19.03
7700.00 19.05
7710.00 19.07
7720.00 19.09
7730.00 19.11
7740.00 19.13
7750.00 19.14
7760.00 19.16
7770.00 19.18
7780.00 19.20
7790.00 19.22
7800.00 19.24
7810.00 19.26
7820.00 19.27
7830.00 19.29
7840.00 19.31
7850.00 19.33
7860.00 19.35
7870.00 19.37
7880.00 19.38
7890.00 19.40
7900.00 19.42
7910.00 19.44
7920.00 19.46
7930.00 19.48
7940.00 19.49
7950.00 19.51
7960.00 19.53
7970.00 19.55
7980.00 19.57
7990.00 19.59
8000.00 19.60
8010.00 19.62
8020.00 19.64
8030.00 19.66
8040.00 19.68
8050.00 19.70
8060.00 19.71
8070.00 19.73
8080.00 19.75
8090.00 19.77
8100.00 19.79
8110.00 19.80
8120.00 19.82
8130.00 19.84
8140.00 19.86
8150.00 19.88
8160.00 19.89
8170.00 19.91
8180.00 19.93
8190.00 19.95
8200.00 19.97
8210.00 19.98
8220.00 20.00
8230.00 20.02
8240.00 20.04
8250.00 20.06
8260.00 20.07
8270.00 20.09
8280.00 20.11
8290.00 20.13
8300.00 20.14
8310.00 20.16
8320.00 20.18
8330.00 20.20
8340.00 20.22
8350.00 20.23
8360.00 20.25
8370.00 20.27
8380.00 20.29
8390.00 20.30
8400.00 20.32
8410.00 20.34
8420.00 20.36
8430.00 20.37
8440.00 20.39
8450.00 20.41
8460.00 20.43
8470.00 20.44
8480.00 20.46
8490.00 20.48
8500.00 20.50
8510.00 20.51
8520.00 20.53
8530.00 20.55
8540.00 20.57
8550.00 20.58
8560.00 20.60
8570.00 20.62
8580.00 20.64
8590.00 20.65
8600.00 20.67
8610.00 20.69
8620.00 20.71
8630.00 20.72
8640.00 20.74
8650.00 20.76
8660.00 20.77
8670.00 20.79
8680.00 20.81
8690.00 20.83
8700.00 20.84
8710.00 20.86
8720.00 20.88
8730.00 20.89
8740.00 20.91
8750.00 20.93
8760.00 20.95
8770.00 20.96
8780.00 20.98
8790.00 21.00
8800.00 21.01
8810.00 21.03
8820.00 21.05
8830.00 21.06
8840.00 21.08
8850.00 21.10
8860.00 21.11
8870.00 21.13
8880.00 21.15
8890.00 21.17
8900.00 21.18
8910.00 21.20
8920.00 21.22
8930.00 21.23
8940.00 21.25
8950.00 21.27
8960.00 21.28
8970.00 21.30
8980.00 21.32
8990.00 21.33
9000.00 21.35
9010.00 21.37
9020.00 21.38
9030.00 21.40
9040.00 21.42
9050.00 21.43
9060.00 21.45
9070.00 21.47
9080.00 21.48
9090.00 21.50
9100.00 21.52
9110.00 21.53
9120.00 21.55
9130.00 21.57
9140.00 21.58
9150.00 21.60
9160.00 21.61
9170.00 21.63
9180.00 21.65
9190.00 21.66
9200.00 21.68
9210.00 21.70
9220.00 21.71
9230.00 21.73
9240.00 21.75
9250.00 21.76
9260.00 21.78
9270.00 21.79
9280.00 21.81
9290.00 21.83
9300.00 21.84
9310.00 21.86
9320.00 21.87
9330.00 21.89
9340.00 21.91
9350.00 21.92
9360.00 21.94
9370.00 21.96
9380.00 21.97
9390.00 21.99
9400.00 22.00
9410.00 22.02
9420.00 22.04
9430.00 22.05
9440.00 22.07
9450.00 22.08
9460.00 22.10
9470.00 22.12
9480.00 22.13
9490.00 22.15
9500.00 22.16
9510.00 22.18
9520.00 22.20
9530.00 22.21
9540.00 22.23
9550.00 22.24
9560.00 22.26
9570.00 22.27
9580.00 22.29
9590.00 22.31
9600.00 22.32
9610.00 22.34
9620.00 22.35
9630.00 22.37
9640.00 22.38
9650.00 22.40
9660.00 22.42
9670.00 22.43
9680.00 22.45
9690.00 22.46
9700.00 22.48
9710.00 22.49
9720.00 22.51
9730.00 22.52
9740.00 22.54
9750.00 22.56
9760.00 22.57
9770.00 22.59
9780.00 22.60
9790.00 22.62
9800.00 22.63
9810.00 22.65
9820.00 22.66
9830.00 22.68
9840.00 22.69
9850.00 22.71
9860.00 22.73
9870.00 22.74
9880.00 22.76
9890.00 22.77
9900.00 22.79
9910.00 22.80
9920.00 22.82
9930.00 22.83
9940.00 22.85
9950.00 22.86
9960.00 22.88
9970.00 22.89
9980.00 22.91
9990.00 22.92
10000.00 22.94
10010.00 22.95
10020.00 22.97
10030.00 22.98
10040.00 23.00
10050.00 23.01
10060.00 23.03
10070.00 23.04
10080.00 23.06
10090.00 23.07
10100.00 23.09
10110.00 23.10
10120.00 23.12
10130.00 23.13
10140.00 23.15
10150.00 23.16
10160.00 23.18
10170.00 23.19
10180.00 23.21
10190.00 23.22
10200.00 23.24
10210.00 23.25
10220.00 23.27
10230.00 23.28
10240.00 23.30
10250.00 23.31
10260.00 23.33
10270.00 23.34
10280.00 23.35
10290.00 23.37
10300.00 23.38
10310.00 23.40
10320.00 23.41
10330.00 23.43
10340.00 23.44
10350.00 23.46
10360.00 23.47
10370.00 23.49
10380.00 23.50
10390.00 23.51
10400.00 23.53
10410.00 23.54
10420.00 23.56
10430.00 23.57
10440.00 23.59
10450.00 23.60
10460.00 23.62
10470.00 23.63
10480.00 23.64
10490.00 23.66
10500.00 23.67
10510.00 23.69
10520.00 23.70
10530.00 23.72
10540.00 23.73
10550.00 23.74
10560.00 23.76
10570.00 23.77
10580.00 23.79
10590.00 23.80
10600.00 23.82
10610.00 23.83
10620.00 23.84
10630.00 23.86
10640.00 23.87
10650.00 23.89
10660.00 23.90
10670.00 23.91
10680.00 23.93
10690.00 23.94
10700.00 23.96
10710.00 23.97
10720.00 23.98
10730.00 24.00
10740.00 24.01
10750.00 24.03
10760.00 24.04
10770.00 24.05
10780.00 24.07
10790.00 24.08
10800.00 24.10
10810.00 24.11
10820.00 24.12
10830.00 24.14
10840.00 24.15
10850.00 24.16
10860.00 24.18
10870.00 24.19
10880.00 24.21
10890.00 24.22
10900.00 24.23
10910.00 24.25
10920.00 24.26
10930.00 24.27
10940.00 24.29
10950.00 24.30
10960.00 24.32
10970.00 24.33
10980.00 24.34
10990.00 24.36
11000.00 24.37
11010.00 24.38
11020.00 24.40
11030.00 24.41
11040.00 24.42
11050.00 24.44
11060.00 24.45
11070.00 24.46
11080.00 24.48
11090.00 24.49
11100.00 24.50
11110.00 24.52
11120.00 24.53
11130.00 24.54
11140.00 24.56
11150.00 24.57
11160.00 24.58
11170.00 24.60
11180.00 24.61
11190.00 24.62
11200.00 24.64
11210.00 24.65
11220.00 24.66
11230.00 24.68
11240.00 24.69
11250.00 24.70
11260.00 24.72
11270.00 24.73
11280.00 24.74
11290.00 24.76
11300.00 24.77
11310.00 24.78
11320.00 24.79
11330.00 24.81
11340.00 24.82
11350.00 24.83
11360.00 24.85
11370.00 24.86
11380.00 24.87
11390.00 24.89
11400.00 24.90
11410.00 24.91
11420.00 24.92
11430.00 24.94
11440.00 24.95
11450.00 24.96
11460.00 24.98
11470.00 24.99
11480.00 25.00
11490.00 25.01
11500.00 25.03
11510.00 25.04
11520.00 25.05
11530.00 25.06
11540.00 25.08
11550.00 25.09
11560.00 25.10
11570.00 25.12
11580.00 25.13
11590.00 25.14
11600.00 25.15
11610.00 25.17
11620.00 25.18
11630.00 25.19
11640.00 25.20
11650.00 25.22
11660.00 25.23
11670.00 25.24
11680.00 25.25
11690.00 25.27
11700.00 25.28
11710.00 25.29
11720.00 25.30
11730.00 25.32
11740.00 25.33
11750.00 25.34
11760.00 25.35
11770.00 25.36
11780.00 25.38
11790.00 25.39
11800.00 25.40
11810.00 25.41
11820.00 25.43
11830.00 25.44
11840.00 25.45
11850.00 25.46
11860.00 25.48
11870.00 25.49
11880.00 25.50
11890.00 25.51
11900.00 25.52
11910.00 25.54
11920.00 25.55
11930.00 25.56
11940.00 25.57
11950.00 25.58
11960.00 25.60
11970.00 25.61
11980.00 25.62
11990.00 25.63
12000.00 25.64
12010.00 25.66
12020.00 25.67
12030.00 25.68
12040.00 25.69
12050.00 25.70
12060.00 25.72
12070.00 25.73
12080.00 25.74
12090.00 25.75
12100.00 25.76
12110.00 25.77
12120.00 25.79
12130.00 25.80
12140.00 25.81
12150.00 25.82
12160.00 25.83
12170.00 25.85
12180.00 25.86
12190.00 25.87
12200.00 25.88
12210.00 25.89
12220.00 25.90
12230.00 25.92
12240.00 25.93
12250.00 25.94
12260.00 25.95
12270.00 25.96
12280.00 25.97
12290.00 25.98
12300.00 26.00
12310.00 26.01
12320.00 26.02
12330.00 26.03
12340.00 26.04
12350.00 26.05
12360.00 26.06
12370.00 26.08
12380.00 26.09
12390.00 26.10
12400.00 26.11
12410.00 26.12
12420.00 26.13
12430.00 26.14
12440.00 26.16
12450.00 26.17
12460.00 26.18
12470.00 26.19
12480.00 26.20
12490.00 26.21
12500.00 26.22
12510.00 26.23
12520.00 26.24
12530.00 26.26
12540.00 26.27
12550.00 26.28
12560.00 26.29
12570.00 26.30
12580.00 26.31
12590.00 26.32
12600.00 26.33
12610.00 26.34
12620.00 26.36
12630.00 26.37
12640.00 26.38
12650.00 26.39
12660.00 26.40
12670.00 26.41
12680.00 26.42
12690.00 26.43
12700.00 26.44
12710.00 26.45
12720.00 26.46
12730.00 26.48
12740.00 26.49
12750.00 26.50
12760.00 26.51
12770.00 26.52
12780.00 26.53
12790.00 26.54
12800.00 26.55
12810.00 26.56
12820.00 26.57
12830.00 26.58
12840.00 26.59
12850.00 26.60
12860.00 26.61
12870.00 26.63
12880.00 26.64
12890.00 26.65
12900.00 26.66
12910.00 26.67
12920.00 26.68
12930.00 26.69
12940.00 26.70
12950.00 26.71
12960.00 26.72
12970.00 26.73
12980.00 26.74
12990.00 26.75
13000.00 26.76
13010.00 26.77
13020.00 26.78
13030.00 26.79
13040.00 26.80
13050.00 26.81
13060.00 26.82
13070.00 26.83
13080.00 26.84
13090.00 26.85
13100.00 26.87
13110.00 26.88
13120.00 26.89
13130.00 26.90
13140.00 26.91
13150.00 26.92
13160.00 26.93
13170.00 26.94
13180.00 26.95
13190.00 26.96
13200.00 26.97
13210.00 26.98
13220.00 26.99
13230.00 27.00
13240.00 27.01
13250.00 27.02
13260.00 27.03
13270.00 27.04
13280.00 27.05
13290.00 27.06
13300.00 27.07
13310.00 27.08
13320.00 27.09
13330.00 27.10
13340.00 27.11
13350.00 27.12
13360.00 27.13
13370.00 27.14
13380.00 27.15
13390.00 27.16
13400.00 27.17
13410.00 27.17
13420.00 27.18
13430.00 27.19
13440.00 27.20
13450.00 27.21
13460.00 27.22
13470.00 27.23
13480.00 27.24
13490.00 27.25
13500.00 27.26
13510.00 27.27
13520.00 27.28
13530.00 27.29
13540.00 27.30
13550.00 27.31
13560.00 27.32
13570.00 27.33
13580.00 27.34
13590.00 27.35
13600.00 27.36
13610.00 27.37
13620.00 27.38
13630.00 27.39
13640.00 27.40
13650.00 27.40
13660.00 27.41
13670.00 27.42
13680.00 27.43
13690.00 27.44
13700.00 27.45
13710.00 27.46
13720.00 27.47
13730.00 27.48
13740.00 27.49
13750.00 27.50
13760.00 27.51
13770.00 27.52
13780.00 27.53
13790.00 27.53
13800.00 27.54
13810.00 27.55
13820.00 27.56
13830.00 27.57
13840.00 27.58
13850.00 27.59
13860.00 27.60
13870.00 27.61
13880.00 27.62
13890.00 27.63
13900.00 27.63
13910.00 27.64
13920.00 27.65
13930.00 27.66
13940.00 27.67
13950.00 27.68
13960.00 27.69
13970.00 27.70
13980.00 27.71
13990.00 27.71
14000.00 27.72
14010.00 27.73
14020.00 27.74
14030.00 27.75
14040.00 27.76
14050.00 27.77
14060.00 27.78
14070.00 27.78
14080.00 27.79
14090.00 27.80
14100.00 27.81
14110.00 27.82
14120.00 27.83
14130.00 27.84
14140.00 27.85
14150.00 27.85
14160.00 27.86
14170.00 27.87
14180.00 27.88
14190.00 27.89
14200.00 27.90
14210.00 27.90
14220.00 27.91
14230.00 27.92
14240.00 27.93
14250.00 27.94
14260.00 27.95
14270.00 27.96
14280.00 27.96
14290.00 27.97
14300.00 27.98
14310.00 27.99
14320.00 28.00
14330.00 28.01
14340.00 28.01
14350.00 28.02
14360.00 28.03
14370.00 28.04
14380.00 28.05
14390.00 28.06
14400.00 28.06
14410.00 28.07
14420.00 28.08
14430.00 28.09
14440.00 28.10
14450.00 28.10
14460.00 28.61
14470.00 29.12
14480.00 29.73
14490.00 30.14
14500.00 30.34
14510.00 30.25
14520.00 28.16
14530.00 28.17
14540.00 28.18
14550.00 28.18
14560.00 28.19
14570.00 28.20
14580.00 28.21
14590.00 28.22
14600.00 28.22
14610.00 28.23
14620.00 28.24
14630.00 28.25
14640.00 28.26
14650.00 28.26
14660.00 28.27
14670.00 28.28
14680.00 28.29
14690.00 28.59
14700.00 33.60
14709.99 37.81
14719.99 43.12
14729.98 49.43
14739.98 49.43
14749.98 49.44
14759.98 49.75
14769.98 49.46
14779.98 50.66
14789.98 53.37
14799.98 56.08
14809.98 57.79
14819.98 59.39
14829.98 59.40
14839.98 59.41
14849.98 60.32
14859.98 60.82
14869.98 59.73
14879.98 56.64
14889.99 48.35
14899.99 42.65
14909.99 38.96
14919.99 37.77
14930.00 34.08
14940.00 30.98
14950.00 29.19
14960.00 28.50
14970.00 28.51
14980.00 28.51
14990.00 28.52
15000.00 29.43
15010.00 29.53
15020.00 29.54
15030.00 30.55
15040.00 30.66
15050.00 29.56
15060.00 28.57
15070.00 28.58
15080.00 28.58
15090.00 28.59
15100.00 28.60
15110.00 28.61
15120.00 28.61
15130.00 29.62
15140.00 30.63
15150.00 30.63
15160.00 30.44
15170.00 29.15
15180.00 28.66
15190.00 28.66
15200.00 28.67
15210.00 28.68
15220.00 28.68
15230.00 28.69
15240.00 28.70
15250.00 28.70
15260.00 28.71
15270.00 28.72
15280.00 28.72
15290.00 28.73
15300.00 28.94
15310.00 29.84
15320.00 29.75
15330.00 30.86
15340.00 35.47
15349.99 37.77
15359.99 43.28
15369.99 49.59
15379.98 52.29
15389.98 54.60
15399.98 57.91
15409.98 61.11
15419.98 65.32
15429.97 68.83
15439.97 71.73
15449.97 74.14
15459.97 75.84
15469.97 77.45
15479.97 77.86
15489.97 79.96
15499.97 79.97
15509.97 79.98
15519.97 77.88
15529.97 77.89
15539.97 77.90
15549.97 77.90
15559.97 81.21
15569.96 85.52
15579.96 87.82
15589.96 88.43
15599.96 88.63
15609.96 88.34
15619.96 87.95
15629.96 87.05
15639.96 86.56
15649.96 85.77
15659.96 85.57
15669.97 84.68
15679.97 82.58
15689.97 80.69
15699.97 80.10
15709.97 80.10
15719.97 80.11
15729.97 77.42
15739.97 76.32
15749.97 71.73
15759.98 68.03
15769.98 68.44
15779.98 67.25
15789.98 65.25
15799.98 62.96
15809.98 60.96
15819.98 59.57
15829.98 58.08
15839.98 57.68
15849.98 57.19
15859.98 57.59
15869.98 58.10
15879.98 58.11
15889.98 58.11
15899.98 58.12
15909.98 59.92
15919.98 62.13
15929.98 64.43
15939.98 66.94
15949.98 68.45
15959.98 69.15
15969.98 68.16
15979.98 68.16
15989.98 68.37
15999.98 69.07
16009.98 70.18
16019.98 70.19
16029.98 68.19
16039.98 68.80
16049.98 68.50
16059.98 68.11
16069.98 68.21
16079.98 68.42
16089.98 67.93
16099.98 64.83
16109.98 64.64
16119.98 64.24
16129.98 62.15
16139.98 61.95
16149.98 61.96
16159.98 62.16
16169.98 62.77
16179.98 63.47
16189.98 64.38
16199.98 65.99
16209.98 67.49
16219.98 69.00
16229.98 70.70
16239.98 74.71
16249.97 78.61
16259.97 81.52
16269.97 84.02
16279.97 86.73
16289.97 88.83
16299.97 91.04
16309.97 93.94
16319.96 96.95
16329.96 98.85
16339.96 100.36
16349.96 100.36
16359.96 99.07
16369.97 95.87
16379.97 91.38
16389.97 89.38
16399.97 88.39
16409.97 88.40
16419.97 90.40
16429.97 90.41
16439.97 87.71
16449.97 85.52
16459.97 83.22
16469.97 80.83
16479.98 78.33
16489.98 75.83
16499.98 73.14
16509.98 70.94
16519.98 68.45
16529.98 68.45
16539.98 67.86
16549.98 67.36
16559.98 65.67
16569.98 64.97
16579.98 64.38
16589.98 63.98
16599.98 63.79
16609.98 63.49
16619.98 64.10
16629.98 64.60
16639.98 65.01
16649.98 65.91
16659.98 67.12
16669.98 68.22
16679.98 69.13
16689.98 68.53
16699.98 70.53
16709.98 70.54
16719.98 68.54
16729.98 68.55
16739.98 68.55
16749.98 68.56
16759.98 68.56
16769.98 67.47
16779.98 63.57
16789.99 60.58
16799.99 58.58
16809.99 57.98
16819.99 56.19
16829.99 54.59
16839.99 53.00
16849.99 51.50
16859.99 50.41
16869.99 49.71
16879.99 48.62
16889.99 48.62
16899.99 48.62
16909.99 48.63
16919.99 48.63
16929.99 48.64
16939.99 48.64
16949.99 48.64
16959.99 48.65
16969.99 47.65
16979.99 47.66
16989.99 48.66
16999.99 54.37
17009.99 58.47
17019.99 60.67
17029.99 60.68
17039.99 60.98
17049.99 61.49
17059.99 62.09
17069.99 62.59
17079.99 63.10
17089.99 63.60
17099.99 64.01
17109.99 64.31
17119.99 64.71
17129.99 65.12
17139.99 64.82
17149.99 65.03
17159.99 65.23
17169.99 67.63
17179.99 68.34
17189.99 68.94
17199.98 69.24
17209.99 68.15
17219.99 64.35
17229.99 61.36
17239.99 59.06
17249.99 55.86
17259.99 55.37
17269.99 56.47
17279.99 55.67
17289.99 56.08
17299.99 56.68
17309.99 57.29
17319.99 58.59
17329.99 61.69
17339.99 67.30
17349.99 69.80
17359.99 70.80
17369.99 69.41
17379.99 66.91
17389.99 64.31
17399.99 66.02
17409.99 69.02
17419.99 72.03
17429.99 68.03
17439.99 68.83
17449.99 72.54
17459.98 76.24
17469.98 77.54
17479.98 77.15
17489.98 76.85
17499.98 76.55
17509.98 76.26
17519.99 74.96
17529.99 72.66
17539.99 71.57
17549.99 69.97
17559.99 67.47
17569.99 61.08
17579.99 55.78
17589.99 49.68
17600.00 36.68
17610.00 32.69
17620.00 33.09
17630.00 31.49
17640.00 30.90
17650.00 29.90
17660.00 29.90
17670.00 29.91
17680.00 29.91
17690.00 29.91
17700.00 29.92
17710.00 29.92
17720.00 29.92
17730.00 29.92
17740.00 29.93
17750.00 29.93
17760.00 29.93
17770.00 29.94
17780.00 29.94
17790.00 29.94
17800.00 29.95
17810.00 29.95
17820.00 29.95
17830.00 29.95
17840.00 29.96
17850.00 29.96
17860.00 29.96
17870.00 29.97
17880.00 29.97
17890.00 29.97
17900.00 29.97
17910.00 29.98
17920.00 29.98
17930.00 29.98
17940.00 29.98
17950.00 29.99
17960.00 29.99
17970.00 29.99
17980.00 29.99
17990.00 30.00
18000.00 30.00
18010.00 30.00
18020.00 30.00
18030.00 30.01
18040.00 30.01
18050.00 30.01
18060.00 30.01
18070.00 30.02
18080.00 30.02
18090.00 30.02
18100.00 30.02
18110.00 30.03
18120.00 30.03
18130.00 30.03
18140.00 30.03
18150.00 30.04
18160.00 30.04
18170.00 30.34
18180.00 31.04
18190.00 32.85
18200.00 37.35
18210.00 39.15
18220.00 41.05
18230.00 40.05
18240.00 39.06
18250.00 39.06
18260.00 39.06
18270.00 39.06
18280.00 39.07
18290.00 41.07
18300.00 41.07
18310.00 38.27
18320.00 36.07
18330.00 34.28
18340.00 31.08
18350.00 31.08
18360.00 31.08
18370.00 32.08
18380.00 32.09
18390.00 31.49
18400.00 30.89
18410.00 30.09
18420.00 30.09
18430.00 30.09
18440.00 30.10
18450.00 30.10
18460.00 30.30
18470.00 31.10
18480.00 31.90
18490.00 32.31
18500.00 32.51
18510.00 32.51
18520.00 32.31
18530.00 32.11
18540.00 31.11
18550.00 31.12
18560.00 31.12
18570.00 31.12
18580.00 31.12
18590.00 31.12
18600.00 31.12
18610.00 31.13
18620.00 33.13
18630.00 33.13
18640.00 31.13
18650.00 31.93
18660.00 31.93
18670.00 31.94
18680.00 33.14
18690.00 33.14
18700.00 33.14
18710.00 33.14
18720.00 31.14
18730.00 31.14
18740.00 31.15
18750.00 31.15
18760.00 31.15
18770.00 31.15
18780.00 32.75
18790.00 33.15
18800.00 33.35
18810.00 35.76
18820.00 38.96
18830.00 43.56
18840.00 51.16
18850.00 51.16
18860.00 51.16
18870.00 51.56
18880.00 55.16
18890.00 55.16
18900.00 54.37
18910.00 52.57
18920.00 48.97
18930.00 38.97
18940.00 33.37
18950.00 30.37
18960.00 30.77
18970.00 31.57
18980.00 31.37
18990.00 30.58
19000.00 30.18
19010.00 30.18
19020.00 30.18
19030.00 30.18
19040.00 30.18
19050.00 30.18
19060.00 30.18
19070.00 30.18
19080.00 30.18
19090.00 30.19
19100.00 30.19
19110.00 30.19
19120.00 30.19
19130.00 30.39
19140.00 30.59
19150.00 30.19
19160.00 30.19
19170.00 30.19
19180.00 30.19
19190.00 30.19
19200.00 30.19
19210.00 30.19
19220.00 30.19
19230.00 30.20
19240.00 30.20
19250.00 30.20
19260.00 30.20
19270.00 30.20
19280.00 30.20
19290.00 30.20
19300.00 30.20
19310.00 30.20
19320.00 30.20
19330.00 30.20
19340.00 30.20
19350.00 30.20
19360.00 30.20
19370.00 30.20
19380.00 30.20
19390.00 30.20
19400.00 30.20
19410.00 30.20
19420.00 30.20
19430.00 30.20
19440.00 30.21
19450.00 30.21
19460.00 30.21
19470.00 30.21
19480.00 30.21
19490.00 30.21
19500.00 30.21
19510.00 30.21
19520.00 30.21
19530.00 30.21
19540.00 30.21
19550.00 30.21
19560.00 30.21
19570.00 30.21
19580.00 30.21
19590.00 30.21
19600.00 30.21
19610.00 30.21
19620.00 30.21
19630.00 30.21
19640.00 30.21
19650.00 30.21
19660.00 30.21
19670.00 30.21
19680.00 30.21
19690.00 30.21
19700.00 30.21
19710.00 30.21
19720.00 30.21
19730.00 30.21
19740.00 30.21
19750.00 30.21
19760.00 30.21
19770.00 30.21
19780.00 30.21
19790.00 30.21
19800.00 30.21
19810.00 30.21
19820.00 30.21
19830.00 30.20
19840.00 30.20
19850.00 30.20
19860.00 30.20
19870.00 30.20
19880.00 30.20
19890.00 30.20
19900.00 30.20
19910.00 30.20
19920.00 30.20
19930.00 30.20
19940.00 30.20
19950.00 30.20
19960.00 30.20
19970.00 30.20
19980.00 30.20
19990.00 30.20
20000.00 30.20
20010.00 30.20
20020.00 30.20
20030.00 30.20
20040.00 30.19
20050.00 30.19
20060.00 30.19
20070.00 30.19
20080.00 30.19
20090.00 30.19
20100.00 30.19
20110.00 30.19
20120.00 30.19
20130.00 30.19
20140.00 30.19
20150.00 30.19
20160.00 30.19
20170.00 30.19
20180.00 30.18
20190.00 30.18
20200.00 30.18
20210.00 30.18
20220.00 30.18
20230.00 30.18
20240.00 30.18
20250.00 30.18
20260.00 30.18
20270.00 30.18
20280.00 30.17
20290.00 30.17
20300.00 30.17
20310.00 30.17
20320.00 30.17
20330.00 30.17
20340.00 30.17
20350.00 30.17
20360.00 31.17
20370.00 32.16
20380.00 31.96
20390.00 32.16
20400.00 31.96
20410.00 32.16
20420.00 32.16
20430.00 32.16
20440.00 32.16
20450.00 32.36
20460.00 32.15
20470.00 32.15
20480.00 31.95
20490.00 31.35
20500.00 30.75
20510.00 30.15
20520.00 30.15
20530.00 30.14
20540.00 30.14
20550.00 30.14
20560.00 30.14
20570.00 30.14
20580.00 30.14
20590.00 30.14
20600.00 30.13
20610.00 30.13
20620.00 30.13
20630.00 30.13
20640.00 30.13
20650.00 30.13
20660.00 30.12
20670.00 30.12
20680.00 30.12
20690.00 30.12
20700.00 30.12
20710.00 30.12
20720.00 30.11
20730.00 30.11
20740.00 30.11
20750.00 30.11
20760.00 30.11
20770.00 30.11
20780.00 30.10
20790.00 30.10
20800.00 30.10
20810.00 30.10
20820.00 30.10
20830.00 30.09
20840.00 30.09
20850.00 30.09
20860.00 30.09
20870.00 30.09
20880.00 30.09
20890.00 30.08
20900.00 30.08
20910.00 30.08
20920.00 30.88
20930.00 30.88
20940.00 30.27
20950.00 30.07
20960.00 30.07
20970.00 30.07
20980.00 30.07
20990.00 30.06
21000.00 30.06
21010.00 30.06
21020.00 30.06
21030.00 30.05
21040.00 30.05
21050.00 30.05
21060.00 30.05
21070.00 30.05
21080.00 30.04
21090.00 30.04
21100.00 30.04
21110.00 30.04
21120.00 30.03
21130.00 30.03
21140.00 30.03
21150.00 30.03
21160.00 30.02
21170.00 30.02
21180.00 30.02
21190.00 30.02
21200.00 30.01
21210.00 30.01
21220.00 30.01
21230.00 30.01
21240.00 30.00
21250.00 30.00
21260.00 30.00
21270.00 30.00
21280.00 29.99
21290.00 29.99
21300.00 29.99
21310.00 29.99
21320.00 29.98
21330.00 29.98
21340.00 29.98
21350.00 29.98
21360.00 29.97
21370.00 29.97
21380.00 29.97
21390.00 29.97
21400.00 29.96
21410.00 29.96
21420.00 29.96
21430.00 29.95
21440.00 29.95
21450.00 29.95
21460.00 29.95
21470.00 29.94
21480.00 29.94
21490.00 29.94
21500.00 29.93
21510.00 29.93
21520.00 29.93
21530.00 29.92
21540.00 29.92
21550.00 29.92
21560.00 29.92
21570.00 29.91
21580.00 29.91
21590.00 29.91
21600.00 29.90
21610.00 29.90
21620.00 29.90
21630.00 29.89
21640.00 29.89
21650.00 29.89
21660.00 29.88
21670.00 29.88
21680.00 29.88
21690.00 29.88
21700.00 29.87
21710.00 29.87
21720.00 29.87
21730.00 29.86
21740.00 29.86
21750.00 29.86
21760.00 29.85
21770.00 29.85
21780.00 29.85
21790.00 29.84
21800.00 29.84
21810.00 29.84
21820.00 29.83
21830.00 29.83
21840.00 29.83
21850.00 29.82
21860.00 29.82
21870.00 29.81
21880.00 29.81
21890.00 29.81
21900.00 29.80
21910.00 29.80
21920.00 29.80
21930.00 29.79
21940.00 29.79
21950.00 29.79
21960.00 29.78
21970.00 29.78
21980.00 29.77
21990.00 29.77
22000.00 29.77
22010.00 29.76
22020.00 29.76
22030.00 29.76
22040.00 29.75
22050.00 29.75
22060.00 29.74
22070.00 29.74
22080.00 29.74
22090.00 29.73
22100.00 29.73
22110.00 29.73
22120.00 29.72
22130.00 29.72
22140.00 29.71
22150.00 29.71
22160.00 29.71
22170.00 29.70
22180.00 29.70
22190.00 29.69
22200.00 29.69
22210.00 29.69
22220.00 29.68
22230.00 29.68
22240.00 29.67
22250.00 29.67
22260.00 29.67
22270.00 29.66
22280.00 29.66
22290.00 29.65
22300.00 29.65
22310.00 29.64
22320.00 29.64
22330.00 29.64
22340.00 29.63
22350.00 29.63
22360.00 29.62
22370.00 29.62
22380.00 29.62
22390.00 29.61
22400.00 29.61
22410.00 29.60
22420.00 29.60
22430.00 29.59
22440.00 29.59
22450.00 29.58
22460.00 29.58
22470.00 29.58
22480.00 29.57
22490.00 29.57
22500.00 29.56
22510.00 29.56
22520.00 29.55
22530.00 29.55
22540.00 29.54
22550.00 29.54
22560.00 29.53
22570.00 29.53
22580.00 29.53
22590.00 29.52
22600.00 29.52
22610.00 29.51
22620.00 29.51
22630.00 29.50
22640.00 29.50
22650.00 29.49
22660.00 29.49
22670.00 29.48
22680.00 29.48
22690.00 29.47
22700.00 29.47
22710.00 29.46
22720.00 29.46
22730.00 29.45
22740.00 29.45
22750.00 29.44
22760.00 29.44
22770.00 29.43
22780.00 29.43
22790.00 29.43
22800.00 29.42
22810.00 29.42
22820.00 29.41
22830.00 29.41
22840.00 29.40
22850.00 29.40
22860.00 29.39
22870.00 29.38
22880.00 29.38
22890.00 29.37
22900.00 29.37
22910.00 29.36
22920.00 29.36
22930.00 29.35
22940.00 29.35
22950.00 29.34
22960.00 29.34
22970.00 29.33
22980.00 29.33
22990.00 29.32
23000.00 29.32
23010.00 29.31
23020.00 29.31
23030.00 29.30
23040.00 29.30
23050.00 29.29
23060.00 29.29
23070.00 29.28
23080.00 29.27
23090.00 29.27
23100.00 29.26
23110.00 29.26
23120.00 29.25
23130.00 29.25
23140.00 29.24
23150.00 29.24
23160.00 29.23
23170.00 29.23
23180.00 29.22
23190.00 29.21
23200.00 29.21
23210.00 29.20
23220.00 29.20
23230.00 29.19
23240.00 29.19
23250.00 29.18
23260.00 29.17
23270.00 29.17
23280.00 29.16
23290.00 29.16
23300.00 29.15
23310.00 29.15
23320.00 29.14
23330.00 29.13
23340.00 29.13
23350.00 29.12
23360.00 29.12
23370.00 29.11
23380.00 29.11
23390.00 29.10
23400.00 29.09
23410.00 29.09
23420.00 29.08
23430.00 29.08
23440.00 29.07
23450.00 29.06
23460.00 29.06
23470.00 29.05
23480.00 29.05
23490.00 29.04
23500.00 29.03
23510.00 29.03
23520.00 29.02
23530.00 29.02
23540.00 29.01
23550.00 29.00
23560.00 29.00
23570.00 28.99
23580.00 28.98
23590.00 28.98
23600.00 28.97
23610.00 28.97
23620.00 28.96
23630.00 28.95
23640.00 28.95
23650.00 28.94
23660.00 28.93
23670.00 28.93
23680.00 28.92
23690.00 28.92
23700.00 28.91
23710.00 28.90
23720.00 28.90
23730.00 28.89
23740.00 28.88
23750.00 28.88
23760.00 28.87
23770.00 28.86
23780.00 28.86
23790.00 28.85
23800.00 28.84
23810.00 28.84
23820.00 28.83
23830.00 28.83
23840.00 28.82
23850.00 28.81
23860.00 28.81
23870.00 28.80
23880.00 28.79
23890.00 28.79
23900.00 28.78
23910.00 28.77
23920.00 28.77
23930.00 28.76
23940.00 28.75
23950.00 28.74
23960.00 28.74
23970.00 28.73
23980.00 28.72
23990.00 28.72
24000.00 28.71
24010.00 28.70
24020.00 28.70
24030.00 28.69
24040.00 28.68
24050.00 28.68
24060.00 28.67
24070.00 28.66
24080.00 28.66
24090.00 28.65
24100.00 28.64
24110.00 28.63
24120.00 28.63
24130.00 28.62
24140.00 28.61
24150.00 28.61
24160.00 28.60
24170.00 28.59
24180.00 28.58
24190.00 28.58
24200.00 28.57
24210.00 28.56
24220.00 28.56
24230.00 28.55
24240.00 28.54
24250.00 28.53
24260.00 28.53
24270.00 28.52
24280.00 28.51
24290.00 28.51
24300.00 28.50
24310.00 28.49
24320.00 28.48
24330.00 28.48
24340.00 28.47
24350.00 28.46
24360.00 28.45
24370.00 28.45
24380.00 28.44
24390.00 28.43
24400.00 28.42
24410.00 28.42
24420.00 28.41
24430.00 28.40
24440.00 28.39
24450.00 28.39
24460.00 28.38
24470.00 28.37
24480.00 28.36
24490.00 28.36
24500.00 28.35
24510.00 28.34
24520.00 28.33
24530.00 28.33
24540.00 28.32
24550.00 28.31
24560.00 28.30
24570.00 28.29
24580.00 28.29
24590.00 28.28
24600.00 28.27
24610.00 28.26
24620.00 28.26
24630.00 28.25
24640.00 28.24
24650.00 28.23
24660.00 28.22
24670.00 28.22
24680.00 28.21
24690.00 28.20
24700.00 28.19
24710.00 28.18
24720.00 28.18
24730.00 28.17
24740.00 28.16
24750.00 28.15
24760.00 29.24
24770.00 31.04
24780.00 31.03
24790.00 33.72
24800.01 36.01
24810.01 39.20
24820.01 45.10
24830.02 49.09
24840.02 51.88
24850.02 56.77
24860.03 65.86
24870.04 73.16
24880.04 79.45
24890.05 88.54
24900.06 96.63
24910.06 100.72
24920.06 104.31
24930.07 106.61
24940.07 108.90
24950.07 108.89
24960.07 108.88
24970.07 106.57
24980.06 103.86
24990.06 102.96
25000.06 102.05
25010.06 98.84
25020.06 100.23
25030.06 102.42
25040.07 106.51
25050.07 115.60
25060.08 118.30
25070.08 121.49
25080.08 123.68
25090.08 125.07
25100.09 127.76
25110.09 127.75
25120.09 127.75
25130.09 127.74
25140.08 125.03
25150.08 121.82
25160.08 119.61
25170.08 117.70
25180.08 117.69
25190.08 117.68
25200.08 116.78
25210.08 116.77
25220.08 116.76
25230.08 116.75
25240.08 118.14
25250.08 119.53
25260.08 120.42
25270.08 120.81
25280.08 121.31
25290.09 124.40
25300.09 126.29
25310.09 127.18
25320.09 127.57
25330.09 131.16
25340.09 133.45
25350.10 135.74
25360.10 137.03
25370.10 137.92
25380.10 138.42
25390.10 140.71
25400.10 141.60
25410.10 142.49
25420.11 143.38
25430.11 144.27
25440.11 145.16
25450.11 146.05
25460.11 145.64
25470.11 146.93
25480.11 151.03
25490.11 152.42
25500.11 152.41
25510.12 152.40
25520.11 151.89
25530.12 151.88
25540.12 152.37
25550.12 154.16
25560.12 155.45
25570.12 157.24
25580.12 160.03
25590.13 163.62
25600.13 167.71
25610.13 169.50
25620.14 172.20
25630.14 172.69
25640.14 173.08
25650.14 173.97
25660.14 175.36
25670.14 176.25
25680.14 177.54
25690.14 178.43
25700.14 179.42
25710.15 179.81
25720.15 180.30
25730.15 180.29
25740.15 180.68
25750.15 182.07
25760.15 185.66
25770.15 186.55
25780.16 188.34
25790.16 188.33
25800.16 188.82
25810.16 189.71
25820.16 189.20
25830.16 187.89
25840.16 187.88
25850.16 186.47
25860.16 186.47
25870.16 186.06
25880.15 185.05
25890.15 184.14
25900.15 184.13
25910.16 187.32
25920.16 188.21
25930.16 189.10
25940.16 190.49
25950.16 191.38
25960.16 192.27
25970.16 192.26
25980.16 192.25
25990.16 192.24
26000.17 193.13
26010.17 193.12
26020.17 193.61
26030.17 194.90
26040.17 195.79
26050.17 199.48
26060.17 199.47
26070.18 202.16
26080.18 204.85
26090.18 207.04
26100.18 208.93
26110.18 208.92
26120.18 207.01
26130.18 206.20
26140.18 207.99
26150.19 212.98
26160.19 216.07
26170.20 218.75
26180.20 221.54
26190.20 221.93
26200.21 229.62
26210.21 231.01
26220.21 231.90
26230.21 230.49
26240.21 229.18
26250.21 230.07
26260.21 229.16
26270.21 225.05
26280.21 224.14
26290.21 224.53
26300.21 223.22
26310.20 220.01
26320.20 218.20
26330.20 217.29
26340.21 221.78
26350.20 220.87
26360.20 220.86
26370.21 220.85
26380.21 221.34
26390.21 221.33
26400.21 220.81
26410.21 220.40
26420.20 218.09
26430.20 218.08
26440.21 219.87
26450.21 221.66
26460.21 223.05
26470.21 223.44
26480.22 234.83
26490.23 235.72
26500.23 235.71
26510.22 233.00
26520.22 230.19
26530.22 227.08
26540.22 226.56
26550.22 226.55
26560.22 226.54
26570.22 227.93
26580.22 229.72
26590.22 231.91
26600.23 234.70
26610.23 238.29
26620.23 240.58
26630.24 247.37
26640.24 249.16
26650.25 251.84
26660.25 255.03
26670.26 259.02
26680.26 261.81
26690.26 263.60
26700.27 268.59
26710.27 271.68
26720.27 272.57
26730.27 269.46
26740.27 266.24
26750.26 262.63
26760.26 257.12
26770.26 256.21
26780.25 250.30
26790.25 247.19
26800.25 245.28
26810.24 243.07
26820.24 238.06
26830.24 236.24
26840.24 236.63
26850.24 236.22
26860.24 236.21
26870.24 238.90
26880.25 242.49
26890.25 243.38
26900.25 242.96
26910.25 247.05
26920.25 246.14
26930.25 246.13
26940.25 246.52
26950.25 247.41
26960.25 246.10
26970.25 242.88
26980.25 239.27
26990.24 236.06
27000.24 234.25
27010.24 232.84
27020.24 231.43
27030.24 230.11
27040.24 228.30
27050.23 225.09
27060.23 224.18
27070.23 219.17
27080.22 214.16
27090.21 206.45
27100.21 203.73
27110.21 203.72
27120.21 203.71
27130.21 203.70
27140.21 203.69
27150.21 203.67
27160.21 204.56
27170.21 205.05
27180.21 205.84
27190.21 206.33
27200.22 208.62
27210.22 209.00
27220.22 209.89
27230.22 208.98
27240.22 207.17
27250.21 204.96
27260.21 203.94
27270.21 203.03
27280.21 203.02
27290.21 203.01
27300.21 203.00
27310.21 202.08
27320.21 200.77
27330.21 199.86
27340.21 199.85
27350.21 201.64
27360.21 199.32
27370.21 196.11
27380.20 193.00
27390.20 188.89
27400.20 186.57
27410.20 185.66
27420.19 182.05
27430.19 177.94
27440.18 174.33
27450.18 171.51
27460.18 169.70
27470.17 166.99
27480.17 163.88
27490.17 162.46
27500.16 158.85
27510.16 155.64
27520.16 151.53
27530.15 146.12
27540.15 144.30
27550.15 143.39
27560.14 141.08
27570.14 139.27
27580.14 137.85
27590.14 135.54
27600.13 132.83
27610.13 129.62
27620.13 125.60
27630.12 122.79
27640.12 117.38
27650.11 111.07
27660.10 105.15
27670.10 101.94
27680.09 98.73
27690.09 95.52
27700.09 92.40
27710.08 89.69
27720.08 86.88
27730.07 83.26
27740.06 75.55
27750.06 71.94
27760.05 67.83
27770.05 65.11
27780.05 64.20
27790.05 64.19
27800.05 64.18
27810.05 64.16
27820.05 65.05
27830.05 65.04
27840.05 65.42
27850.05 66.81
27860.06 68.60
27870.06 70.39
27880.06 72.17
27890.06 73.56
27900.06 74.45
27910.07 75.83
27920.07 75.82
27930.07 75.81
27940.07 75.79
27950.07 75.78
27960.07 75.77
27970.07 75.76
27980.07 74.74
27990.07 74.33
28000.07 74.32
28010.07 74.30
28020.06 73.79
28030.06 73.38
28040.06 72.46
28050.06 72.85
28060.06 72.44
28070.06 72.82
28080.06 72.81
28090.06 72.80
28100.07 76.88
28110.08 81.87
28120.08 86.36
28130.09 90.44
28140.09 94.53
28150.09 95.42
28160.09 93.60
28170.09 93.59
28180.09 93.58
28190.09 93.56
28200.09 93.55
28210.09 93.54
28220.09 93.52
28230.09 93.21
28240.09 92.90
28250.09 92.88
28260.09 92.77
28270.09 91.06
28280.09 90.44
28290.09 87.53
28300.08 86.42
28310.08 85.20
28320.08 83.99
28330.08 85.17
28340.08 81.66
28350.07 74.75
28360.06 67.13
28370.05 61.92
28380.05 57.31
28390.04 53.19
28400.04 49.68
28410.03 46.26
28420.03 42.75
28430.03 42.74
28440.03 43.92
28450.03 46.21
28460.03 48.50
28470.03 49.08
28480.03 49.07
28490.03 48.45
28500.03 46.74
28510.04 50.73
28520.04 54.21
28530.04 55.30
28540.04 55.88
28550.04 55.27
28560.04 54.16
28570.04 48.94
28580.03 43.13
28590.02 40.21
28600.02 40.80
28610.03 45.39
28620.03 45.97
28630.03 44.76
28640.02 41.24
28650.02 36.63
28660.02 34.92
28670.01 32.60
28680.01 31.99
28690.01 31.97
28700.01 32.56
28710.01 31.94
28720.02 35.93
28730.02 40.02
28740.03 43.50
28750.03 46.39
28760.04 49.77
28770.04 53.86
28780.05 56.14
28790.05 58.43
28800.06 61.92
28810.06 64.80
28820.06 64.79
28830.06 64.77
28840.05 58.36
28850.04 53.14
28860.04 49.63
28870.03 46.21
28880.03 46.20
28890.04 48.99
28900.05 55.97
28910.06 62.36
28920.07 71.54
28930.06 64.63
28940.06 61.11
28950.05 58.20
28960.05 54.68
28970.04 49.47
28980.03 44.25
28990.03 40.74
29000.02 38.43
29010.02 37.81
29020.02 36.70
29030.02 35.48
29040.02 34.37
29050.01 33.15
29060.01 32.04
29070.01 29.12
29080.01 29.11
29090.01 26.69
29100.01 26.68
29110.00 26.16
29120.01 27.25
29130.01 27.83
29140.01 29.02
29150.01 30.10
29160.01 30.69
29170.01 31.87
29180.01 31.86
29190.01 31.84
29200.01 30.63
29210.01 28.91
29220.01 28.30
29230.01 27.08
29240.01 27.07
29250.01 27.05
29260.01 27.04
29270.01 27.62
29280.01 28.21
29290.01 29.29
29300.01 30.48
29310.02 32.76
29320.02 39.15
29330.04 48.33
29340.05 54.72
29350.05 54.10
29360.03 45.49
29370.03 42.57
29380.03 41.96
29390.03 39.64
29400.02 38.42
29410.03 40.11
29420.03 44.79
29430.04 50.58
29440.05 56.36
29450.06 62.65
29460.07 70.73
29470.09 78.32
29480.09 83.50
29490.10 85.19
29500.10 87.47
29510.11 90.36
29520.11 93.84
29530.11 93.82
29540.11 95.01
29550.11 94.39
29560.11 93.78
29570.11 91.46
29580.10 89.15
29590.10 83.33
29600.09 77.52
29610.08 72.30
29620.07 69.38
29630.07 67.07
29640.07 64.15
29650.06 58.94
29660.05 54.22
29670.05 55.41
29680.06 57.69
29690.06 60.57
29700.06 61.16
29710.07 63.44
29720.07 63.43
29730.07 63.41
29740.07 63.40
29750.06 62.18
29760.07 65.66
29770.08 71.45
29780.09 79.53
29790.10 83.02
29800.11 88.80
29810.12 95.18
29820.13 103.27
29830.13 103.25
29840.13 103.24
29850.13 100.92
29860.12 94.50
29870.11 89.79
29880.10 86.87
29890.10 85.76
29900.11 89.74
29910.11 90.92
29920.12 93.21
29930.12 93.19
29940.12 93.17
29950.12 93.16
29960.12 93.14
29970.11 90.83
29980.11 89.61
29990.11 89.09
30000.11 87.28
30010.10 84.36
30020.10 80.95
30030.09 78.03
30040.09 76.21
30050.09 75.10
30060.08 73.28
30070.08 70.36
30080.08 67.45
30090.07 64.53
30100.06 61.11
30110.06 57.00
30120.05 51.78
30130.04 46.56
30140.03 41.85
30150.03 37.83
30160.02 34.32
30170.02 31.40
30180.01 30.28
30190.01 30.27
30200.01 30.25
30210.01 30.23
30220.01 30.22
30230.01 30.20
30240.01 30.18
30250.01 30.17
30260.01 30.15
30270.01 30.13
30280.01 30.12
30290.01 30.10
30300.02 31.78
30310.02 32.87
30320.02 35.25
30330.03 36.93
30340.03 38.62
30350.03 39.80
30360.03 40.38
30370.04 42.07
30380.04 42.05
30390.04 42.03
30400.04 42.01
30410.03 40.90
30420.03 40.28
30430.03 38.46
30440.03 36.75
30450.03 36.13
30460.02 35.01
30470.02 33.20
30480.02 32.58
30490.02 31.46
30500.02 30.85
30510.02 29.73
30520.02 29.71
30530.02 29.69
30540.02 29.68
30550.02 30.76
30560.02 31.94
30570.02 33.03
30580.02 33.61
30590.02 33.59
30600.02 32.97
30610.02 32.96
30620.02 34.14
30630.03 37.02
30640.04 44.51
30650.06 53.79
30660.07 59.57
30670.08 64.15
30680.08 67.64
30690.09 75.12
30700.10 80.30
30710.11 83.78
30720.11 86.67
30730.12 88.95
30740.12 90.73
30750.12 91.81
30760.12 91.20
30770.12 91.78
30780.12 91.76
30790.12 91.74
30800.12 91.73
30810.12 91.71
30820.13 91.69
30830.12 89.37
30840.12 88.76
30850.12 87.04
30860.12 85.82
30870.11 84.70
30880.12 86.99
30890.12 89.27
30900.12 90.45
30910.12 89.23
30920.12 89.22
30930.12 89.20
30940.12 90.38
30950.13 91.46
30960.12 86.24
30970.11 81.63
30980.10 78.11
30990.10 76.89
31000.10 78.07
31010.10 78.66
31020.11 82.14
31030.12 88.42
31040.13 92.50
31050.13 90.18
31060.11 82.07
31070.10 77.95
31080.09 71.53
31090.09 69.21
31100.08 64.59
31110.08 62.18
31120.08 61.66
31130.07 60.44
31140.08 65.12
31150.09 70.80
31160.09 70.29
31170.09 70.77
31180.09 70.25
31190.09 70.23
31200.09 70.71
31210.09 69.60
31220.09 69.58
31230.09 68.36
31240.09 68.34
31250.09 67.72
31260.09 67.70
31270.09 68.29
31280.09 68.27
31290.09 67.65
31300.08 64.23
31310.08 61.81
31320.08 60.69
31330.08 60.68
31340.07 60.06
31350.07 58.94
31360.07 57.12
31370.06 52.50
31380.06 50.68
31390.06 49.57
31400.05 48.35
31410.05 47.23
31420.05 47.21
31430.06 49.49
31440.07 54.67
31450.07 58.16
31460.07 59.24
31470.09 65.02
31480.09 70.20
31490.10 75.48
31500.11 80.06
31510.12 84.04
31520.13 86.43
31530.13 88.11
31540.13 90.39
31550.13 90.37
31560.13 90.35
31570.13 90.33
31580.13 90.31
31590.13 90.29
31600.13 87.98
31610.13 87.96
31620.13 87.94
31630.13 87.92
31640.13 87.90
31650.13 87.88
31660.13 86.66
31670.13 86.64
31680.13 87.82
31690.13 87.81
31700.14 91.29
31710.14 93.57
31720.15 95.85
31730.15 96.43
31740.15 97.61
31750.15 95.79
31760.15 96.97
31770.15 99.85
31780.16 102.74
31790.17 107.32
31800.19 117.20
31810.20 122.38
31820.21 128.66
31830.22 131.04
31840.22 131.52
31850.22 132.10
31860.22 132.68
31870.22 131.46
31880.21 129.14
31890.21 129.72
31900.22 134.31
31910.23 137.79
31920.23 137.17
31930.23 136.05
31940.23 136.03
31950.23 139.41
31960.24 140.59
31970.24 140.57
31980.23 139.35
31990.23 138.23
32000.22 130.71
32010.21 124.89
32020.20 120.17
32030.19 116.15
32040.18 111.43
32050.17 106.82
32060.17 103.30
32070.16 101.58
32080.16 99.26
32090.15 95.14
32100.14 88.72
32110.13 83.50
32120.12 78.28
32130.11 74.76
32140.10 71.34
32150.10 68.42
32160.09 66.00
32170.09 62.58
32180.08 60.16
32190.08 58.44
32200.08 59.02
32210.08 56.70
32220.08 56.68
32230.08 56.66
32240.08 56.04
32250.07 55.42
32260.07 55.40
32270.07 55.38
32280.07 55.36
32290.07 55.34
32300.07 55.32
32310.07 55.30
32320.08 55.28
32330.08 55.26
32340.08 56.44
32350.08 56.42
32360.08 59.30
32370.09 64.48
32380.11 74.26
32390.12 79.54
32400.13 82.92
32410.13 84.70
32420.14 85.78
32430.14 84.66
32440.12 78.24
32450.11 74.12
32460.11 71.20
32470.10 68.28
32480.10 65.96
32490.10 65.34
32500.10 65.92
32510.10 64.80
32520.10 67.68
32530.11 69.36
32540.10 67.64
32550.10 65.22
32560.09 61.80
32570.09 59.98
32580.09 60.56
32590.09 61.14
32600.09 61.12
32610.09 59.30
32620.08 57.58
32630.08 56.96
32640.08 56.94
32650.08 58.12
32660.09 61.60
32670.09 60.38
32680.09 58.66
32690.08 58.04
32700.08 57.42
32710.08 58.00
32720.08 57.98
32730.09 59.65
32740.09 60.83
32750.09 59.61
32760.09 58.49
32770.08 57.27
32780.08 56.65
32790.08 55.53
32800.08 55.51
32810.08 55.49
32820.08 55.47
32830.08 55.45
32840.08 55.43
32850.08 55.41
32860.08 55.39
32870.08 55.37
32880.08 55.34
32890.08 55.32
32900.08 55.30
32910.08 55.28
32920.08 55.26
32930.08 55.24
32940.08 55.22
32950.09 58.10
32960.08 55.18
32970.08 55.16
32980.08 54.54
32990.08 53.92
33000.08 53.89
33010.08 53.87
33020.08 53.85
33030.08 53.83
33040.08 53.81
33050.08 53.79
33060.08 53.77
33070.08 53.75
33080.08 53.73
33090.08 53.71
33100.08 53.68
33110.08 53.66
33120.08 53.64
33130.08 53.62
33140.08 53.60
33150.08 53.58
33160.08 53.56
33170.08 53.54
33180.08 53.51
33190.08 53.49
33200.08 53.47
33210.08 53.45
33220.08 53.43
33230.08 53.41
33240.08 53.39
33250.08 54.67
33260.08 54.64
33270.08 54.62
33280.08 54.60
33290.08 54.58
33300.08 54.56
33310.08 54.54
33320.08 54.52
33330.08 54.49
33340.08 54.47
33350.08 54.45
33360.08 54.43
33370.08 54.41
33380.08 54.39
33390.08 54.36
33400.08 54.34
33410.08 54.32
33420.08 54.30
33430.08 54.28
33440.08 54.26
33450.08 54.24
33460.08 54.21
33470.08 54.19
33480.08 54.17
33490.08 54.15
33500.08 54.13
33510.08 54.10
33520.08 54.08
33530.08 54.06
33540.09 54.04
33550.09 54.02
33560.09 54.00
33570.09 53.97
33580.09 53.95
33590.09 53.93
33600.09 53.91
33610.09 53.89
33620.09 53.86
33630.09 53.84
33640.09 53.82
33650.09 53.80
33660.09 53.78
33670.09 53.75
33680.09 53.73
33690.09 53.71
33700.09 53.69
33710.09 53.67
33720.09 53.64
33730.09 53.62
33740.09 53.60
33750.09 53.58
33760.09 53.56
33770.09 53.53
33780.09 53.51
33790.09 53.49
33800.09 53.47
33810.09 53.45
33820.09 53.42
33830.09 53.40
33840.09 53.38
33850.09 53.36
33860.09 53.33
33870.09 53.31
33880.09 53.29
33890.09 53.27
33900.09 53.24
33910.09 53.22
33920.09 53.20
33930.09 53.18
33940.09 53.15
33950.09 53.13
33960.09 53.11
33970.09 53.09
33980.09 53.06
33990.09 53.04
34000.09 53.02
34010.09 53.00
34020.09 52.97
34030.09 52.95
34040.09 52.93
34050.09 52.91
34060.09 52.88
34070.09 52.86
34080.09 52.84
34090.09 52.82
34100.09 52.79
34110.09 52.77
34120.09 52.75
34130.09 52.73
34140.09 52.70
34150.09 52.68
34160.09 52.66
34170.09 52.63
34180.09 52.61
34190.09 52.59
34200.09 52.57
34210.09 52.54
34220.09 52.52
34230.09 52.50
34240.09 52.47
34250.09 52.45
34260.09 52.43
34270.09 52.41
34280.09 52.38
34290.09 52.36
34300.09 52.34
34310.09 52.31
34320.09 52.29
34330.09 52.27
34340.09 52.24
34350.09 52.22
34360.09 52.20
34370.09 52.18
34380.09 52.15
34390.09 52.13
34400.09 52.11
34410.09 52.08
34420.09 52.06
34430.09 52.04
34440.09 52.01
34450.09 51.99
34460.09 51.97
34470.09 51.94
34480.09 51.92
34490.09 51.90
34500.09 51.87
34510.09 51.85
34520.09 51.83
34530.09 51.80
34540.09 51.78
34550.09 51.76
34560.09 51.73
34570.09 51.71
34580.09 51.69
34590.09 51.66
34600.09 51.64
34610.09 51.62
34620.09 51.59
34630.09 51.57
34640.09 51.55
34650.09 51.52
34660.09 51.50
34670.09 51.48
34680.09 51.45
34690.09 51.43
34700.09 51.40
34710.09 51.38
34720.09 51.36
34730.09 51.33
34740.09 51.31
34750.09 51.29
34760.09 51.26
34770.09 51.24
34780.09 51.21
34790.09 51.19
34800.09 51.17
34810.09 51.14
34820.09 51.12
34830.09 51.10
34840.09 51.07
34850.09 51.05
34860.09 51.02
34870.09 51.00
34880.09 50.98
34890.09 50.95
34900.09 50.93
34910.09 50.90
34920.09 50.88
34930.09 50.86
34940.09 50.83
34950.09 50.81
34960.09 50.78
34970.09 50.76
34980.09 50.74
34990.09 50.71
35000.09 50.69
35010.09 50.66
35020.09 50.64
35030.09 50.62
35040.09 50.59
35050.09 50.57
35060.09 50.54
35070.09 50.52
35080.09 50.50
35090.09 50.47
35100.09 50.45
35110.09 50.42
35120.09 50.40
35130.09 50.37
35140.09 50.35
35150.09 50.33
35160.09 50.30
35170.10 50.28
35180.10 50.25
35190.10 50.23
35200.10 50.20
35210.10 50.18
35220.10 50.15
35230.10 50.13
35240.10 50.11
35250.10 50.08
35260.10 50.06
35270.10 50.03
35280.10 50.01
35290.10 49.98
35300.10 49.96
35310.10 49.93
35320.10 49.91
35330.10 49.88
35340.10 49.86
35350.10 49.84
35360.10 49.81
35370.10 49.79
35380.10 52.06
35390.10 50.94
35400.10 52.01
35410.11 53.19
35420.11 54.86
35430.11 55.44
35440.11 56.61
35450.12 58.89
35460.12 60.56
35470.13 64.04
35480.15 69.21
35490.16 73.79
35500.16 76.06
35510.17 78.94
35520.18 80.71
35530.18 81.79
35540.18 81.76
35550.18 81.74
35560.18 81.71
35570.18 81.69
35580.18 83.96
35590.19 87.44
35600.21 92.11
35610.22 96.09
35620.22 98.36
35630.22 99.54
35640.23 101.21
35650.23 103.49
35660.23 102.36
35670.22 98.84
35680.21 92.41
35690.20 90.69
35700.20 90.06
35710.20 89.44
35720.20 90.61
35730.21 91.79
35740.21 94.06
35750.21 94.64
35760.21 92.21
35770.21 92.19
35780.21 93.96
35790.21 92.74
35800.20 88.11
35810.19 84.58
35820.19 83.36
35830.18 78.73
35840.18 78.71
35850.18 78.68
35860.18 78.66
35870.18 80.93
35880.18 80.91
35890.18 80.88
35900.18 79.76
35910.19 82.03
35920.19 83.70
35930.19 85.48
35940.20 86.55
35950.20 87.13
35960.20 85.90
35970.18 81.28
35980.18 79.55
35990.18 77.73
36000.17 76.00
36010.16 73.07
36020.16 70.15
36030.16 70.12
36040.15 67.80
36050.14 64.27
36060.13 60.75
36070.12 54.42
36080.11 50.29
36090.11 50.27
36100.11 49.64
36110.10 47.92
36120.10 47.89
36130.10 47.87
36140.10 47.84
36150.10 47.81
36160.10 47.79
36170.10 47.76
36180.10 47.74
36190.10 47.71
36200.10 47.68
36210.11 49.96
36220.11 49.33
36230.11 52.21
36240.12 55.08
36250.13 56.85
36260.13 57.33
36270.13 59.70
36280.13 59.68
36290.13 59.65
36300.14 60.72
36310.14 60.10
36320.13 59.57
36330.13 59.54
36340.13 58.92
36350.14 60.59
36360.15 64.67
36370.16 69.24
36380.16 69.81
36390.16 68.59
36400.15 63.36
36410.14 62.73
36420.14 61.01
36430.14 60.98
36440.15 63.86
36450.16 69.03
36460.15 66.70
36470.15 66.68
36480.15 66.05
36490.16 66.62
36500.17 73.50
36510.19 78.17
36520.18 76.94
36530.18 76.92
36540.18 76.89
36550.19 78.06
36560.18 74.54
36570.17 71.01
36580.17 70.39
36590.17 70.36
36600.17 69.83
36610.16 69.21
36620.16 69.18
36630.17 69.75
36640.17 70.83
36650.18 73.10
36660.18 74.87
36670.19 77.15
36680.19 78.82
36690.19 77.69
36700.19 78.76
36710.19 78.74
36720.19 79.31
36730.19 78.68
36740.19 77.56
36750.19 79.83
36760.21 86.20
36770.23 93.68
36780.24 95.95
36790.24 95.32
36800.24 94.70
36810.24 97.07
36820.24 97.54
36830.23 92.92
36840.23 93.49
36850.24 94.06
36860.24 95.73
36870.26 103.81
36880.27 107.88
36890.27 107.85
36900.27 104.93
36910.26 101.40
36920.25 100.17
36930.25 100.15
36940.26 102.52
36950.26 103.59
36960.27 104.76
36970.27 107.64
36980.27 107.01
36990.28 110.48
37000.29 113.85
37010.30 116.73
37020.31 120.20
37030.32 122.47
37040.33 127.65
37050.35 135.72
37060.37 143.29
37070.39 147.86
37080.41 154.74
37090.42 159.41
37100.43 163.38
37110.45 169.15
37120.45 169.13
37130.46 174.90
37140.48 181.87
37150.50 187.64
37160.50 188.12
37170.50 186.39
37180.48 181.16
37190.47 177.03
37200.46 173.61
37210.45 170.08
37220.45 168.85
37230.45 168.82
37240.45 168.80
37250.45 168.77
37260.44 164.14
37270.44 165.81
37280.45 168.09
37290.45 168.06
37300.46 172.73
37310.47 173.80
37320.47 174.38
37330.45 169.15
37340.45 169.12
37350.46 170.29
37360.47 173.16
37370.47 174.24
37380.46 169.01
37390.43 160.28
37400.42 155.65
37410.41 152.12
37420.42 156.70
37430.42 156.67
37440.42 156.64
37450.42 156.61
37460.42 154.89
37470.42 154.86
37480.43 157.73
37490.44 161.80
37500.45 165.17
37510.46 170.35
37520.47 171.52
37530.46 170.29
37540.45 165.66
37550.43 156.93
37560.44 159.80
37570.45 164.98
37580.46 169.05
37590.48 174.82
37600.50 182.89
37610.53 193.86
37620.55 199.64
37630.57 205.41
37640.58 211.68
37650.60 216.85
37660.61 220.32
37670.62 222.59
37680.62 223.77
37690.62 222.54
37700.63 226.61
37710.65 232.38
37720.66 236.95
37730.67 239.82
37740.67 240.40
37750.67 239.77
37760.67 240.34
37770.68 243.81
37780.68 243.18
37790.67 239.05
37800.65 232.73
37810.65 232.10
37820.65 230.87
37830.63 226.24
37840.62 222.11
37850.62 219.78
37860.61 217.45
37870.60 214.53
37880.59 211.60
37890.59 209.27
37900.58 206.94
37910.58 205.11
37920.57 202.78
37930.56 199.85
37940.54 193.53
37950.53 188.80
37960.52 185.87
37970.53 188.24
37980.51 182.41
37990.51 180.58
38000.50 178.25
38010.50 177.62
38020.50 178.20
38030.51 178.77
38040.50 178.14
38050.50 178.11
38060.52 182.68
38070.53 187.35
38080.53 185.52
38090.52 181.49
38100.51 179.16
38110.51 179.13
38120.51 180.81
38130.50 174.98
38140.49 172.65
38150.47 166.82
38160.45 157.49
38170.43 152.26
38180.43 152.23
38190.45 157.40
38200.46 160.27
38210.47 164.34
38220.48 168.92
38230.50 174.09
38240.52 181.06
38250.54 188.53
38260.56 193.10
38270.54 187.37
38280.56 193.14
38290.57 196.51
38300.58 199.38
38310.58 199.35
38320.57 198.12
38330.57 195.79
38340.56 194.66
38350.56 194.63
38360.57 196.91
38370.58 199.18
38380.57 196.25
38390.58 198.52
38400.58 200.79
38410.57 195.06
38420.57 195.53
38430.57 195.50
38440.57 194.97
38450.57 194.94
38460.56 193.71
38470.57 193.68
38480.57 193.65
38490.57 194.22
38500.57 194.79
38510.57 194.76
38520.57 193.03
38530.56 190.70
38540.56 192.37
38550.57 194.64
38560.54 185.42
38570.53 179.09
38580.53 181.36
38590.55 187.03
38600.57 194.50
38610.59 201.87
38620.61 208.14
38630.63 214.41
38640.65 218.98
38650.66 222.95
38660.65 220.62
38670.65 219.49
38680.66 222.86
38690.68 228.03
38700.68 229.70
38710.71 239.97
38720.74 248.04
38730.75 253.71
38740.77 259.98
38750.79 264.55
38760.80 269.12
38770.82 274.19
38780.83 279.36
38790.85 282.73
38800.85 284.40
38810.85 284.97
38820.86 286.64
38830.87 290.11
38840.87 291.78
38850.86 287.75
38860.87 290.62
38870.88 293.39
38880.89 297.36
38890.91 301.93
38900.92 304.80
38910.92 307.07
38920.93 309.94
38930.95 315.61
38940.96 317.28
38950.96 317.85
38960.96 318.41
38970.96 318.88
38980.97 321.15
38990.96 316.02
39000.97 318.79
39010.98 323.96
39021.00 330.23
39031.02 335.40
39041.02 337.07
39051.03 338.14
39061.03 339.31
39071.04 340.38
39081.04 341.55
39091.04 340.92
39101.03 337.99
39111.02 335.66
39121.03 336.83
39131.02 333.30
39141.02 333.87
39151.02 334.44
39161.02 334.41
39171.03 334.97
39181.03 335.44
39191.03 336.01
39201.03 336.58
39211.03 337.05
39221.04 337.62
39231.04 338.19
39241.04 339.26
39251.05 341.53
39261.06 343.30
