0.00 249.43 0.00 249.43
22.59 250.53 22.59 248.50
45.17 251.04 45.19 248.16
67.76 251.44 67.78 247.92
90.35 251.80 90.37 247.73
112.94 252.12 112.96 247.58
135.53 252.42 135.55 247.44
158.12 252.70 158.14 247.33
180.71 252.97 180.73 247.23
203.30 253.22 203.32 247.14
225.89 253.47 225.91 247.06
248.48 253.71 248.50 246.99
271.07 253.94 271.09 246.92
293.66 254.16 293.68 246.87
316.25 254.38 316.27 246.81
338.84 254.60 338.86 246.77
361.43 254.81 361.45 246.72
384.01 255.01 384.05 246.68
406.60 255.21 406.64 246.65
429.19 255.41 429.23 246.62
451.78 255.61 451.82 246.59
474.37 255.80 474.41 246.56
496.96 255.99 497.00 246.54
519.55 256.18 519.59 246.52
542.14 256.36 542.18 246.50
564.73 256.54 564.77 246.49
587.32 256.72 587.36 246.47
609.91 256.90 609.95 246.46
632.50 257.08 632.54 246.45
655.09 257.25 655.13 246.44
677.68 257.43 677.72 246.44
700.27 257.60 700.31 246.43
722.86 257.77 722.90 246.43
745.45 257.94 745.49 246.43
768.04 258.10 768.08 246.43
790.63 258.27 790.67 246.43
813.22 258.43 813.26 246.43
835.81 258.60 835.85 246.43
858.40 258.76 858.44 246.44
880.99 258.92 881.03 246.44
903.58 259.08 903.62 246.45
926.17 259.24 926.21 246.46
948.76 259.39 948.80 246.47
971.35 259.55 971.39 246.48
993.94 259.71 993.98 246.49
1016.53 259.86 1016.57 246.50
1039.12 260.01 1039.16 246.52
1061.70 260.17 1061.76 246.53
1084.29 260.32 1084.35 246.55
1106.88 260.47 1106.94 246.56
1129.47 260.62 1129.53 246.58
1152.06 260.77 1152.12 246.59
1174.65 260.92 1174.71 246.61
1197.24 261.07 1197.30 246.63
1219.83 261.21 1219.89 246.65
1242.42 261.36 1242.48 246.67
1265.01 261.51 1265.07 246.69
1287.60 261.65 1287.66 246.71
1310.19 261.80 1310.25 246.74
1332.78 261.94 1332.84 246.76
1355.37 262.08 1355.43 246.78
1377.96 262.23 1378.02 246.81
1400.55 262.37 1400.61 246.83
1423.14 262.51 1423.20 246.85
1445.73 262.65 1445.79 246.88
1468.32 262.79 1468.38 246.91
1490.91 262.93 1490.97 246.93
1513.50 263.07 1513.56 246.96
1536.09 263.21 1536.15 246.99
1558.68 263.35 1558.74 247.02
1581.27 263.49 1581.33 247.05
1603.86 263.62 1603.92 247.08
1626.45 263.76 1626.51 247.10
1649.04 263.90 1649.10 247.14
1671.63 264.03 1671.69 247.17
1694.22 264.17 1694.28 247.20
1716.81 264.30 1716.87 247.23
1739.40 264.44 1739.46 247.26
1761.99 264.57 1762.05 247.29
1784.58 264.71 1784.64 247.33
1807.17 264.84 1807.23 247.36
1829.76 264.97 1829.82 247.39
1852.35 265.11 1852.41 247.43
1874.94 265.24 1875.00 247.46
1897.53 265.37 1897.59 247.50
1920.12 265.50 1920.18 247.53
1942.71 265.63 1942.77 247.57
1965.30 265.76 1965.36 247.60
1987.89 265.89 1987.95 247.64
2010.48 266.02 2010.54 247.68
2033.07 266.15 2033.13 247.71
2055.66 266.28 2055.72 247.75
2078.25 266.41 2078.31 247.79
2100.84 266.54 2100.90 247.83
2123.43 266.67 2123.49 247.86
2146.02 266.80 2146.08 247.90
2168.60 266.92 2168.68 247.94
2191.19 267.05 2191.27 247.98
2213.78 267.18 2213.86 248.02
2236.37 267.30 2236.45 248.06
2258.96 267.43 2259.04 248.10
2281.55 267.56 2281.63 248.14
2304.14 267.68 2304.22 248.18
2326.73 267.81 2326.81 248.22
2349.32 267.93 2349.40 248.27
2371.91 268.06 2371.99 248.31
2394.50 268.18 2394.58 248.35
2417.09 268.31 2417.17 248.39
2439.68 268.43 2439.76 248.43
2462.27 268.56 2462.35 248.48
2484.86 268.68 2484.94 248.52
2507.45 268.80 2507.53 248.56
2530.04 268.93 2530.12 248.61
2552.63 269.05 2552.71 248.65
2575.22 269.17 2575.30 248.69
2597.81 269.29 2597.89 248.74
2620.40 269.42 2620.48 248.78
2642.99 269.54 2643.07 248.83
2665.58 269.66 2665.66 248.87
2688.17 269.78 2688.25 248.92
2710.76 269.90 2710.84 248.96
2733.35 270.02 2733.43 249.01
2755.94 270.14 2756.02 249.06
2778.53 270.26 2778.61 249.10
2801.12 270.38 2801.20 249.15
2823.71 270.50 2823.79 249.20
2846.30 270.62 2846.38 249.24
2868.89 270.74 2868.97 249.29
2891.48 270.86 2891.56 249.34
2914.07 270.98 2914.15 249.38
2936.66 271.10 2936.74 249.43
2959.25 271.22 2959.33 249.48
2981.84 271.34 2981.92 249.53
3004.43 271.46 3004.51 249.58
3027.02 271.58 3027.10 249.63
3049.61 271.69 3049.69 249.67
3072.20 271.81 3072.28 249.72
3094.79 271.93 3094.87 249.77
3117.38 272.05 3117.46 249.82
3139.97 272.16 3140.05 249.87
3162.56 272.28 3162.64 249.92
3185.15 272.40 3185.23 249.97
3207.74 272.51 3207.82 250.02
3230.33 272.63 3230.41 250.07
3252.92 272.74 3253.00 250.12
3275.51 272.86 3275.59 250.17
3298.10 272.98 3298.18 250.22
3320.69 273.09 3320.77 250.28
3343.28 273.21 3343.36 250.33
3365.87 273.32 3365.95 250.38
3388.46 273.44 3388.54 250.43
3411.05 273.55 3411.13 250.48
3433.64 273.67 3433.72 250.53
3456.23 273.78 3456.31 250.59
3478.82 273.90 3478.90 250.64
3501.41 274.01 3501.49 250.69
3524.00 274.12 3524.08 250.74
3546.59 274.24 3546.67 250.80
3569.18 274.35 3569.26 250.85
3591.77 274.47 3591.85 250.90
3614.36 274.58 3614.44 250.96
3636.95 274.69 3637.03 251.01
3659.54 274.80 3659.62 251.06
3682.13 274.92 3682.21 251.12
3704.72 275.03 3704.80 251.17
3727.31 275.14 3727.39 251.23
3749.90 275.25 3749.98 251.28
3772.49 275.37 3772.57 251.34
3795.08 275.48 3795.16 251.39
3817.67 275.59 3817.75 251.44
3840.26 275.70 3840.34 251.50
3862.85 275.81 3862.93 251.55
3885.44 275.93 3885.52 251.61
3908.03 276.04 3908.11 251.67
3930.61 276.15 3930.71 251.72
3953.20 276.26 3953.30 251.78
3975.79 276.37 3975.89 251.83
3998.38 276.48 3998.48 251.89
4020.97 276.59 4021.07 251.94
4043.56 276.70 4043.66 252.00
4066.15 276.81 4066.25 252.06
4088.74 276.92 4088.84 252.11
4111.33 277.03 4111.43 252.17
4133.92 277.14 4134.02 252.23
4156.51 277.25 4156.61 252.28
4179.10 277.36 4179.20 252.34
4201.69 277.47 4201.79 252.40
4224.28 277.58 4224.38 252.46
4246.87 277.69 4246.97 252.51
4269.46 277.80 4269.56 252.57
4292.05 277.91 4292.15 252.63
4314.64 278.02 4314.74 252.69
4337.23 278.12 4337.33 252.75
4359.82 278.23 4359.92 252.80
4382.41 278.34 4382.51 252.86
4405.00 278.45 4405.10 252.92
4427.59 278.56 4427.69 252.98
4450.18 278.67 4450.28 253.04
4472.77 278.77 4472.87 253.10
4495.36 278.88 4495.46 253.16
4517.95 278.99 4518.05 253.22
4540.54 279.10 4540.64 253.27
4563.13 279.20 4563.23 253.33
4585.72 279.31 4585.82 253.39
4608.31 279.42 4608.41 253.45
4630.90 279.52 4631.00 253.51
4653.49 279.63 4653.59 253.57
4676.08 279.74 4676.18 253.63
4698.67 279.84 4698.77 253.69
4721.26 279.95 4721.36 253.75
4743.85 280.06 4743.95 253.81
4766.44 280.16 4766.54 253.87
4789.03 280.27 4789.13 253.93
4811.62 280.38 4811.72 254.00
4834.21 280.48 4834.31 254.06
4856.80 280.59 4856.90 254.12
4879.39 280.69 4879.49 254.18
4901.98 280.80 4902.08 254.24
4924.57 280.90 4924.67 254.30
4947.16 281.01 4947.26 254.36
4969.75 281.11 4969.85 254.42
4992.34 281.22 4992.44 254.49
5014.93 281.32 5015.03 254.55
5037.52 281.43 5037.62 254.61
5060.11 281.53 5060.21 254.67
5082.70 281.64 5082.80 254.73
5105.29 281.74 5105.39 254.79
5127.88 281.85 5127.98 254.86
5150.47 281.95 5150.57 254.92
5173.06 282.06 5173.16 254.98
5195.65 282.16 5195.75 255.04
5218.24 282.26 5218.34 255.11
5240.83 282.37 5240.93 255.17
5263.42 282.47 5263.52 255.23
5286.01 282.58 5286.11 255.30
5308.60 282.68 5308.70 255.36
5331.19 282.78 5331.29 255.42
5353.78 282.89 5353.88 255.49
5376.37 282.99 5376.47 255.55
5398.96 283.09 5399.06 255.61
5421.55 283.20 5421.65 255.68
5444.14 283.30 5444.24 255.74
5466.73 283.40 5466.83 255.80
5489.32 283.50 5489.42 255.87
5511.91 283.61 5512.01 255.93
5534.50 283.71 5534.60 256.00
5557.09 283.81 5557.19 256.06
5579.68 283.91 5579.78 256.13
5602.27 284.02 5602.37 256.19
5624.86 284.12 5624.96 256.25
5647.45 284.22 5647.55 256.32
5670.04 284.32 5670.14 256.38
5692.63 284.42 5692.73 256.45
5715.22 284.53 5715.32 256.51
5737.81 284.63 5737.91 256.58
5760.40 284.73 5760.50 256.64
5782.99 284.83 5783.09 256.71
5805.58 284.93 5805.68 256.78
5828.17 285.03 5828.27 256.84
5850.76 285.13 5850.86 256.91
5873.35 285.23 5873.45 256.97
5895.94 285.34 5896.04 257.04
5918.53 285.44 5918.63 257.10
5941.12 285.54 5941.22 257.17
5963.71 285.64 5963.81 257.24
5986.30 285.74 5986.40 257.30
6008.89 285.84 6008.99 257.37
6031.48 285.94 6031.58 257.43
6054.07 286.04 6054.17 257.50
6076.66 286.14 6076.76 257.57
6099.25 286.24 6099.35 257.63
6121.84 286.34 6121.94 257.70
6144.43 286.44 6144.53 257.77
6167.02 286.54 6167.12 257.83
6189.61 286.64 6189.71 257.90
6212.20 286.74 6212.30 257.97
6234.79 286.84 6234.89 258.04
6257.38 286.94 6257.48 258.10
6279.97 287.04 6280.07 258.17
6302.56 287.14 6302.66 258.24
6325.15 287.24 6325.25 258.31
6347.74 287.33 6347.84 258.37
6370.33 287.43 6370.43 258.44
6392.92 287.53 6393.02 258.51
6415.51 287.63 6415.61 258.58
6438.10 287.73 6438.20 258.64
6460.69 287.83 6460.79 258.71
6483.28 287.93 6483.38 258.78
6505.87 288.03 6505.97 258.85
6528.46 288.12 6528.56 258.92
6551.05 288.22 6551.15 258.99
6573.64 288.32 6573.74 259.05
6596.23 288.42 6596.33 259.12
6618.82 288.52 6618.92 259.19
6641.41 288.61 6641.51 259.26
6664.00 288.71 6664.10 259.33
6686.59 288.81 6686.69 259.40
6709.18 288.91 6709.28 259.47
6731.77 289.01 6731.87 259.54
6754.36 289.10 6754.46 259.60
6776.95 289.20 6777.05 259.67
6799.54 289.30 6799.64 259.74
6822.13 289.40 6822.23 259.81
6844.72 289.49 6844.82 259.88
6867.31 289.59 6867.41 259.95
6889.90 289.69 6890.00 260.02
6912.49 289.78 6912.59 260.09
6935.08 289.88 6935.18 260.16
6957.67 289.98 6957.77 260.23
6980.26 290.07 6980.36 260.30
7002.85 290.17 7002.95 260.37
7025.43 290.27 7025.55 260.44
7048.02 290.36 7048.14 260.51
7070.61 290.46 7070.73 260.58
7093.20 290.56 7093.32 260.65
7115.79 290.65 7115.91 260.72
7138.38 290.75 7138.50 260.79
7160.97 290.84 7161.09 260.86
7183.56 290.94 7183.68 260.93
7206.15 291.04 7206.27 261.01
7228.74 291.13 7228.86 261.08
7251.33 291.23 7251.45 261.15
7273.92 291.32 7274.04 261.22
7296.51 291.42 7296.63 261.29
7319.10 291.51 7319.22 261.36
7341.69 291.61 7341.81 261.43
7364.28 291.71 7364.40 261.50
7386.87 291.80 7386.99 261.57
7409.46 291.90 7409.58 261.65
7432.05 291.99 7432.17 261.72
7454.64 292.09 7454.76 261.79
7477.23 292.18 7477.35 261.86
7499.82 292.28 7499.94 261.93
7522.41 292.37 7522.53 262.00
7545.00 292.47 7545.12 262.08
7567.59 292.56 7567.71 262.15
7590.18 292.66 7590.30 262.22
7612.77 292.75 7612.89 262.29
7635.36 292.84 7635.48 262.37
7657.95 292.94 7658.07 262.44
7680.54 293.03 7680.66 262.51
7703.13 293.13 7703.25 262.58
7725.72 293.22 7725.84 262.66
7748.31 293.31 7748.43 262.73
7770.90 293.41 7771.02 262.80
7793.49 293.50 7793.61 262.87
7816.08 293.60 7816.20 262.95
7838.67 293.69 7838.79 263.02
7861.26 293.78 7861.38 263.09
7883.85 293.88 7883.97 263.17
7906.44 293.97 7906.56 263.24
7929.03 294.06 7929.15 263.31
7951.62 294.16 7951.74 263.39
7974.21 294.25 7974.33 263.46
7996.80 294.34 7996.92 263.53
8019.39 294.44 8019.51 263.61
8041.98 294.53 8042.10 263.68
8064.57 294.62 8064.69 263.75
8087.16 294.72 8087.28 263.83
8109.75 294.81 8109.87 263.90
8132.34 294.90 8132.46 263.97
8154.93 295.00 8155.05 264.05
8177.52 295.09 8177.64 264.12
8200.11 295.18 8200.23 264.20
8222.70 295.27 8222.82 264.27
8245.29 295.37 8245.41 264.35
8267.88 295.46 8268.00 264.42
8290.47 295.55 8290.59 264.49
8313.06 295.64 8313.18 264.57
8335.65 295.73 8335.77 264.64
8358.24 295.83 8358.36 264.72
8380.83 295.92 8380.95 264.79
8403.42 296.01 8403.54 264.87
8426.01 296.10 8426.13 264.94
8448.60 296.19 8448.72 265.02
8471.19 296.29 8471.31 265.09
8493.78 296.38 8493.90 265.17
8516.37 296.47 8516.49 265.24
8538.96 296.56 8539.08 265.32
8561.55 296.65 8561.67 265.39
8584.14 296.74 8584.26 265.47
8606.73 296.83 8606.85 265.54
8629.32 296.93 8629.44 265.62
8651.91 297.02 8652.03 265.69
8674.50 297.11 8674.62 265.77
8697.09 297.20 8697.21 265.85
8719.68 297.29 8719.80 265.92
8742.27 297.38 8742.39 266.00
8764.86 297.47 8764.98 266.07
8787.45 297.56 8787.57 266.15
8810.04 297.65 8810.16 266.23
8832.63 297.74 8832.75 266.30
8855.22 297.83 8855.34 266.38
8877.81 297.92 8877.93 266.45
8900.40 298.01 8900.52 266.53
8922.99 298.10 8923.11 266.61
8945.58 298.20 8945.70 266.68
8968.17 298.29 8968.29 266.76
8990.76 298.38 8990.88 266.84
9013.35 298.47 9013.47 266.91
9035.94 298.56 9036.06 266.99
9058.53 298.65 9058.65 267.07
9081.12 298.74 9081.24 267.14
9103.71 298.82 9103.83 267.22
9126.30 298.91 9126.42 267.30
9148.89 299.00 9149.01 267.37
9171.48 299.09 9171.60 267.45
9194.07 299.18 9194.19 267.53
9216.66 299.27 9216.78 267.61
9239.25 299.36 9239.37 267.68
9261.84 299.45 9261.96 267.76
9284.43 299.54 9284.55 267.84
9307.02 299.63 9307.14 267.92
9329.61 299.72 9329.73 267.99
9352.20 299.81 9352.32 268.07
9374.79 299.90 9374.91 268.15
9397.38 299.99 9397.50 268.23
9419.97 300.07 9420.09 268.30
9442.56 300.16 9442.68 268.38
9465.15 300.25 9465.27 268.46
9487.74 300.34 9487.86 268.54
9510.33 300.43 9510.45 268.62
9532.92 300.52 9533.04 268.70
9555.51 300.61 9555.63 268.77
9578.10 300.69 9578.22 268.85
9600.69 300.78 9600.81 268.93
9623.28 300.87 9623.40 269.01
9645.87 300.96 9645.99 269.09
9668.46 301.05 9668.58 269.17
9691.05 301.13 9691.17 269.24
9713.64 301.22 9713.76 269.32
9736.23 301.31 9736.35 269.40
9758.82 301.40 9758.94 269.48
9781.41 301.49 9781.53 269.56
9804.00 301.57 9804.12 269.64
9826.59 301.66 9826.71 269.72
9849.18 301.75 9849.30 269.80
9871.77 301.84 9871.89 269.88
9894.36 301.92 9894.48 269.96
9916.95 302.01 9917.07 270.04
9939.54 302.10 9939.66 270.12
9962.13 302.19 9962.25 270.19
9984.72 302.27 9984.84 270.27
10007.31 302.36 10007.43 270.35
10029.90 302.45 10030.02 270.43
10052.49 302.53 10052.61 270.51
10075.08 302.62 10075.20 270.59
10097.67 302.71 10097.79 270.67
10120.26 302.79 10120.38 270.75
10142.85 302.88 10142.97 270.83
10165.44 302.97 10165.56 270.91
10188.03 303.05 10188.15 270.99
10210.62 303.14 10210.74 271.07
10233.21 303.23 10233.33 271.15
10255.80 303.31 10255.92 271.23
10278.39 303.40 10278.51 271.31
10300.98 303.49 10301.10 271.39
10323.57 303.57 10323.69 271.48
10346.16 303.66 10346.28 271.56
10368.75 303.74 10368.87 271.64
10391.34 303.83 10391.46 271.72
10413.93 303.92 10414.05 271.80
10436.52 304.00 10436.64 271.88
10459.11 304.09 10459.23 271.96
10481.70 304.17 10481.82 272.04
10504.29 304.26 10504.41 272.12
10526.88 304.34 10527.00 272.20
10549.47 304.43 10549.59 272.28
10572.06 304.52 10572.18 272.37
10594.65 304.60 10594.77 272.45
10617.24 304.69 10617.36 272.53
10639.83 304.77 10639.95 272.61
10662.42 304.86 10662.54 272.69
10685.01 304.94 10685.13 272.77
10707.60 305.03 10707.72 272.85
10730.19 305.11 10730.31 272.94
10752.78 305.20 10752.90 273.02
10775.37 305.28 10775.49 273.10
10797.96 305.37 10798.08 273.18
10820.55 305.45 10820.67 273.26
10843.14 305.54 10843.26 273.35
10865.73 305.62 10865.85 273.43
10888.32 305.71 10888.44 273.51
10910.91 305.79 10911.03 273.59
10933.50 305.87 10933.62 273.67
10956.09 305.96 10956.21 273.76
10978.68 306.04 10978.80 273.84
11001.27 306.13 11001.39 273.92
11023.86 306.21 11023.98 274.00
11046.45 306.30 11046.57 274.09
11069.04 306.38 11069.16 274.17
11091.63 306.46 11091.75 274.25
11114.22 306.55 11114.34 274.34
11136.81 306.63 11136.93 274.42
11159.40 306.71 11159.52 274.50
11181.99 306.80 11182.11 274.58
11204.58 306.88 11204.70 274.67
11227.17 306.97 11227.29 274.75
11249.76 307.05 11249.88 274.83
11272.35 307.13 11272.47 274.92
11294.94 307.22 11295.06 275.00
11317.53 307.30 11317.65 275.08
11340.12 307.38 11340.24 275.17
11362.71 307.47 11362.83 275.25
11385.30 307.55 11385.42 275.33
11407.89 307.63 11408.01 275.42
11430.48 307.72 11430.60 275.50
11453.07 307.80 11453.19 275.58
11475.66 307.88 11475.78 275.67
11498.25 307.96 11498.37 275.75
11520.84 308.05 11520.96 275.84
11543.43 308.13 11543.55 275.92
11566.02 308.21 11566.14 276.00
11588.61 308.29 11588.73 276.09
11611.20 308.38 11611.32 276.17
11633.79 308.46 11633.91 276.26
11656.38 308.54 11656.50 276.34
11678.97 308.62 11679.09 276.43
11701.56 308.71 11701.68 276.51
11724.15 308.79 11724.27 276.60
11746.74 308.87 11746.86 276.68
11769.33 308.95 11769.45 276.76
11791.92 309.03 11792.04 276.85
11814.51 309.12 11814.63 276.93
11837.10 309.20 11837.22 277.02
11859.69 309.28 11859.81 277.10
11882.28 309.36 11882.40 277.19
11904.87 309.44 11904.99 277.27
11927.46 309.52 11927.58 277.36
11950.05 309.61 11950.17 277.44
11972.64 309.69 11972.76 277.53
11995.23 309.77 11995.35 277.61
12017.82 309.85 12017.94 277.70
12040.41 309.93 12040.53 277.79
12063.00 310.01 12063.12 277.87
12085.59 310.09 12085.71 277.96
12108.18 310.18 12108.30 278.04
12130.77 310.26 12130.89 278.13
12153.36 310.34 12153.48 278.21
12175.95 310.42 12176.07 278.30
12198.54 310.50 12198.66 278.39
12221.13 310.58 12221.25 278.47
12243.72 310.66 12243.84 278.56
12266.31 310.74 12266.43 278.64
12288.90 310.82 12289.02 278.73
12311.49 310.90 12311.61 278.82
12334.08 310.98 12334.20 278.90
12356.67 311.06 12356.79 278.99
12379.26 311.14 12379.38 279.08
12401.85 311.22 12401.97 279.16
12424.44 311.30 12424.56 279.25
12447.03 311.38 12447.15 279.33
12469.62 311.46 12469.74 279.42
12492.21 311.54 12492.33 279.51
12514.80 311.62 12514.92 279.60
12537.39 311.70 12537.51 279.68
12559.98 311.78 12560.10 279.77
12582.57 311.86 12582.69 279.86
12605.16 311.94 12605.28 279.94
12627.75 312.02 12627.87 280.03
12650.34 312.10 12650.46 280.12
12672.93 312.18 12673.05 280.20
12695.52 312.26 12695.64 280.29
12718.11 312.34 12718.23 280.38
12740.70 312.42 12740.82 280.47
12763.29 312.50 12763.41 280.55
12785.88 312.58 12786.00 280.64
12808.47 312.66 12808.59 280.73
12831.06 312.73 12831.18 280.82
12853.65 312.81 12853.77 280.91
12876.24 312.89 12876.36 280.99
12898.83 312.97 12898.95 281.08
12921.42 313.05 12921.54 281.17
12944.01 313.13 12944.13 281.26
12966.60 313.21 12966.72 281.35
12989.19 313.29 12989.31 281.43
13011.78 313.36 13011.90 281.52
13034.37 313.44 13034.49 281.61
13056.96 313.52 13057.08 281.70
13079.55 313.60 13079.67 281.79
13102.14 313.68 13102.26 281.88
13124.73 313.76 13124.85 281.96
13147.32 313.83 13147.44 282.05
13169.91 313.91 13170.03 282.14
13192.50 313.99 13192.62 282.23
13215.09 314.07 13215.21 282.32
13237.68 314.14 13237.80 282.41
13260.27 314.22 13260.39 282.50
13282.86 314.30 13282.98 282.59
13305.45 314.38 13305.57 282.68
13328.04 314.46 13328.16 282.76
13350.63 314.53 13350.75 282.85
13373.22 314.61 13373.34 282.94
13395.81 314.69 13395.93 283.03
13418.40 314.76 13418.52 283.12
13440.99 314.84 13441.11 283.21
13463.58 314.92 13463.70 283.30
13486.17 315.00 13486.29 283.39
13508.76 315.07 13508.88 283.48
13531.35 315.15 13531.47 283.57
13553.94 315.23 13554.06 283.66
13576.53 315.30 13576.65 283.75
13599.12 315.38 13599.24 283.84
13621.71 315.46 13621.83 283.93
13644.30 315.53 13644.42 284.02
13666.89 315.61 13667.01 284.11
13689.48 315.69 13689.60 284.20
13712.07 315.76 13712.19 284.29
13734.66 315.84 13734.78 284.38
13757.25 315.91 13757.37 284.47
13779.84 315.99 13779.96 284.56
13802.43 316.07 13802.55 284.65
13825.02 316.14 13825.14 284.74
13847.61 316.22 13847.73 284.84
13870.20 316.29 13870.32 284.93
13892.79 316.37 13892.91 285.02
13915.38 316.45 13915.50 285.11
13937.97 316.52 13938.09 285.20
13960.56 316.60 13960.68 285.29
13983.15 316.67 13983.27 285.38
14005.74 316.75 14005.86 285.47
14028.33 316.82 14028.45 285.56
14050.92 316.90 14051.04 285.66
14073.51 316.97 14073.63 285.75
14096.10 317.05 14096.22 285.84
14118.69 317.12 14118.81 285.93
14141.28 317.20 14141.40 286.02
14163.87 317.27 14163.99 286.11
14186.46 317.35 14186.58 286.21
14209.05 317.42 14209.17 286.30
14231.64 317.50 14231.76 286.39
14254.23 317.57 14254.35 286.48
14276.82 317.65 14276.94 286.57
14299.41 317.72 14299.53 286.67
14322.00 317.80 14322.12 286.76
14344.59 317.87 14344.71 286.85
14367.18 317.95 14367.30 286.94
14389.77 318.02 14389.89 287.04
14412.36 318.09 14412.48 287.13
14434.95 318.17 14435.07 287.22
14457.54 318.24 14457.66 287.31
14480.13 318.32 14480.25 287.41
14502.72 318.39 14502.84 287.50
14525.31 318.46 14525.43 287.59
14547.90 318.54 14548.02 287.69
14570.49 318.61 14570.61 287.78
14593.08 318.68 14593.20 287.87
14615.67 318.76 14615.79 287.96
14638.26 318.83 14638.38 288.06
14660.85 318.90 14660.97 288.15
14683.44 318.98 14683.56 288.24
14706.03 319.05 14706.15 288.34
14728.62 319.12 14728.74 288.43
14751.21 319.20 14751.33 288.53
14773.80 319.27 14773.92 288.62
14796.39 319.34 14796.51 288.71
14818.98 319.42 14819.10 288.81
14841.57 319.49 14841.69 288.90
14864.16 319.56 14864.28 289.00
14886.75 319.63 14886.87 289.09
14909.34 319.71 14909.46 289.18
14931.93 319.78 14932.05 289.28
14954.52 319.85 14954.64 289.37
14977.11 319.92 14977.23 289.47
14999.70 320.00 14999.82 289.56
15022.29 320.07 15022.41 289.66
15044.88 320.14 15045.00 289.75
15067.47 320.21 15067.59 289.85
15090.06 320.28 15090.18 289.94
15112.65 320.36 15112.77 290.03
15135.24 320.43 15135.36 290.13
15157.83 320.50 15157.95 290.22
15180.42 320.57 15180.54 290.32
15203.01 320.64 15203.13 290.42
15225.60 320.71 15225.72 290.51
15248.19 320.78 15248.31 290.61
15270.78 320.86 15270.90 290.70
15293.37 320.93 15293.49 290.80
15315.96 321.00 15316.08 290.89
15338.55 321.07 15338.67 290.99
15361.14 321.14 15361.26 291.08
15383.73 321.21 15383.85 291.18
15406.32 321.28 15406.44 291.28
15428.91 321.35 15429.03 291.37
15451.50 321.42 15451.62 291.47
15474.09 321.49 15474.21 291.56
15496.68 321.56 15496.80 291.66
15519.27 321.63 15519.39 291.76
15541.86 321.70 15541.98 291.85
15564.45 321.78 15564.57 291.95
15587.05 321.85 15587.15 292.05
15609.64 321.92 15609.74 292.14
15632.23 321.99 15632.33 292.24
15654.82 322.06 15654.92 292.34
15677.41 322.13 15677.51 292.43
15700.00 322.19 15700.10 292.53
15722.59 322.26 15722.69 292.63
15745.18 322.33 15745.28 292.72
15767.77 322.40 15767.87 292.82
15790.36 322.47 15790.46 292.92
15812.95 322.54 15813.05 293.02
15835.54 322.61 15835.64 293.11
15858.13 322.68 15858.23 293.21
15880.72 322.75 15880.82 293.31
15903.31 322.82 15903.41 293.41
15925.90 322.89 15926.00 293.50
15948.49 322.96 15948.59 293.60
15971.08 323.03 15971.18 293.70
15993.67 323.09 15993.77 293.80
16016.26 323.16 16016.36 293.90
16038.85 323.23 16038.95 293.99
16061.44 323.30 16061.54 294.09
16084.03 323.37 16084.13 294.19
16106.62 323.44 16106.72 294.29
16129.21 323.50 16129.31 294.39
16151.80 323.57 16151.90 294.49
16174.39 323.64 16174.49 294.59
16196.98 323.71 16197.08 294.68
16219.57 323.78 16219.67 294.78
16242.16 323.84 16242.26 294.88
16264.75 323.91 16264.85 294.98
16287.34 323.98 16287.44 295.08
16309.93 324.05 16310.03 295.18
16332.52 324.11 16332.62 295.28
16355.11 324.18 16355.21 295.38
16377.70 324.25 16377.80 295.48
16400.29 324.31 16400.39 295.58
16422.88 324.38 16422.98 295.68
16445.47 324.45 16445.57 295.78
16468.06 324.52 16468.16 295.88
16490.65 324.58 16490.75 295.98
16513.24 324.65 16513.34 296.08
16535.83 324.72 16535.93 296.18
16558.42 324.78 16558.52 296.28
16581.01 324.85 16581.11 296.38
16603.60 324.91 16603.70 296.48
16626.19 324.98 16626.29 296.58
16648.78 325.05 16648.88 296.68
16671.37 325.11 16671.47 296.78
16693.96 325.18 16694.06 296.88
16716.55 325.24 16716.65 296.98
16739.14 325.31 16739.24 297.08
16761.73 325.38 16761.83 297.18
16784.32 325.44 16784.42 297.29
16806.91 325.51 16807.01 297.39
16829.50 325.57 16829.60 297.49
16852.09 325.64 16852.19 297.59
16874.68 325.70 16874.78 297.69
16897.27 325.77 16897.37 297.79
16919.86 325.83 16919.96 297.89
16942.45 325.90 16942.55 298.00
16965.04 325.96 16965.14 298.10
16987.63 326.03 16987.73 298.20
17010.22 326.09 17010.32 298.30
17032.81 326.15 17032.91 298.41
17055.40 326.22 17055.50 298.51
17077.99 326.28 17078.09 298.61
17100.58 326.35 17100.68 298.71
17123.17 326.41 17123.27 298.82
17145.76 326.48 17145.86 298.92
17168.35 326.54 17168.45 299.02
17190.94 326.60 17191.04 299.12
17213.53 326.67 17213.63 299.23
17236.12 326.73 17236.22 299.33
17258.71 326.79 17258.81 299.43
17281.30 326.86 17281.40 299.54
17303.89 326.92 17303.99 299.64
17326.48 326.98 17326.58 299.74
17349.07 327.05 17349.17 299.85
17371.66 327.11 17371.76 299.95
17394.25 327.17 17394.35 300.06
17416.84 327.23 17416.94 300.16
17439.43 327.30 17439.53 300.26
17462.02 327.36 17462.12 300.37
17484.61 327.42 17484.71 300.47
17507.20 327.48 17507.30 300.58
17529.79 327.55 17529.89 300.68
17552.38 327.61 17552.48 300.79
17574.97 327.67 17575.07 300.89
17597.56 327.73 17597.66 301.00
17620.15 327.79 17620.25 301.10
17642.74 327.85 17642.84 301.21
17665.33 327.92 17665.43 301.31
17687.92 327.98 17688.02 301.42
17710.51 328.04 17710.61 301.52
17733.10 328.10 17733.20 301.63
17755.69 328.16 17755.79 301.73
17778.28 328.22 17778.38 301.84
17800.87 328.28 17800.97 301.95
17823.46 328.34 17823.56 302.05
17846.05 328.40 17846.15 302.16
17868.64 328.46 17868.74 302.27
17891.23 328.52 17891.33 302.37
17913.82 328.58 17913.92 302.48
17936.41 328.64 17936.51 302.58
17959.00 328.70 17959.10 302.69
17981.59 328.76 17981.69 302.80
18004.18 328.82 18004.28 302.91
18026.77 328.88 18026.87 303.01
18049.36 328.94 18049.46 303.12
18071.95 329.00 18072.05 303.23
18094.54 329.06 18094.64 303.34
18117.13 329.12 18117.23 303.44
18139.72 329.18 18139.82 303.55
18162.31 329.24 18162.41 303.66
18184.90 329.30 18185.00 303.77
18207.49 329.35 18207.59 303.88
18230.08 329.41 18230.18 303.98
18252.67 329.47 18252.77 304.09
18275.26 329.53 18275.36 304.20
18297.85 329.59 18297.95 304.31
18320.44 329.64 18320.54 304.42
18343.03 329.70 18343.13 304.53
18365.62 329.76 18365.72 304.64
18388.21 329.82 18388.31 304.75
18410.80 329.87 18410.90 304.86
18433.39 329.93 18433.49 304.96
18455.98 329.99 18456.08 305.07
18478.57 330.05 18478.67 305.18
18501.16 330.10 18501.26 305.29
18523.75 330.16 18523.85 305.40
18546.34 330.22 18546.44 305.51
18568.93 330.27 18569.03 305.62
18591.52 330.33 18591.62 305.74
18614.11 330.38 18614.21 305.85
18636.70 330.44 18636.80 305.96
18659.29 330.50 18659.39 306.07
18681.89 330.55 18681.97 306.18
18704.48 330.61 18704.56 306.29
18727.07 330.66 18727.15 306.40
18749.66 330.72 18749.74 306.51
18772.25 330.77 18772.33 306.63
18794.84 330.83 18794.92 306.74
18817.43 330.88 18817.51 306.85
18840.02 330.94 18840.10 306.96
18862.61 330.99 18862.69 307.07
18885.20 331.04 18885.28 307.19
18907.79 331.10 18907.87 307.30
18930.38 331.15 18930.46 307.41
18952.97 331.21 18953.05 307.52
18975.56 331.26 18975.64 307.64
18998.15 331.31 18998.23 307.75
19020.74 331.37 19020.82 307.86
19043.33 331.42 19043.41 307.98
19065.92 331.47 19066.00 308.09
19088.51 331.52 19088.59 308.21
19111.10 331.58 19111.18 308.32
19133.69 331.63 19133.77 308.43
19156.28 331.68 19156.36 308.55
19178.87 331.73 19178.95 308.66
19201.46 331.79 19201.54 308.78
19224.05 331.84 19224.13 308.89
19246.64 331.89 19246.72 309.01
19269.23 331.94 19269.31 309.12
19291.82 331.99 19291.90 309.24
19314.41 332.04 19314.49 309.36
19337.00 332.09 19337.08 309.47
19359.59 332.14 19359.67 309.59
19382.18 332.19 19382.26 309.70
19404.77 332.24 19404.85 309.82
19427.36 332.29 19427.44 309.94
19449.95 332.34 19450.03 310.05
19472.54 332.39 19472.62 310.17
19495.13 332.44 19495.21 310.29
19517.72 332.49 19517.80 310.41
19540.31 332.54 19540.39 310.52
19562.90 332.59 19562.98 310.64
19585.49 332.64 19585.57 310.76
19608.08 332.69 19608.16 310.88
19630.67 332.74 19630.75 311.00
19653.26 332.78 19653.34 311.11
19675.85 332.83 19675.93 311.23
19698.44 332.88 19698.52 311.35
19721.03 332.93 19721.11 311.47
19743.62 332.97 19743.70 311.59
19766.21 333.02 19766.29 311.71
19788.80 333.07 19788.88 311.83
19811.39 333.11 19811.47 311.95
19833.98 333.16 19834.06 312.07
19856.57 333.21 19856.65 312.19
19879.16 333.25 19879.24 312.31
19901.75 333.30 19901.83 312.43
19924.34 333.34 19924.42 312.56
19946.93 333.39 19947.01 312.68
19969.52 333.43 19969.60 312.80
19992.11 333.48 19992.19 312.92
20014.70 333.52 20014.78 313.04
20037.29 333.57 20037.37 313.17
20059.88 333.61 20059.96 313.29
20082.47 333.65 20082.55 313.41
20105.06 333.70 20105.14 313.54
20127.65 333.74 20127.73 313.66
20150.24 333.78 20150.32 313.78
20172.83 333.82 20172.91 313.91
20195.42 333.87 20195.50 314.03
20218.01 333.91 20218.09 314.16
20240.60 333.95 20240.68 314.28
20263.19 333.99 20263.27 314.41
20285.78 334.03 20285.86 314.53
20308.37 334.07 20308.45 314.66
20330.96 334.11 20331.04 314.78
20353.55 334.15 20353.63 314.91
20376.14 334.19 20376.22 315.04
20398.73 334.23 20398.81 315.17
20421.32 334.27 20421.40 315.29
20443.92 334.31 20443.98 315.42
20466.51 334.35 20466.57 315.55
20489.10 334.39 20489.16 315.68
20511.69 334.43 20511.75 315.81
20534.28 334.47 20534.34 315.93
20556.87 334.50 20556.93 316.06
20579.46 334.54 20579.52 316.19
20602.05 334.58 20602.11 316.32
20624.64 334.61 20624.70 316.45
20647.23 334.65 20647.29 316.58
20669.82 334.68 20669.88 316.72
20692.41 334.72 20692.47 316.85
20715.00 334.75 20715.06 316.98
20737.59 334.79 20737.65 317.11
20760.18 334.82 20760.24 317.24
20782.77 334.86 20782.83 317.38
20805.36 334.89 20805.42 317.51
20827.95 334.92 20828.01 317.64
20850.54 334.96 20850.60 317.78
20873.13 334.99 20873.19 317.91
20895.72 335.02 20895.78 318.05
20918.31 335.05 20918.37 318.18
20940.90 335.08 20940.96 318.32
20963.49 335.11 20963.55 318.46
20986.08 335.14 20986.14 318.59
21008.67 335.17 21008.73 318.73
21031.26 335.20 21031.32 318.87
21053.85 335.23 21053.91 319.01
21076.44 335.26 21076.50 319.15
21099.03 335.28 21099.09 319.29
21121.62 335.31 21121.68 319.42
21144.21 335.34 21144.27 319.57
21166.80 335.36 21166.86 319.71
21189.39 335.39 21189.45 319.85
21211.98 335.41 21212.04 319.99
21234.57 335.43 21234.63 320.13
21257.16 335.46 21257.22 320.28
21279.75 335.48 21279.81 320.42
21302.34 335.50 21302.40 320.56
21324.93 335.52 21324.99 320.71
21347.52 335.55 21347.58 320.86
21370.11 335.57 21370.17 321.00
21392.70 335.58 21392.76 321.15
21415.29 335.60 21415.35 321.30
21437.88 335.62 21437.94 321.45
21460.47 335.64 21460.53 321.60
21483.06 335.66 21483.12 321.75
21505.65 335.67 21505.71 321.90
21528.24 335.69 21528.30 322.05
21550.84 335.70 21550.88 322.20
21573.43 335.71 21573.47 322.36
21596.02 335.73 21596.06 322.51
21618.61 335.74 21618.65 322.67
21641.20 335.75 21641.24 322.82
21663.79 335.76 21663.83 322.98
21686.38 335.76 21686.42 323.14
21708.97 335.77 21709.01 323.30
21731.56 335.78 21731.60 323.46
21754.15 335.78 21754.19 323.62
21776.74 335.79 21776.78 323.78
21799.33 335.79 21799.37 323.95
21821.92 335.79 21821.96 324.11
21844.51 335.79 21844.55 324.28
21867.10 335.79 21867.14 324.45
21889.69 335.78 21889.73 324.62
21912.28 335.78 21912.32 324.79
21934.87 335.77 21934.91 324.96
21957.46 335.77 21957.50 325.14
21980.05 335.76 21980.09 325.31
22002.64 335.74 22002.68 325.49
22025.23 335.73 22025.27 325.67
22047.82 335.72 22047.86 325.85
22070.41 335.70 22070.45 326.04
22093.00 335.68 22093.04 326.23
22115.59 335.65 22115.63 326.42
22138.18 335.63 22138.22 326.61
22160.77 335.60 22160.81 326.80
22183.36 335.57 22183.40 327.00
22205.95 335.53 22205.99 327.20
22228.55 335.49 22228.57 327.41
22251.14 335.45 22251.16 327.62
22273.73 335.40 22273.75 327.83
22296.32 335.35 22296.34 328.05
22318.91 335.29 22318.93 328.28
22341.50 335.23 22341.52 328.51
22364.09 335.16 22364.11 328.75
22386.68 335.08 22386.70 328.99
22409.27 334.99 22409.29 329.25
22431.86 334.89 22431.88 329.52
22454.45 334.77 22454.47 329.80
22477.04 334.64 22477.06 330.10
22499.63 334.49 22499.65 330.42
22522.22 334.30 22522.24 330.77
22544.81 334.06 22544.83 331.18
22567.41 333.72 22567.41 331.68
22590.00 332.79 22590.00 332.79
