0.00 245.39 0.00 245.39
2.26 245.47 2.20 244.83
4.51 245.37 4.41 244.46
6.75 245.23 6.63 244.13
8.99 245.08 8.85 243.81
11.23 244.92 11.07 243.50
13.46 244.75 13.30 243.20
15.70 244.58 15.52 242.90
17.93 244.40 17.75 242.61
20.17 244.22 19.97 242.32
22.41 244.04 22.19 242.03
24.64 243.85 24.42 241.75
26.88 243.66 26.64 241.46
29.11 243.47 28.87 241.19
31.35 243.28 31.09 240.91
33.58 243.09 33.32 240.63
35.81 242.89 35.55 240.36
38.05 242.69 37.77 240.08
40.28 242.50 40.00 239.81
42.52 242.30 42.22 239.54
44.75 242.10 44.45 239.27
46.98 241.90 46.68 239.00
49.22 241.69 48.90 238.73
51.45 241.49 51.13 238.46
53.68 241.29 53.36 238.20
55.92 241.08 55.58 237.93
58.15 240.88 57.81 237.67
60.38 240.67 60.04 237.40
62.62 240.47 62.26 237.14
64.85 240.26 64.49 236.87
67.08 240.05 66.72 236.61
69.31 239.85 68.95 236.35
71.55 239.64 71.17 236.09
73.78 239.43 73.40 235.82
76.01 239.22 75.63 235.56
78.25 239.01 77.85 235.30
80.48 238.80 80.08 235.04
82.71 238.59 82.31 234.78
84.94 238.38 84.54 234.52
87.18 238.17 86.76 234.26
89.41 237.96 88.99 234.00
91.64 237.75 91.22 233.74
93.87 237.54 93.45 233.49
96.11 237.32 95.67 233.23
98.34 237.11 97.90 232.97
100.57 236.90 100.13 232.71
102.80 236.69 102.36 232.46
105.04 236.47 104.58 232.20
107.27 236.26 106.81 231.94
109.50 236.04 109.04 231.69
111.73 235.83 111.27 231.43
113.96 235.62 113.50 231.17
116.20 235.40 115.72 230.92
118.43 235.19 117.95 230.66
120.66 234.97 120.18 230.41
122.89 234.76 122.41 230.15
125.12 234.54 124.64 229.90
127.36 234.32 126.86 229.64
129.59 234.11 129.09 229.39
131.82 233.89 131.32 229.14
134.05 233.68 133.55 228.88
136.28 233.46 135.78 228.63
138.52 233.24 138.00 228.37
140.75 233.03 140.23 228.12
142.98 232.81 142.46 227.87
145.21 232.59 144.69 227.61
147.44 232.37 146.92 227.36
149.68 232.16 149.14 227.11
151.91 231.94 151.37 226.86
154.14 231.72 153.60 226.60
156.37 231.50 155.83 226.35
158.60 231.29 158.06 226.10
160.84 231.07 160.28 225.85
163.07 230.85 162.51 225.60
165.30 230.63 164.74 225.35
167.53 230.41 166.97 225.09
169.76 230.19 169.20 224.84
171.99 229.97 171.43 224.59
174.23 229.75 173.65 224.34
176.46 229.53 175.88 224.09
178.69 229.32 178.11 223.84
180.92 229.10 180.34 223.59
183.15 228.88 182.57 223.34
185.38 228.66 184.80 223.09
187.62 228.44 187.02 222.84
189.85 228.22 189.25 222.59
192.08 228.00 191.48 222.34
194.31 227.78 193.71 222.09
196.54 227.56 195.94 221.84
198.77 227.34 198.17 221.59
201.00 227.11 200.40 221.34
203.24 226.89 202.62 221.09
205.47 226.67 204.85 220.84
207.70 226.45 207.08 220.59
209.93 226.23 209.31 220.34
212.16 226.01 211.54 220.09
214.39 225.79 213.77 219.84
216.62 225.57 216.00 219.59
218.86 225.35 218.22 219.34
221.09 225.12 220.45 219.10
223.32 224.90 222.68 218.85
225.55 224.68 224.91 218.60
227.78 224.46 227.14 218.35
230.01 224.24 229.37 218.10
232.24 224.02 231.60 217.85
234.48 223.79 233.82 217.60
236.71 223.57 236.05 217.36
238.94 223.35 238.28 217.11
241.17 223.13 240.51 216.86
243.40 222.90 242.74 216.61
245.63 222.68 244.97 216.37
247.86 222.46 247.20 216.12
250.10 222.24 249.42 215.87
252.33 222.01 251.65 215.62
254.56 221.79 253.88 215.38
256.79 221.57 256.11 215.13
259.02 221.35 258.34 214.88
261.25 221.12 260.57 214.63
263.48 220.90 262.80 214.39
265.71 220.68 265.03 214.14
267.95 220.45 267.25 213.89
270.18 220.23 269.48 213.65
272.41 220.01 271.71 213.40
274.64 219.78 273.94 213.15
276.87 219.56 276.17 212.91
279.10 219.34 278.40 212.66
281.33 219.11 280.63 212.41
283.56 218.89 282.86 212.17
285.80 218.66 285.08 211.92
288.03 218.44 287.31 211.67
290.26 218.22 289.54 211.43
292.49 217.99 291.77 211.18
294.72 217.77 294.00 210.93
296.95 217.54 296.23 210.69
299.18 217.32 298.46 210.44
301.41 217.10 300.69 210.20
303.64 216.87 302.92 209.95
305.88 216.65 305.14 209.71
308.11 216.42 307.37 209.46
310.34 216.20 309.60 209.21
312.57 215.97 311.83 208.97
314.80 215.75 314.06 208.72
317.03 215.52 316.29 208.48
319.26 215.30 318.52 208.23
321.49 215.07 320.75 207.99
323.72 214.85 322.98 207.74
325.96 214.62 325.20 207.50
328.19 214.40 327.43 207.25
330.42 214.17 329.66 207.01
332.65 213.95 331.89 206.76
334.88 213.72 334.12 206.52
337.11 213.50 336.35 206.27
339.34 213.27 338.58 206.03
341.57 213.05 340.81 205.78
343.80 212.82 343.04 205.54
346.04 212.60 345.26 205.29
348.27 212.37 347.49 205.05
350.50 212.15 349.72 204.80
352.73 211.92 351.95 204.56
354.96 211.69 354.18 204.31
357.19 211.47 356.41 204.07
359.42 211.24 358.64 203.82
361.65 211.02 360.87 203.58
363.88 210.79 363.10 203.33
366.11 210.57 365.33 203.09
368.35 210.34 367.55 202.85
370.58 210.11 369.78 202.60
372.81 209.89 372.01 202.36
375.04 209.66 374.24 202.11
377.27 209.44 376.47 201.87
379.50 209.21 378.70 201.63
381.73 208.98 380.93 201.38
383.96 208.76 383.16 201.14
386.19 208.53 385.39 200.89
388.42 208.30 387.62 200.65
390.65 208.08 389.85 200.41
392.89 207.85 392.07 200.16
395.12 207.62 394.30 199.92
397.35 207.40 396.53 199.68
399.58 207.17 398.76 199.43
401.81 206.94 400.99 199.19
404.04 206.72 403.22 198.94
406.27 206.49 405.45 198.70
408.50 206.26 407.68 198.46
410.73 206.04 409.91 198.21
412.96 205.81 412.14 197.97
415.19 205.58 414.37 197.73
417.42 205.36 416.60 197.48
419.66 205.13 418.82 197.24
421.89 204.90 421.05 197.00
424.12 204.68 423.28 196.76
426.35 204.45 425.51 196.51
428.58 204.22 427.74 196.27
430.81 203.99 429.97 196.03
433.04 203.77 432.20 195.78
435.27 203.54 434.43 195.54
437.50 203.31 436.66 195.30
439.73 203.08 438.89 195.05
441.96 202.86 441.12 194.81
444.19 202.63 443.35 194.57
446.43 202.40 445.57 194.33
448.66 202.17 447.80 194.08
450.89 201.95 450.03 193.84
453.12 201.72 452.26 193.60
455.35 201.49 454.49 193.36
457.58 201.26 456.72 193.11
459.81 201.04 458.95 192.87
462.04 200.81 461.18 192.63
464.27 200.58 463.41 192.39
466.50 200.35 465.64 192.14
468.73 200.12 467.87 191.90
470.96 199.90 470.10 191.66
473.19 199.67 472.33 191.42
475.43 199.44 474.55 191.18
477.66 199.21 476.78 190.93
479.89 198.98 479.01 190.69
482.12 198.76 481.24 190.45
484.35 198.53 483.47 190.21
486.58 198.30 485.70 189.96
488.81 198.07 487.93 189.72
491.04 197.84 490.16 189.48
493.27 197.62 492.39 189.24
495.50 197.39 494.62 189.00
497.73 197.16 496.85 188.76
499.96 196.93 499.08 188.51
502.19 196.70 501.31 188.27
504.43 196.47 503.53 188.03
506.66 196.24 505.76 187.79
508.89 196.02 507.99 187.55
511.12 195.79 510.22 187.30
513.35 195.56 512.45 187.06
515.58 195.33 514.68 186.82
517.81 195.10 516.91 186.58
520.04 194.87 519.14 186.34
522.27 194.64 521.37 186.10
524.50 194.42 523.60 185.86
526.73 194.19 525.83 185.61
528.96 193.96 528.06 185.37
531.19 193.73 530.29 185.13
533.42 193.50 532.52 184.89
535.65 193.27 534.75 184.65
537.89 193.04 536.97 184.41
540.12 192.81 539.20 184.17
542.35 192.58 541.43 183.93
544.58 192.36 543.66 183.68
546.81 192.13 545.89 183.44
549.04 191.90 548.12 183.20
551.27 191.67 550.35 182.96
553.50 191.44 552.58 182.72
555.73 191.21 554.81 182.48
557.96 190.98 557.04 182.24
560.19 190.75 559.27 182.00
562.42 190.52 561.50 181.76
564.65 190.29 563.73 181.52
566.88 190.06 565.96 181.27
569.11 189.83 568.19 181.03
571.34 189.60 570.42 180.79
573.58 189.37 572.64 180.55
575.81 189.14 574.87 180.31
578.04 188.92 577.10 180.07
580.27 188.69 579.33 179.83
582.50 188.46 581.56 179.59
584.73 188.23 583.79 179.35
586.96 188.00 586.02 179.11
589.19 187.77 588.25 178.87
591.42 187.54 590.48 178.63
593.65 187.31 592.71 178.39
595.88 187.08 594.94 178.15
598.11 186.85 597.17 177.91
600.34 186.62 599.40 177.67
602.57 186.39 601.63 177.43
604.80 186.16 603.86 177.19
607.03 185.93 606.09 176.95
609.26 185.70 608.32 176.70
611.49 185.47 610.55 176.46
613.73 185.24 612.77 176.22
615.96 185.01 615.00 175.98
618.19 184.78 617.23 175.74
620.42 184.55 619.46 175.50
622.65 184.32 621.69 175.26
624.88 184.09 623.92 175.02
627.11 183.86 626.15 174.78
629.34 183.63 628.38 174.54
631.57 183.40 630.61 174.30
633.80 183.17 632.84 174.06
636.03 182.94 635.07 173.82
638.26 182.71 637.30 173.58
640.49 182.48 639.53 173.34
642.72 182.25 641.76 173.10
644.95 182.02 643.99 172.86
647.18 181.79 646.22 172.62
649.41 181.55 648.45 172.38
651.64 181.32 650.68 172.15
653.87 181.09 652.91 171.91
656.10 180.86 655.14 171.67
658.34 180.63 657.36 171.43
660.57 180.40 659.59 171.19
662.80 180.17 661.82 170.95
665.03 179.94 664.05 170.71
667.26 179.71 666.28 170.47
669.49 179.48 668.51 170.23
671.72 179.25 670.74 169.99
673.95 179.02 672.97 169.75
676.18 178.79 675.20 169.51
678.41 178.56 677.43 169.27
680.64 178.33 679.66 169.03
682.87 178.10 681.89 168.79
685.10 177.86 684.12 168.55
687.33 177.63 686.35 168.31
689.56 177.40 688.58 168.07
691.79 177.17 690.81 167.83
694.02 176.94 693.04 167.60
696.25 176.71 695.27 167.36
698.48 176.48 697.50 167.12
700.71 176.25 699.73 166.88
702.94 176.02 701.96 166.64
705.17 175.79 704.19 166.40
707.41 175.55 706.41 166.16
709.64 175.32 708.64 165.92
711.87 175.09 710.87 165.68
714.10 174.86 713.10 165.44
716.33 174.63 715.33 165.20
718.56 174.40 717.56 164.97
720.79 174.17 719.79 164.73
723.02 173.94 722.02 164.49
725.25 173.70 724.25 164.25
727.48 173.47 726.48 164.01
729.71 173.24 728.71 163.77
731.94 173.01 730.94 163.53
734.17 172.78 733.17 163.29
736.40 172.55 735.40 163.05
738.63 172.32 737.63 162.82
740.86 172.08 739.86 162.58
743.09 171.85 742.09 162.34
745.32 171.62 744.32 162.10
747.55 171.39 746.55 161.86
749.78 171.16 748.78 161.62
752.01 170.93 751.01 161.38
754.24 170.69 753.24 161.15
756.47 170.46 755.47 160.91
758.70 170.23 757.70 160.67
760.93 170.00 759.93 160.43
763.16 169.77 762.16 160.19
765.40 169.54 764.38 159.95
767.63 169.30 766.61 159.71
769.86 169.07 768.84 159.48
772.09 168.84 771.07 159.24
774.32 168.61 773.30 159.00
776.55 168.38 775.53 158.76
778.78 168.15 777.76 158.52
781.01 167.91 779.99 158.28
783.24 167.68 782.22 158.05
785.47 167.45 784.45 157.81
787.70 167.22 786.68 157.57
789.93 166.99 788.91 157.33
792.16 166.75 791.14 157.09
794.39 166.52 793.37 156.85
796.62 166.29 795.60 156.62
798.85 166.06 797.83 156.38
801.08 165.83 800.06 156.14
803.31 165.59 802.29 155.90
805.54 165.36 804.52 155.66
807.77 165.13 806.75 155.43
810.00 164.90 808.98 155.19
812.23 164.66 811.21 154.95
814.46 164.43 813.44 154.71
816.69 164.20 815.67 154.47
818.92 163.97 817.90 154.24
821.15 163.73 820.13 154.00
823.38 163.50 822.36 153.76
825.61 163.27 824.59 153.52
827.84 163.04 826.82 153.29
830.07 162.81 829.05 153.05
832.30 162.57 831.28 152.81
834.53 162.34 833.51 152.57
836.77 162.11 835.73 152.33
839.00 161.88 837.96 152.10
841.23 161.64 840.19 151.86
843.46 161.41 842.42 151.62
845.69 161.18 844.65 151.38
847.92 160.95 846.88 151.15
850.15 160.71 849.11 150.91
852.38 160.48 851.34 150.67
854.61 160.25 853.57 150.43
856.84 160.01 855.80 150.20
859.07 159.78 858.03 149.96
861.30 159.55 860.26 149.72
863.53 159.32 862.49 149.48
865.76 159.08 864.72 149.25
867.99 158.85 866.95 149.01
870.22 158.62 869.18 148.77
872.45 158.39 871.41 148.53
874.68 158.15 873.64 148.30
876.91 157.92 875.87 148.06
879.14 157.69 878.10 147.82
881.37 157.45 880.33 147.58
883.60 157.22 882.56 147.35
885.83 156.99 884.79 147.11
888.06 156.75 887.02 146.87
890.29 156.52 889.25 146.64
892.52 156.29 891.48 146.40
894.75 156.06 893.71 146.16
896.98 155.82 895.94 145.92
899.21 155.59 898.17 145.69
901.44 155.36 900.40 145.45
903.67 155.12 902.63 145.21
905.90 154.89 904.86 144.98
908.13 154.66 907.09 144.74
910.36 154.42 909.32 144.50
912.59 154.19 911.55 144.26
914.82 153.96 913.78 144.03
917.05 153.72 916.01 143.79
919.28 153.49 918.24 143.55
921.51 153.26 920.47 143.32
923.74 153.02 922.70 143.08
925.97 152.79 924.93 142.84
928.20 152.56 927.16 142.61
930.43 152.32 929.39 142.37
932.66 152.09 931.62 142.13
934.90 151.86 933.84 141.90
937.13 151.62 936.07 141.66
939.36 151.39 938.30 141.42
941.59 151.16 940.53 141.19
943.82 150.92 942.76 140.95
946.05 150.69 944.99 140.71
948.28 150.46 947.22 140.48
950.51 150.22 949.45 140.24
952.74 149.99 951.68 140.00
954.97 149.76 953.91 139.77
957.20 149.52 956.14 139.53
959.43 149.29 958.37 139.29
961.66 149.05 960.60 139.06
963.89 148.82 962.83 138.82
966.12 148.59 965.06 138.58
968.35 148.35 967.29 138.35
970.58 148.12 969.52 138.11
972.81 147.89 971.75 137.87
975.04 147.65 973.98 137.64
977.27 147.42 976.21 137.40
979.50 147.18 978.44 137.17
981.73 146.95 980.67 136.93
983.96 146.72 982.90 136.69
986.19 146.48 985.13 136.46
988.42 146.25 987.36 136.22
990.65 146.01 989.59 135.98
992.88 145.78 991.82 135.75
995.11 145.55 994.05 135.51
997.34 145.31 996.28 135.27
999.57 145.08 998.51 135.04
1001.80 144.84 1000.74 134.80
1004.03 144.61 1002.97 134.57
1006.26 144.38 1005.20 134.33
1008.49 144.14 1007.43 134.09
1010.72 143.91 1009.66 133.86
1012.95 143.67 1011.89 133.62
1015.18 143.44 1014.12 133.39
1017.41 143.21 1016.35 133.15
1019.64 142.97 1018.58 132.91
1021.87 142.74 1020.81 132.68
1024.10 142.50 1023.04 132.44
1026.33 142.27 1025.27 132.21
1028.56 142.03 1027.50 131.97
1030.79 141.80 1029.73 131.73
1033.02 141.57 1031.96 131.50
1035.25 141.33 1034.19 131.26
1037.48 141.10 1036.42 131.03
1039.71 140.86 1038.65 130.79
1041.94 140.63 1040.88 130.56
1044.17 140.39 1043.11 130.32
1046.40 140.16 1045.34 130.08
1048.63 139.92 1047.57 129.85
1050.86 139.69 1049.80 129.61
1053.09 139.46 1052.03 129.38
1055.32 139.22 1054.26 129.14
1057.55 138.99 1056.49 128.91
1059.78 138.75 1058.72 128.67
1062.01 138.52 1060.95 128.43
1064.24 138.28 1063.18 128.20
1066.47 138.05 1065.41 127.96
1068.70 137.81 1067.64 127.73
1070.93 137.58 1069.87 127.49
1073.16 137.34 1072.10 127.26
1075.39 137.11 1074.33 127.02
1077.62 136.87 1076.56 126.79
1079.85 136.64 1078.79 126.55
1082.08 136.40 1081.02 126.31
1084.31 136.17 1083.25 126.08
1086.54 135.93 1085.48 125.84
1088.77 135.70 1087.71 125.61
1091.00 135.47 1089.94 125.37
1093.23 135.23 1092.17 125.14
1095.46 135.00 1094.40 124.90
1097.69 134.76 1096.63 124.67
1099.92 134.53 1098.86 124.43
1102.15 134.29 1101.09 124.20
1104.38 134.06 1103.32 123.96
1106.61 133.82 1105.55 123.73
1108.84 133.59 1107.78 123.49
1111.07 133.35 1110.01 123.26
1113.30 133.12 1112.24 123.02
1115.53 132.88 1114.47 122.79
1117.76 132.65 1116.70 122.55
1119.99 132.41 1118.93 122.32
1122.22 132.17 1121.16 122.08
1124.45 131.94 1123.39 121.85
1126.68 131.70 1125.62 121.61
1128.91 131.47 1127.85 121.38
1131.14 131.23 1130.08 121.14
1133.37 131.00 1132.31 120.91
1135.60 130.76 1134.54 120.67
1137.83 130.53 1136.77 120.44
1140.06 130.29 1139.00 120.20
1142.29 130.06 1141.23 119.97
1144.52 129.82 1143.46 119.73
1146.75 129.59 1145.69 119.50
1148.98 129.35 1147.92 119.26
1151.21 129.12 1150.15 119.03
1153.44 128.88 1152.38 118.79
1155.67 128.65 1154.61 118.56
1157.90 128.41 1156.84 118.32
1160.13 128.17 1159.07 118.09
1162.36 127.94 1161.30 117.85
1164.59 127.70 1163.53 117.62
1166.82 127.47 1165.76 117.38
1169.05 127.23 1167.99 117.15
1171.28 127.00 1170.22 116.91
1173.51 126.76 1172.45 116.68
1175.74 126.52 1174.68 116.45
1177.97 126.29 1176.91 116.21
1180.20 126.05 1179.14 115.98
1182.43 125.82 1181.37 115.74
1184.66 125.58 1183.60 115.51
1186.89 125.35 1185.83 115.27
1189.12 125.11 1188.06 115.04
1191.35 124.87 1190.29 114.80
1193.58 124.64 1192.52 114.57
1195.81 124.40 1194.75 114.34
1198.04 124.17 1196.98 114.10
1200.27 123.93 1199.21 113.87
1202.50 123.70 1201.44 113.63
1204.73 123.46 1203.67 113.40
1206.96 123.22 1205.90 113.16
1209.19 122.99 1208.13 112.93
1211.42 122.75 1210.36 112.70
1213.65 122.52 1212.59 112.46
1215.88 122.28 1214.82 112.23
1218.11 122.04 1217.05 111.99
1220.34 121.81 1219.28 111.76
1222.57 121.57 1221.51 111.52
1224.80 121.34 1223.74 111.29
1227.03 121.10 1225.97 111.06
1229.26 120.86 1228.20 110.82
1231.49 120.63 1230.43 110.59
1233.72 120.39 1232.66 110.35
1235.95 120.16 1234.89 110.12
1238.18 119.92 1237.12 109.89
1240.41 119.68 1239.35 109.65
1242.64 119.45 1241.58 109.42
1244.87 119.21 1243.81 109.18
1247.10 118.97 1246.04 108.95
1249.33 118.74 1248.27 108.72
1251.56 118.50 1250.50 108.48
1253.79 118.26 1252.73 108.25
1256.02 118.03 1254.96 108.01
1258.25 117.79 1257.19 107.78
1260.48 117.56 1259.42 107.55
1262.71 117.32 1261.65 107.31
1264.94 117.08 1263.88 107.08
1267.17 116.85 1266.11 106.85
1269.40 116.61 1268.34 106.61
1271.63 116.37 1270.57 106.38
1273.86 116.14 1272.80 106.14
1276.09 115.90 1275.03 105.91
1278.32 115.66 1277.26 105.68
1280.55 115.43 1279.49 105.44
1282.78 115.19 1281.72 105.21
1285.01 114.95 1283.95 104.98
1287.24 114.72 1286.18 104.74
1289.47 114.48 1288.41 104.51
1291.70 114.24 1290.64 104.28
1293.93 114.01 1292.87 104.04
1296.16 113.77 1295.10 103.81
1298.38 113.53 1297.34 103.58
1300.61 113.30 1299.57 103.34
1302.84 113.06 1301.80 103.11
1305.07 112.82 1304.03 102.88
1307.30 112.59 1306.26 102.64
1309.53 112.35 1308.49 102.41
1311.76 112.11 1310.72 102.18
1313.99 111.88 1312.95 101.94
1316.22 111.64 1315.18 101.71
1318.45 111.40 1317.41 101.48
1320.68 111.16 1319.64 101.24
1322.91 110.93 1321.87 101.01
1325.14 110.69 1324.10 100.78
1327.37 110.45 1326.33 100.54
1329.60 110.22 1328.56 100.31
1331.83 109.98 1330.79 100.08
1334.06 109.74 1333.02 99.84
1336.29 109.50 1335.25 99.61
1338.52 109.27 1337.48 99.38
1340.75 109.03 1339.71 99.14
1342.98 108.79 1341.94 98.91
1345.21 108.56 1344.17 98.68
1347.44 108.32 1346.40 98.45
1349.67 108.08 1348.63 98.21
1351.90 107.84 1350.86 97.98
1354.13 107.61 1353.09 97.75
1356.36 107.37 1355.32 97.51
1358.59 107.13 1357.55 97.28
1360.82 106.90 1359.78 97.05
1363.05 106.66 1362.01 96.82
1365.28 106.42 1364.24 96.58
1367.51 106.18 1366.47 96.35
1369.74 105.95 1368.70 96.12
1371.97 105.71 1370.93 95.88
1374.20 105.47 1373.16 95.65
1376.43 105.23 1375.39 95.42
1378.66 105.00 1377.62 95.19
1380.89 104.76 1379.85 94.95
1383.12 104.52 1382.08 94.72
1385.35 104.28 1384.31 94.49
1387.58 104.04 1386.54 94.26
1389.81 103.81 1388.77 94.02
1392.04 103.57 1391.00 93.79
1394.27 103.33 1393.23 93.56
1396.49 103.09 1395.47 93.33
1398.72 102.86 1397.70 93.09
1400.95 102.62 1399.93 92.86
1403.18 102.38 1402.16 92.63
1405.41 102.14 1404.39 92.40
1407.64 101.91 1406.62 92.16
1409.87 101.67 1408.85 91.93
1412.10 101.43 1411.08 91.70
1414.33 101.19 1413.31 91.47
1416.56 100.95 1415.54 91.23
1418.79 100.72 1417.77 91.00
1421.02 100.48 1420.00 90.77
1423.25 100.24 1422.23 90.54
1425.48 100.00 1424.46 90.31
1427.71 99.76 1426.69 90.07
1429.94 99.53 1428.92 89.84
1432.17 99.29 1431.15 89.61
1434.40 99.05 1433.38 89.38
1436.63 98.81 1435.61 89.14
1438.86 98.57 1437.84 88.91
1441.09 98.33 1440.07 88.68
1443.32 98.10 1442.30 88.45
1445.55 97.86 1444.53 88.22
1447.78 97.62 1446.76 87.98
1450.01 97.38 1448.99 87.75
1452.24 97.14 1451.22 87.52
1454.47 96.91 1453.45 87.29
1456.70 96.67 1455.68 87.06
1458.93 96.43 1457.91 86.83
1461.16 96.19 1460.14 86.59
1463.39 95.95 1462.37 86.36
1465.62 95.71 1464.60 86.13
1467.84 95.48 1466.84 85.90
1470.07 95.24 1469.07 85.67
1472.30 95.00 1471.30 85.43
1474.53 94.76 1473.53 85.20
1476.76 94.52 1475.76 84.97
1478.99 94.28 1477.99 84.74
1481.22 94.04 1480.22 84.51
1483.45 93.81 1482.45 84.28
1485.68 93.57 1484.68 84.04
1487.91 93.33 1486.91 83.81
1490.14 93.09 1489.14 83.58
1492.37 92.85 1491.37 83.35
1494.60 92.61 1493.60 83.12
1496.83 92.37 1495.83 82.89
1499.06 92.13 1498.06 82.66
1501.29 91.90 1500.29 82.42
1503.52 91.66 1502.52 82.19
1505.75 91.42 1504.75 81.96
1507.98 91.18 1506.98 81.73
1510.21 90.94 1509.21 81.50
1512.44 90.70 1511.44 81.27
1514.67 90.46 1513.67 81.04
1516.90 90.22 1515.90 80.81
1519.13 89.98 1518.13 80.57
1521.36 89.74 1520.36 80.34
1523.59 89.51 1522.59 80.11
1525.81 89.27 1524.83 79.88
1528.04 89.03 1527.06 79.65
1530.27 88.79 1529.29 79.42
1532.50 88.55 1531.52 79.19
1534.73 88.31 1533.75 78.96
1536.96 88.07 1535.98 78.73
1539.19 87.83 1538.21 78.49
1541.42 87.59 1540.44 78.26
1543.65 87.35 1542.67 78.03
1545.88 87.11 1544.90 77.80
1548.11 86.87 1547.13 77.57
1550.34 86.64 1549.36 77.34
1552.57 86.40 1551.59 77.11
1554.80 86.16 1553.82 76.88
1557.03 85.92 1556.05 76.65
1559.26 85.68 1558.28 76.42
1561.49 85.44 1560.51 76.19
1563.72 85.20 1562.74 75.96
1565.95 84.96 1564.97 75.73
1568.18 84.72 1567.20 75.49
1570.41 84.48 1569.43 75.26
1572.64 84.24 1571.66 75.03
1574.86 84.00 1573.90 74.80
1577.09 83.76 1576.13 74.57
1579.32 83.52 1578.36 74.34
1581.55 83.28 1580.59 74.11
1583.78 83.04 1582.82 73.88
1586.01 82.80 1585.05 73.65
1588.24 82.56 1587.28 73.42
1590.47 82.32 1589.51 73.19
1592.70 82.08 1591.74 72.96
1594.93 81.84 1593.97 72.73
1597.16 81.60 1596.20 72.50
1599.39 81.36 1598.43 72.27
1601.62 81.12 1600.66 72.04
1603.85 80.88 1602.89 71.81
1606.08 80.64 1605.12 71.58
1608.31 80.40 1607.35 71.35
1610.54 80.16 1609.58 71.12
1612.77 79.92 1611.81 70.89
1615.00 79.68 1614.04 70.66
1617.23 79.44 1616.27 70.43
1619.45 79.20 1618.51 70.20
1621.68 78.96 1620.74 69.97
1623.91 78.72 1622.97 69.74
1626.14 78.48 1625.20 69.51
1628.37 78.24 1627.43 69.28
1630.60 78.00 1629.66 69.05
1632.83 77.76 1631.89 68.82
1635.06 77.52 1634.12 68.59
1637.29 77.28 1636.35 68.36
1639.52 77.04 1638.58 68.13
1641.75 76.80 1640.81 67.90
1643.98 76.56 1643.04 67.67
1646.21 76.32 1645.27 67.44
1648.44 76.08 1647.50 67.21
1650.67 75.84 1649.73 66.98
1652.90 75.60 1651.96 66.75
1655.13 75.35 1654.19 66.52
1657.36 75.11 1656.42 66.29
1659.58 74.87 1658.66 66.06
1661.81 74.63 1660.89 65.83
1664.04 74.39 1663.12 65.60
1666.27 74.15 1665.35 65.37
1668.50 73.91 1667.58 65.14
1670.73 73.67 1669.81 64.92
1672.96 73.43 1672.04 64.69
1675.19 73.19 1674.27 64.46
1677.42 72.95 1676.50 64.23
1679.65 72.70 1678.73 64.00
1681.88 72.46 1680.96 63.77
1684.11 72.22 1683.19 63.54
1686.34 71.98 1685.42 63.31
1688.57 71.74 1687.65 63.08
1690.80 71.50 1689.88 62.85
1693.03 71.26 1692.11 62.62
1695.25 71.02 1694.35 62.39
1697.48 70.78 1696.58 62.17
1699.71 70.53 1698.81 61.94
1701.94 70.29 1701.04 61.71
1704.17 70.05 1703.27 61.48
1706.40 69.81 1705.50 61.25
1708.63 69.57 1707.73 61.02
1710.86 69.33 1709.96 60.79
1713.09 69.09 1712.19 60.56
1715.32 68.84 1714.42 60.34
1717.55 68.60 1716.65 60.11
1719.78 68.36 1718.88 59.88
1722.01 68.12 1721.11 59.65
1724.24 67.88 1723.34 59.42
1726.47 67.64 1725.57 59.19
1728.69 67.39 1727.81 58.96
1730.92 67.15 1730.04 58.74
1733.15 66.91 1732.27 58.51
1735.38 66.67 1734.50 58.28
1737.61 66.43 1736.73 58.05
1739.84 66.19 1738.96 57.82
1742.07 65.94 1741.19 57.59
1744.30 65.70 1743.42 57.37
1746.53 65.46 1745.65 57.14
1748.76 65.22 1747.88 56.91
1750.99 64.98 1750.11 56.68
1753.22 64.73 1752.34 56.45
1755.45 64.49 1754.57 56.23
1757.67 64.25 1756.81 56.00
1759.90 64.01 1759.04 55.77
1762.13 63.76 1761.27 55.54
1764.36 63.52 1763.50 55.31
1766.59 63.28 1765.73 55.09
1768.82 63.04 1767.96 54.86
1771.05 62.79 1770.19 54.63
1773.28 62.55 1772.42 54.40
1775.51 62.31 1774.65 54.17
1777.74 62.07 1776.88 53.95
1779.97 61.82 1779.11 53.72
1782.20 61.58 1781.34 53.49
1784.43 61.34 1783.57 53.26
1786.65 61.10 1785.81 53.04
1788.88 60.85 1788.04 52.81
1791.11 60.61 1790.27 52.58
1793.34 60.37 1792.50 52.35
1795.57 60.13 1794.73 52.13
1797.80 59.88 1796.96 51.90
1800.03 59.64 1799.19 51.67
1802.26 59.40 1801.42 51.45
1804.49 59.15 1803.65 51.22
1806.72 58.91 1805.88 50.99
1808.95 58.67 1808.11 50.76
1811.18 58.42 1810.34 50.54
1813.40 58.18 1812.58 50.31
1815.63 57.94 1814.81 50.08
1817.86 57.69 1817.04 49.86
1820.09 57.45 1819.27 49.63
1822.32 57.21 1821.50 49.40
1824.55 56.96 1823.73 49.18
1826.78 56.72 1825.96 48.95
1829.01 56.48 1828.19 48.72
1831.24 56.23 1830.42 48.49
1833.47 55.99 1832.65 48.27
1835.70 55.75 1834.88 48.04
1837.93 55.50 1837.11 47.82
1840.15 55.26 1839.35 47.59
1842.38 55.02 1841.58 47.36
1844.61 54.77 1843.81 47.14
1846.84 54.53 1846.04 46.91
1849.07 54.28 1848.27 46.68
1851.30 54.04 1850.50 46.46
1853.53 53.80 1852.73 46.23
1855.76 53.55 1854.96 46.00
1857.99 53.31 1857.19 45.78
1860.22 53.06 1859.42 45.55
1862.45 52.82 1861.65 45.33
1864.67 52.58 1863.89 45.10
1866.90 52.33 1866.12 44.87
1869.13 52.09 1868.35 44.65
1871.36 51.84 1870.58 44.42
1873.59 51.60 1872.81 44.20
1875.82 51.35 1875.04 43.97
1878.05 51.11 1877.27 43.75
1880.28 50.86 1879.50 43.52
1882.51 50.62 1881.73 43.29
1884.74 50.38 1883.96 43.07
1886.96 50.13 1886.20 42.84
1889.19 49.89 1888.43 42.62
1891.42 49.64 1890.66 42.39
1893.65 49.40 1892.89 42.17
1895.88 49.15 1895.12 41.94
1898.11 48.91 1897.35 41.72
1900.34 48.66 1899.58 41.49
1902.57 48.42 1901.81 41.27
1904.80 48.17 1904.04 41.04
1907.02 47.93 1906.28 40.82
1909.25 47.68 1908.51 40.59
1911.48 47.43 1910.74 40.37
1913.71 47.19 1912.97 40.14
1915.94 46.94 1915.20 39.92
1918.17 46.70 1917.43 39.69
1920.40 46.45 1919.66 39.47
1922.63 46.21 1921.89 39.24
1924.86 45.96 1924.12 39.02
1927.08 45.72 1926.36 38.79
1929.31 45.47 1928.59 38.57
1931.54 45.22 1930.82 38.35
1933.77 44.98 1933.05 38.12
1936.00 44.73 1935.28 37.90
1938.23 44.49 1937.51 37.67
1940.46 44.24 1939.74 37.45
1942.69 43.99 1941.97 37.23
1944.92 43.75 1944.20 37.00
1947.14 43.50 1946.44 36.78
1949.37 43.25 1948.67 36.55
1951.60 43.01 1950.90 36.33
1953.83 42.76 1953.13 36.11
1956.06 42.51 1955.36 35.88
1958.29 42.27 1957.59 35.66
1960.52 42.02 1959.82 35.44
1962.75 41.77 1962.05 35.21
1964.97 41.53 1964.29 34.99
1967.20 41.28 1966.52 34.77
1969.43 41.03 1968.75 34.54
1971.66 40.79 1970.98 34.32
1973.89 40.54 1973.21 34.10
1976.12 40.29 1975.44 33.87
1978.35 40.04 1977.67 33.65
1980.58 39.80 1979.90 33.43
1982.80 39.55 1982.14 33.21
1985.03 39.30 1984.37 32.98
1987.26 39.05 1986.60 32.76
1989.49 38.81 1988.83 32.54
1991.72 38.56 1991.06 32.32
1993.95 38.31 1993.29 32.09
1996.18 38.06 1995.52 31.87
1998.40 37.81 1997.76 31.65
2000.63 37.56 1999.99 31.43
2002.86 37.32 2002.22 31.21
2005.09 37.07 2004.45 30.98
2007.32 36.82 2006.68 30.76
2009.55 36.57 2008.91 30.54
2011.78 36.32 2011.14 30.32
2014.00 36.07 2013.38 30.10
2016.23 35.82 2015.61 29.88
2018.46 35.58 2017.84 29.66
2020.69 35.33 2020.07 29.43
2022.92 35.08 2022.30 29.21
2025.15 34.83 2024.53 28.99
2027.38 34.58 2026.76 28.77
2029.60 34.33 2029.00 28.55
2031.83 34.08 2031.23 28.33
2034.06 33.83 2033.46 28.11
2036.29 33.58 2035.69 27.89
2038.52 33.33 2037.92 27.67
2040.75 33.08 2040.15 27.45
2042.98 32.83 2042.38 27.23
2045.20 32.58 2044.62 27.01
2047.43 32.33 2046.85 26.79
2049.66 32.08 2049.08 26.57
2051.89 31.83 2051.31 26.35
2054.12 31.58 2053.54 26.13
2056.35 31.33 2055.77 25.91
2058.57 31.07 2058.01 25.69
2060.80 30.82 2060.24 25.47
2063.03 30.57 2062.47 25.26
2065.26 30.32 2064.70 25.04
2067.49 30.07 2066.93 24.82
2069.72 29.82 2069.16 24.60
2071.94 29.57 2071.40 24.38
2074.17 29.31 2073.63 24.16
2076.40 29.06 2075.86 23.94
2078.63 28.81 2078.09 23.73
2080.86 28.56 2080.32 23.51
2083.08 28.30 2082.56 23.29
2085.31 28.05 2084.79 23.07
2087.54 27.80 2087.02 22.86
2089.77 27.55 2089.25 22.64
2092.00 27.29 2091.48 22.42
2094.22 27.04 2093.72 22.21
2096.45 26.78 2095.95 21.99
2098.68 26.53 2098.18 21.77
2100.91 26.28 2100.41 21.56
2103.14 26.02 2102.64 21.34
2105.36 25.77 2104.88 21.13
2107.59 25.51 2107.11 20.91
2109.82 25.26 2109.34 20.70
2112.05 25.00 2111.57 20.48
2114.28 24.75 2113.80 20.27
2116.50 24.49 2116.04 20.05
2118.73 24.24 2118.27 19.84
2120.96 23.98 2120.50 19.62
2123.19 23.72 2122.73 19.41
2125.42 23.47 2124.96 19.19
2127.64 23.21 2127.20 18.98
2129.87 22.95 2129.43 18.77
2132.10 22.70 2131.66 18.56
2134.33 22.44 2133.89 18.34
2136.55 22.18 2136.13 18.13
2138.78 21.92 2138.36 17.92
2141.01 21.66 2140.59 17.71
2143.24 21.40 2142.82 17.50
2145.46 21.14 2145.06 17.28
2147.69 20.89 2147.29 17.07
2149.92 20.63 2149.52 16.86
2152.15 20.36 2151.75 16.65
2154.37 20.10 2153.99 16.45
2156.60 19.84 2156.22 16.24
2158.83 19.58 2158.45 16.03
2161.05 19.32 2160.69 15.82
2163.28 19.06 2162.92 15.61
2165.51 18.79 2165.15 15.41
2167.74 18.53 2167.38 15.20
2169.96 18.26 2169.62 14.99
2172.19 18.00 2171.85 14.79
2174.42 17.73 2174.08 14.58
2176.64 17.47 2176.32 14.38
2178.87 17.20 2178.55 14.18
2181.10 16.93 2180.78 13.97
2183.32 16.67 2183.02 13.77
2185.55 16.40 2185.25 13.57
2187.78 16.13 2187.48 13.37
2190.00 15.85 2189.72 13.17
2192.23 15.58 2191.95 12.97
2194.45 15.31 2194.19 12.78
2196.68 15.03 2196.42 12.58
2198.91 14.76 2198.65 12.39
2201.13 14.48 2200.89 12.19
2203.36 14.20 2203.12 12.00
2205.58 13.92 2205.36 11.81
2207.81 13.64 2207.59 11.63
2210.03 13.35 2209.83 11.44
2212.25 13.06 2212.07 11.26
2214.48 12.77 2214.30 11.09
2216.70 12.47 2216.54 10.91
2218.93 12.17 2218.77 10.74
2221.15 11.86 2221.01 10.58
2223.37 11.54 2223.25 10.43
2225.59 11.20 2225.49 10.30
2227.80 10.84 2227.74 10.20
2230.00 10.28 2230.00 10.28
