0.00 246.43
10.00 240.74
20.00 239.10
30.00 235.86
40.00 229.28
50.00 224.34
60.00 220.30
70.00 216.16
80.00 207.07
90.00 203.03
100.00 198.09
110.00 193.95
120.00 187.36
130.00 183.33
140.00 179.19
150.00 174.25
160.00 168.56
170.00 166.92
180.00 161.98
190.00 152.89
200.00 147.15
210.00 143.01
220.00 139.77
230.00 134.08
240.00 130.74
250.00 127.51
260.00 122.57
270.00 120.92
280.00 117.68
290.00 116.04
300.00 114.50
310.00 107.91
320.00 102.97
330.00 98.83
340.00 93.94
350.00 92.40
360.00 89.96
370.00 87.52
380.00 83.43
390.00 80.19
400.00 76.85
410.00 72.81
420.00 68.73
430.00 66.29
440.00 63.05
450.00 60.61
460.00 56.52
470.00 54.08
480.00 51.64
490.00 49.25
500.00 46.01
510.00 43.57
520.00 41.13
530.00 37.04
540.00 34.60
550.00 34.60
560.00 32.96
570.00 28.07
580.00 28.13
590.00 27.39
600.00 26.65
610.00 25.06
620.00 24.32
630.00 23.48
640.00 22.79
650.00 22.85
660.00 22.91
670.00 22.17
680.00 21.38
690.00 21.44
700.00 21.50
710.00 20.76
720.00 20.87
730.00 20.93
740.00 20.99
750.00 19.35
760.00 18.66
770.00 18.72
780.00 18.78
790.00 18.29
800.00 17.85
810.00 17.31
820.00 17.31
830.00 16.72
840.00 15.78
850.00 15.64
860.00 14.90
870.00 14.01
880.00 13.57
890.00 13.13
900.00 12.69
910.00 12.10
920.00 12.16
930.00 11.82
940.00 10.83
950.00 10.89
960.00 10.95
970.00 11.01
980.00 11.12
990.00 11.18
1000.00 11.24
1010.00 11.29
1020.00 11.40
1030.00 11.46
1040.00 11.52
1050.00 11.58
1060.00 11.69
1070.00 11.75
1080.00 11.41
1090.00 11.52
1100.00 11.52
1110.00 11.58
1120.00 11.64
1130.00 11.75
1140.00 11.81
1150.00 11.87
1160.00 11.93
1170.00 12.44
1180.00 12.49
1190.00 12.55
1200.00 12.61
1210.00 12.72
1220.00 12.78
1230.00 12.84
1240.00 12.90
1250.00 13.01
1260.00 13.07
1270.00 13.13
1280.00 13.24
1290.00 13.30
1300.00 13.35
1310.00 13.41
1320.00 13.12
1330.00 13.18
1340.00 13.64
1350.00 13.30
1360.00 11.91
1370.00 10.87
1380.00 10.87
1390.00 10.23
1400.00 7.74
1410.00 6.29
1420.00 5.25
1430.00 4.16
1440.00 4.22
1450.00 4.28
1460.00 4.34
1470.00 4.45
1480.00 4.51
1490.00 4.56
1500.00 4.62
1510.00 4.73
1520.00 4.79
1530.00 5.65
1540.00 4.91
1550.00 4.32
1560.00 4.37
1570.00 4.43
1580.00 4.54
1590.00 4.60
1600.00 4.66
1610.00 4.72
1620.00 5.23
1630.00 5.28
1640.00 5.64
1650.00 6.10
1660.00 6.15
1670.00 6.61
1680.00 5.87
1690.00 5.93
1700.00 6.04
1710.00 6.09
1720.00 8.45
1730.00 8.56
1740.00 8.62
1750.00 8.68
1760.00 8.74
1770.00 8.84
1780.00 8.90
1790.00 8.96
1800.00 9.02
1810.00 9.13
1820.00 9.19
1830.00 9.24
1840.00 9.30
1850.00 7.91
1860.00 7.57
1870.00 7.23
1880.00 6.63
1890.00 6.29
1900.00 5.95
1910.00 5.71
1920.00 5.02
1930.00 5.02
1940.00 4.67
1950.00 4.73
1960.00 4.14
1970.00 3.80
1980.00 3.56
1990.00 3.21
2000.00 2.92
2010.00 2.58
2020.00 2.24
2030.00 2.05
2040.00 1.70
2050.00 1.76
2060.00 1.82
2070.00 1.23
2080.00 0.88
2090.00 0.14
2100.00 0.00
2110.00 0.11
2120.00 0.37
2130.00 1.62
2140.00 2.38
2150.00 3.19
2160.00 4.05
2170.00 4.50
2180.00 4.61
2190.00 3.87
2200.00 3.23
2210.00 3.23
2220.00 0.83
2230.00 0.89
2240.00 0.95
2250.00 2.71
2260.00 4.31
2270.00 4.37
2280.00 4.43
2290.00 4.49
2300.00 4.59
2310.00 4.65
2320.00 4.71
2330.00 4.77
2340.00 4.87
2350.00 4.93
2360.00 4.99
2370.00 5.10
2380.00 5.15
2390.00 5.21
2400.00 3.77
2410.00 4.27
2420.00 3.93
2430.00 3.99
2440.00 3.75
2450.00 3.85
2460.00 3.11
2470.00 2.77
2480.00 2.62
2490.00 2.68
2500.00 2.73
2510.00 2.79
2520.00 2.90
2530.00 2.95
2540.00 3.01
2550.00 3.07
2560.00 3.17
2570.00 3.23
2580.00 3.29
2590.00 3.35
2600.00 3.45
2610.00 3.71
2620.00 4.57
2630.00 5.02
2640.00 5.43
2650.00 5.89
2660.00 5.94
2670.00 6.05
2680.00 6.11
2690.00 6.16
2700.00 6.22
2710.00 6.33
2720.00 6.38
2730.00 6.44
2740.00 6.50
2750.00 7.00
2760.00 6.66
2770.00 6.66
2780.00 6.72
2790.00 6.82
2800.00 5.78
2810.00 5.84
2820.00 7.04
2830.00 7.10
2840.00 5.26
2850.00 5.11
2860.00 8.42
2870.00 8.48
2880.00 8.53
2890.00 8.59
2900.00 8.70
2910.00 8.75
2920.00 8.81
2930.00 8.87
2940.00 8.97
2950.00 6.83
2960.00 6.88
2970.00 9.19
2980.00 7.05
2990.00 7.10
3000.00 7.16
3010.00 7.27
3020.00 7.32
3030.00 7.38
3040.00 7.38
3050.00 7.48
3060.00 7.54
3070.00 7.60
3080.00 7.65
3090.00 7.76
3100.00 7.82
3110.00 7.87
3120.00 7.98
3130.00 8.03
3140.00 8.09
3150.00 8.15
3160.00 8.25
3170.00 8.31
3180.00 8.36
3190.00 8.42
3200.00 8.53
3210.00 8.58
3220.00 8.64
3230.00 8.69
3240.00 9.50
3250.00 9.55
3260.00 9.61
3270.00 9.72
3280.00 9.77
3290.00 9.83
3300.00 9.58
3310.00 9.69
3320.00 9.69
3330.00 9.75
3340.00 9.80
3350.00 9.51
3360.00 9.56
3370.00 9.62
3380.00 9.67
3390.00 9.38
3400.00 9.44
3410.00 9.49
3420.00 9.55
3430.00 9.25
3440.00 9.31
3450.00 9.36
3460.00 9.27
3470.00 9.32
3480.00 9.38
3490.00 9.44
3500.00 9.54
3510.00 9.60
3520.00 9.65
3530.00 9.71
3540.00 9.81
3550.00 9.87
3560.00 9.92
3570.00 9.98
3580.00 10.08
3590.00 10.14
3600.00 10.14
3610.00 10.24
3620.00 10.30
3630.00 10.36
3640.00 10.41
3650.00 10.52
3660.00 10.57
3670.00 10.63
3680.00 10.68
3690.00 10.79
3700.00 10.84
3710.00 10.90
3720.00 10.95
3730.00 11.06
3740.00 11.11
3750.00 11.17
3760.00 11.27
3770.00 11.33
3780.00 11.38
3790.00 11.44
3800.00 11.54
3810.00 11.60
3820.00 11.65
3830.00 11.71
3840.00 11.81
3850.00 11.87
3860.00 11.92
3870.00 11.98
3880.00 12.03
3890.00 12.08
3900.00 12.14
3910.00 12.24
3920.00 12.30
3930.00 12.35
3940.00 12.41
3950.00 12.51
3960.00 12.56
3970.00 12.62
3980.00 12.67
3990.00 12.78
4000.00 12.83
4010.00 12.89
4020.00 12.94
4030.00 13.05
4040.00 13.10
4050.00 13.16
4060.00 13.26
4070.00 13.32
4080.00 13.37
4090.00 13.42
4100.00 13.53
4110.00 13.58
4120.00 13.64
4130.00 13.69
4140.00 13.80
4150.00 13.80
4160.00 13.85
4170.00 13.91
4180.00 14.01
4190.00 14.06
4200.00 14.12
4210.00 14.22
4220.00 14.28
4230.00 14.33
4240.00 14.39
4250.00 14.49
4260.00 14.54
4270.00 14.60
4280.00 14.65
4290.00 14.76
4300.00 14.81
4310.00 14.87
4320.00 14.92
4330.00 15.02
4340.00 15.08
4350.00 15.13
4360.00 15.24
4370.00 15.29
4380.00 15.34
4390.00 15.40
4400.00 15.50
4410.00 15.56
4420.00 15.61
4430.00 15.61
4440.00 15.71
4450.00 15.77
4460.00 15.82
4470.00 15.88
4480.00 15.98
4490.00 16.03
4500.00 16.09
4510.00 16.19
4520.00 16.24
4530.00 16.30
4540.00 16.35
4550.00 16.46
4560.00 16.51
4570.00 16.56
4580.00 16.62
4590.00 16.72
4600.00 16.77
4610.00 16.83
4620.00 16.88
4630.00 16.99
4640.00 17.04
4650.00 17.09
4660.00 17.15
4670.00 17.25
4680.00 17.30
4690.00 17.36
4700.00 17.46
4710.00 17.46
4720.00 17.51
4730.00 17.57
4740.00 17.67
4750.00 17.72
4760.00 17.78
4770.00 17.83
4780.00 17.93
4790.00 17.99
4800.00 18.04
4810.00 18.09
4820.00 18.20
4830.00 18.25
4840.00 18.30
4850.00 18.41
4860.00 18.46
4870.00 18.51
4880.00 18.57
4890.00 18.67
4900.00 18.72
4910.00 18.78
4920.00 18.83
4930.00 18.93
4940.00 18.99
4950.00 19.04
4960.00 19.09
4970.00 19.20
4980.00 19.25
4990.00 19.25
5000.00 19.35
5010.00 19.40
5020.00 19.46
5030.00 19.51
5040.00 19.61
5050.00 19.67
5060.00 19.72
5070.00 19.77
5080.00 19.87
5090.00 19.93
5100.00 19.98
5110.00 20.03
5120.00 20.14
5130.00 20.19
5140.00 20.24
5150.00 20.34
5160.00 20.40
5170.00 20.45
5180.00 20.50
5190.00 20.61
5200.00 20.66
5210.00 20.71
5220.00 20.76
5230.00 20.87
5240.00 20.92
5250.00 20.97
5260.00 20.97
5270.00 21.07
5280.00 21.13
5290.00 21.18
5300.00 21.28
5310.00 21.33
5320.00 21.39
5330.00 21.44
5340.00 21.54
5350.00 21.59
5360.00 21.65
5370.00 21.70
5380.00 21.80
5390.00 21.85
5400.00 21.91
5410.00 21.96
5420.00 22.06
5430.00 22.11
5440.00 22.17
5450.00 22.27
5460.00 22.32
5470.00 22.37
5480.00 22.43
5490.00 22.53
5500.00 22.58
5510.00 22.63
5520.00 22.68
5530.00 22.79
5540.00 22.79
5550.00 22.84
5560.00 22.89
5570.00 22.99
5580.00 23.04
5590.00 23.10
5600.00 23.20
5610.00 23.25
5620.00 23.30
5630.00 23.35
5640.00 23.46
5650.00 23.51
5660.00 23.56
5670.00 23.61
5680.00 23.71
5690.00 23.77
5700.00 23.82
5710.00 23.87
5720.00 23.97
5730.00 24.02
5740.00 24.08
5750.00 24.13
5760.00 24.23
5770.00 24.28
5780.00 24.33
5790.00 24.53
5800.00 24.59
5810.00 24.54
5820.00 24.54
5830.00 25.74
5840.00 25.79
5850.00 25.54
5860.00 25.19
5870.00 26.40
5880.00 25.75
5890.00 25.10
5900.00 25.05
5910.00 25.55
5920.00 25.30
5930.00 25.26
5940.00 25.76
5950.00 25.51
5960.00 25.46
5970.00 25.51
5980.00 26.71
5990.00 28.86
6000.00 27.52
6010.00 27.27
6020.00 25.87
6030.00 25.92
6040.00 25.97
6050.00 26.02
6060.00 26.12
6070.00 26.17
6080.00 26.23
6090.00 26.28
6100.00 26.33
6110.00 26.38
6120.00 26.43
6130.00 26.53
6140.00 26.58
6150.00 26.63
6160.00 26.68
6170.00 26.79
6180.00 26.84
6190.00 26.89
6200.00 26.94
6210.00 27.04
6220.00 27.09
6230.00 27.14
6240.00 27.24
6250.00 27.29
6260.00 27.34
6270.00 27.40
6280.00 27.50
6290.00 27.55
6300.00 27.60
6310.00 27.65
6320.00 27.75
6330.00 27.80
6340.00 27.85
6350.00 27.90
6360.00 28.00
6370.00 28.00
6380.00 28.05
6390.00 28.15
6400.00 28.21
6410.00 28.26
6420.00 28.31
6430.00 28.41
6440.00 28.46
6450.00 28.51
6460.00 28.56
6470.00 28.66
6480.00 28.71
6490.00 28.76
6500.00 28.81
6510.00 28.91
6520.00 28.96
6530.00 29.01
6540.00 29.11
6550.00 29.17
6560.00 29.22
6570.00 29.27
6580.00 29.37
6590.00 29.42
6600.00 29.47
6610.00 29.52
6620.00 29.62
6630.00 29.67
6640.00 29.72
6650.00 29.72
6660.00 29.82
6670.00 29.87
6680.00 29.92
6690.00 30.02
6700.00 30.07
6710.00 30.12
6720.00 30.17
6730.00 30.27
6740.00 31.12
6750.00 32.17
6760.00 34.02
6770.00 34.12
6780.00 35.87
6790.00 37.62
6800.00 39.07
6810.00 38.17
6820.00 40.92
6830.00 43.77
6840.00 45.92
6850.00 48.42
6860.00 52.97
6870.00 60.02
6880.00 65.62
6890.00 70.57
6900.00 75.82
6910.00 80.37
6920.00 86.67
6930.00 86.67
6940.00 90.22
6950.00 92.67
6960.00 91.37
6970.00 92.12
6980.00 92.17
6990.00 92.92
7000.00 92.02
7010.00 93.37
7020.00 95.22
7030.00 94.92
7040.00 95.37
7050.00 95.42
7060.00 95.47
7070.00 92.07
7080.00 91.12
7090.00 88.07
7100.00 85.62
7110.00 80.92
7120.00 79.57
7130.00 77.92
7140.00 76.57
7150.00 73.87
7160.00 73.22
7170.00 73.26
7180.00 71.66
7190.00 71.71
7200.00 71.71
7210.00 71.76
7220.00 70.76
7230.00 71.51
7240.00 71.96
7250.00 72.31
7260.00 70.31
7270.00 71.46
7280.00 72.21
7290.00 72.56
7300.00 72.36
7310.00 73.81
7320.00 75.56
7330.00 75.25
7340.00 76.70
7350.00 78.55
7360.00 80.30
7370.00 82.10
7380.00 85.25
7390.00 88.50
7400.00 91.65
7410.00 92.45
7420.00 93.90
7430.00 95.65
7440.00 95.70
7450.00 94.09
7460.00 94.14
7470.00 94.19
7480.00 92.14
7490.00 91.79
7500.00 91.54
7510.00 90.59
7520.00 87.49
7530.00 86.54
7540.00 85.19
7550.00 84.24
7560.00 81.13
7570.00 80.58
7580.00 80.23
7590.00 79.98
7600.00 76.18
7610.00 76.23
7620.00 77.68
7630.00 75.37
7640.00 74.72
7650.00 73.37
7660.00 72.42
7670.00 68.02
7680.00 66.27
7690.00 66.02
7700.00 65.07
7710.00 63.36
7720.00 63.11
7730.00 63.46
7740.00 63.91
7750.00 63.61
7760.00 63.61
7770.00 63.36
7780.00 62.35
7790.00 62.40
7800.00 62.45
7810.00 62.90
7820.00 62.30
7830.00 62.65
7840.00 63.10
7850.00 63.85
7860.00 63.54
7870.00 64.69
7880.00 65.44
7890.00 66.19
7900.00 66.29
7910.00 66.33
7920.00 66.38
7930.00 67.43
7940.00 68.93
7950.00 69.68
7960.00 70.73
7970.00 70.82
7980.00 71.97
7990.00 73.02
8000.00 73.77
8010.00 73.47
8020.00 73.51
8030.00 73.96
8040.00 73.96
8050.00 73.06
8060.00 73.11
8070.00 72.76
8080.00 72.51
8090.00 71.90
8100.00 72.25
8110.00 72.30
8120.00 72.10
8130.00 72.44
8140.00 73.19
8150.00 72.94
8160.00 71.94
8170.00 71.69
8180.00 71.73
8190.00 71.38
8200.00 70.48
8210.00 70.53
8220.00 69.18
8230.00 68.22
8240.00 69.02
8250.00 69.07
8260.00 69.12
8270.00 68.51
8280.00 68.16
8290.00 67.91
8300.00 67.56
8310.00 66.61
8320.00 67.35
8330.00 68.10
8340.00 68.45
8350.00 67.55
8360.00 66.89
8370.00 64.84
8380.00 63.89
8390.00 61.89
8400.00 61.94
8410.00 60.88
8420.00 59.28
8430.00 59.73
8440.00 59.08
8450.00 58.42
8460.00 57.42
8470.00 56.77
8480.00 56.51
8490.00 56.56
8500.00 55.56
8510.00 55.31
8520.00 55.05
8530.00 55.10
8540.00 54.10
8550.00 54.15
8560.00 54.19
8570.00 52.89
8580.00 53.34
8590.00 53.34
8600.00 53.68
8610.00 52.08
8620.00 51.73
8630.00 51.78
8640.00 52.22
8650.00 51.92
8660.00 52.67
8670.00 52.71
8680.00 52.76
8690.00 51.46
8700.00 51.50
8710.00 51.25
8720.00 49.65
8730.00 49.70
8740.00 49.34
8750.00 49.09
8760.00 47.79
8770.00 47.43
8780.00 47.18
8790.00 46.83
8800.00 45.92
8810.00 45.97
8820.00 45.62
8830.00 45.67
8840.00 45.16
8850.00 45.21
8860.00 45.26
8870.00 46.30
8880.00 46.35
8890.00 46.40
8900.00 46.45
8910.00 43.34
8920.00 43.39
8930.00 43.53
8940.00 43.48
8950.00 43.58
8960.00 43.62
8970.00 43.67
8980.00 43.72
8990.00 43.81
9000.00 43.86
9010.00 43.91
9020.00 44.00
9030.00 44.05
9040.00 44.10
9050.00 44.14
9060.00 44.24
9070.00 44.29
9080.00 44.33
9090.00 44.38
9100.00 44.47
9110.00 44.52
9120.00 44.57
9130.00 44.62
9140.00 44.71
9150.00 44.71
9160.00 44.96
9170.00 45.40
9180.00 45.10
9190.00 45.54
9200.00 45.59
9210.00 45.29
9220.00 45.73
9230.00 45.78
9240.00 45.83
9250.00 45.32
9260.00 45.37
9270.00 45.41
9280.00 45.46
9290.00 45.56
9300.00 45.60
9310.00 45.65
9320.00 45.90
9330.00 46.39
9340.00 47.24
9350.00 47.58
9360.00 46.98
9370.00 46.62
9380.00 46.27
9390.00 46.12
9400.00 46.21
9410.00 46.26
9420.00 46.26
9430.00 46.30
9440.00 46.40
9450.00 46.44
9460.00 46.49
9470.00 46.54
9480.00 46.63
9490.00 46.68
9500.00 46.72
9510.00 46.82
9520.00 46.86
9530.00 46.91
9540.00 46.96
9550.00 47.05
9560.00 47.10
9570.00 47.14
9580.00 47.19
9590.00 47.28
9600.00 47.33
9610.00 47.38
9620.00 47.42
9630.00 47.52
9640.00 47.56
9650.00 47.61
9660.00 47.70
9670.00 47.75
9680.00 47.79
9690.00 47.84
9700.00 47.89
9710.00 47.93
9720.00 47.98
9730.00 48.03
9740.00 48.12
9750.00 48.16
9760.00 48.21
9770.00 48.26
9780.00 48.35
9790.00 48.40
9800.00 48.44
9810.00 48.54
9820.00 48.58
9830.00 48.63
9840.00 48.67
9850.00 48.77
9860.00 48.81
9870.00 48.86
9880.00 48.90
9890.00 49.00
9900.00 49.04
9910.00 49.09
9920.00 49.13
9930.00 49.23
9940.00 49.27
9950.00 49.32
9960.00 49.41
9970.00 49.46
9980.00 49.46
9990.00 49.50
10000.00 49.60
10010.00 49.64
10020.00 49.69
10030.00 49.73
10040.00 49.83
10050.00 49.87
10060.00 49.92
10070.00 49.96
10080.00 50.06
10090.00 50.10
10100.00 50.15
10110.00 50.24
10120.00 50.28
10130.00 50.33
10140.00 50.38
10150.00 50.47
10160.00 50.51
10170.00 50.56
10180.00 50.60
10190.00 50.70
10200.00 50.74
10210.00 50.79
10220.00 50.83
10230.00 50.92
10240.00 50.97
10250.00 51.02
10260.00 51.02
10270.00 51.11
10280.00 51.15
10290.00 51.20
10300.00 51.29
10310.00 51.34
10320.00 51.38
10330.00 51.43
10340.00 51.52
10350.00 51.56
10360.00 51.61
10370.00 51.65
10380.00 51.75
10390.00 51.79
10400.00 51.84
10410.00 51.88
10420.00 51.97
10430.00 52.02
10440.00 52.06
10450.00 52.15
10460.00 52.20
10470.00 52.24
10480.00 52.29
10490.00 52.38
10500.00 52.43
10510.00 52.47
10520.00 52.52
10530.00 52.56
10540.00 52.61
10550.00 52.65
10560.00 52.70
10570.00 52.79
10580.00 52.83
10590.00 52.88
10600.00 52.97
10610.00 53.02
10620.00 53.06
10630.00 53.10
10640.00 53.20
10650.00 53.24
10660.00 53.29
10670.00 53.33
10680.00 53.42
10690.00 53.47
10700.00 53.51
10710.00 53.56
10720.00 53.65
10730.00 53.69
10740.00 53.74
10750.00 53.83
10760.00 53.87
10770.00 53.92
10780.00 53.96
10790.00 54.05
10800.00 54.10
10810.00 54.10
10820.00 54.14
10830.00 54.23
10840.00 54.28
10850.00 54.32
10860.00 54.37
10870.00 54.46
10880.00 54.50
10890.00 54.55
10900.00 54.64
10910.00 54.68
10920.00 54.73
10930.00 54.77
10940.00 54.86
10950.00 54.90
10960.00 54.95
10970.00 54.99
10980.00 55.08
10990.00 55.13
11000.00 55.17
11010.00 55.22
11020.00 55.31
11030.00 55.35
11040.00 55.40
11050.00 55.49
11060.00 55.53
11070.00 55.57
11080.00 55.62
11090.00 55.67
11100.00 55.71
11110.00 55.75
11120.00 55.80
11130.00 55.89
11140.00 55.93
11150.00 55.98
11160.00 56.02
11170.00 56.11
11180.00 56.15
11190.00 56.20
11200.00 56.29
11210.00 56.33
11220.00 56.38
11230.00 56.42
11240.00 56.51
11250.00 56.55
11260.00 56.60
11270.00 56.64
11280.00 56.73
11290.00 56.78
11300.00 56.82
11310.00 56.86
11320.00 56.95
11330.00 57.00
11340.00 57.04
11350.00 57.08
11360.00 57.17
11370.00 57.17
11380.00 57.22
11390.00 57.31
11400.00 57.35
11410.00 57.40
11420.00 57.44
11430.00 57.53
11440.00 57.57
11450.00 57.62
11460.00 57.66
11470.00 57.75
11480.00 57.79
11490.00 57.84
11500.00 57.88
11510.00 57.97
11520.00 58.01
11530.00 58.06
11540.00 58.15
11550.00 58.19
11560.00 58.23
11570.00 58.28
11580.00 58.37
11590.00 58.41
11600.00 58.45
11610.00 58.50
11620.00 58.59
11630.00 58.63
11640.00 58.63
11650.00 58.67
11660.00 58.76
11670.00 58.80
11680.00 58.85
11690.00 58.94
11700.00 58.98
11710.00 59.02
11720.00 59.07
11730.00 59.16
11740.00 59.20
11750.00 59.24
11760.00 59.28
11770.00 59.37
11780.00 59.42
11790.00 59.46
11800.00 59.50
11810.00 59.59
11820.00 59.64
11830.00 59.68
11840.00 59.77
11850.00 59.81
11860.00 59.85
11870.00 59.90
11880.00 59.99
11890.00 60.03
11900.00 60.07
11910.00 60.11
11920.00 60.16
11930.00 60.20
11940.00 60.25
11950.00 60.29
11960.00 60.38
11970.00 60.42
11980.00 60.46
11990.00 60.55
12000.00 60.59
12010.00 60.64
12020.00 60.68
12030.00 60.77
12040.00 60.81
12050.00 60.85
12060.00 60.90
12070.00 60.99
12080.00 61.03
12090.00 61.07
12100.00 61.11
12110.00 61.20
12120.00 61.24
12130.00 61.29
12140.00 61.37
12150.00 61.42
12160.00 61.46
12170.00 61.50
12180.00 61.59
12190.00 61.63
12200.00 61.63
12210.00 61.68
12220.00 61.76
12230.00 61.81
12240.00 61.85
12250.00 61.89
12260.00 61.98
12270.00 62.02
12280.00 62.06
12290.00 62.15
12300.00 62.19
12310.00 62.24
12320.00 62.28
12330.00 62.37
12340.00 62.41
12350.00 62.45
12360.00 62.49
12370.00 62.58
12380.00 62.62
12390.00 62.67
12400.00 62.71
12410.00 62.80
12420.00 62.84
12430.00 62.88
12440.00 62.92
12450.00 63.01
12460.00 63.05
12470.00 63.09
12480.00 63.14
12490.00 63.18
12500.00 63.22
12510.00 63.27
12520.00 63.35
12530.00 63.40
12540.00 63.44
12550.00 63.48
12560.00 63.57
12570.00 63.61
12580.00 63.65
12590.00 63.69
12600.00 63.78
12610.00 63.82
12620.00 63.86
12630.00 63.95
12640.00 63.99
12650.00 64.03
12660.00 64.08
12670.00 64.16
12680.00 64.21
12690.00 64.25
12700.00 64.29
12710.00 64.38
12720.00 64.42
12730.00 64.46
12740.00 64.50
12750.00 64.55
12760.00 64.59
12770.00 64.63
12780.00 64.72
12790.00 64.76
12800.00 64.80
12810.00 64.84
12820.00 64.93
12830.00 64.97
12840.00 65.01
12850.00 65.05
12860.00 65.14
12870.00 65.18
12880.00 65.22
12890.00 65.26
12900.00 65.35
12910.00 65.39
12920.00 65.43
12930.00 65.52
12940.00 65.56
12950.00 65.60
12960.00 65.64
12970.00 65.73
12980.00 65.77
12990.00 65.81
13000.00 65.86
13010.00 65.94
13020.00 65.98
13030.00 65.98
13040.00 66.02
13050.00 66.11
13060.00 66.15
13070.00 66.19
13080.00 66.48
13090.00 66.32
13100.00 66.36
13110.00 66.40
13120.00 66.49
13130.00 66.53
13140.00 66.57
13150.00 66.61
13160.00 66.70
13170.00 66.74
13180.00 66.78
13190.00 66.82
13200.00 66.91
13210.00 66.95
13220.00 66.99
13230.00 67.08
13240.00 67.12
13250.00 67.16
13260.00 67.20
13270.00 67.29
13280.00 67.33
13290.00 67.37
13300.00 67.41
13310.00 67.45
13320.00 67.49
13330.00 67.54
13340.00 67.58
13350.00 67.66
13360.00 67.70
13370.00 67.74
13380.00 67.83
13390.00 67.87
13400.00 67.91
13410.00 67.95
13420.00 68.04
13430.00 68.08
13440.00 68.12
13450.00 68.16
13460.00 68.24
13470.00 68.29
13480.00 68.33
13490.00 68.37
13500.00 68.45
13510.00 68.49
13520.00 68.53
13530.00 68.62
13540.00 68.66
13550.00 68.70
13560.00 68.74
13570.00 68.83
13580.00 68.83
13590.00 68.87
13600.00 68.91
13610.00 68.99
13620.00 69.03
13630.00 69.07
13640.00 69.11
13650.00 69.20
13660.00 69.24
13670.00 69.28
13680.00 69.32
13690.00 69.40
13700.00 69.64
13710.00 70.08
13720.00 71.27
13730.00 71.71
13740.00 71.75
13750.00 71.79
13760.00 72.28
13770.00 71.92
13780.00 71.96
13790.00 72.00
13800.00 72.08
13810.00 72.12
13820.00 72.16
13830.00 73.30
13840.00 72.29
13850.00 72.33
13860.00 72.33
13870.00 72.41
13880.00 72.45
13890.00 72.89
13900.00 72.93
13910.00 73.32
13920.00 73.36
13930.00 73.40
13940.00 73.84
13950.00 74.32
13960.00 74.76
13970.00 74.40
13980.00 74.44
13990.00 75.32
14000.00 75.36
14010.00 75.70
14020.00 76.19
14030.00 76.63
14040.00 76.67
14050.00 76.71
14060.00 76.79
14070.00 76.83
14080.00 76.47
14090.00 76.11
14100.00 76.20
14110.00 76.24
14120.00 75.97
14130.00 75.71
14140.00 76.16
14150.00 76.00
14160.00 75.94
14170.00 76.22
14180.00 76.16
14190.00 76.10
14200.00 76.04
14210.00 76.63
14220.00 76.47
14230.00 76.50
14240.00 76.44
14250.00 76.43
14260.00 76.17
14270.00 75.61
14280.00 75.75
14290.00 76.33
14300.00 76.47
14310.00 76.71
14320.00 77.49
14330.00 77.63
14340.00 77.67
14350.00 78.31
14360.00 79.79
14370.00 80.33
14380.00 80.67
14390.00 80.81
14400.00 81.80
14410.00 81.94
14420.00 81.94
14430.00 82.17
14440.00 83.06
14450.00 83.10
14460.00 82.94
14470.00 83.52
14480.00 83.46
14490.00 83.30
14500.00 83.04
14510.00 83.32
14520.00 82.86
14530.00 82.50
14540.00 82.24
14550.00 82.32
14560.00 82.06
14570.00 81.80
14580.00 81.64
14590.00 82.22
14600.00 82.16
14610.00 82.10
14620.00 83.18
14630.00 83.22
14640.00 83.16
14650.00 82.90
14660.00 83.38
14670.00 83.02
14680.00 82.76
14690.00 82.76
14700.00 83.34
14710.00 83.18
14720.00 82.62
14730.00 82.16
14740.00 82.34
14750.00 82.18
14760.00 81.92
14770.00 81.86
14780.00 82.84
14790.00 82.78
14800.00 82.62
14810.00 83.10
14820.00 83.04
14830.00 82.68
14840.00 82.22
14850.00 83.10
14860.00 83.24
14870.00 83.18
14880.00 83.32
14890.00 84.60
14900.00 84.74
14910.00 84.58
14920.00 84.21
14930.00 84.90
14940.00 84.54
14950.00 84.17
14960.00 85.16
14970.00 85.16
14980.00 85.00
14990.00 85.33
15000.00 86.82
15010.00 86.95
15020.00 87.09
15030.00 87.23
15040.00 88.51
15050.00 88.85
15060.00 89.39
15070.00 89.33
15080.00 91.01
15090.00 91.15
15100.00 91.19
15110.00 92.67
15120.00 92.31
15130.00 92.25
15140.00 92.48
15150.00 93.77
15160.00 93.50
15170.00 93.74
15180.00 94.68
15190.00 96.66
15200.00 97.10
15210.00 97.64
15220.00 97.68
15230.00 99.46
15240.00 98.90
15250.00 98.90
15260.00 101.18
15270.00 101.72
15280.00 102.25
15290.00 102.29
15300.00 105.98
15310.00 107.11
15320.00 107.85
15330.00 107.69
15340.00 108.27
15350.00 108.21
15360.00 108.05
15370.00 107.58
15380.00 108.17
15390.00 107.90
15400.00 108.24
15410.00 108.62
15420.00 108.56
15430.00 109.40
15440.00 111.34
15450.00 115.12
15460.00 115.86
15470.00 116.19
15480.00 116.83
15490.00 118.71
15500.00 119.15
15510.00 119.39
15520.00 119.62
15530.00 121.87
15540.00 121.91
15550.00 121.44
15560.00 122.83
15570.00 122.56
15580.00 122.00
15590.00 121.04
15600.00 122.32
15610.00 121.46
15620.00 119.99
15630.00 119.23
15640.00 122.61
15650.00 122.95
15660.00 122.39
15670.00 121.72
15680.00 122.91
15690.00 120.74
15700.00 119.38
15710.00 122.06
15720.00 121.00
15730.00 120.24
15740.00 119.57
15750.00 120.75
15760.00 119.39
15770.00 118.73
15780.00 118.37
15790.00 119.15
15800.00 119.15
15810.00 117.38
15820.00 116.62
15830.00 116.80
15840.00 115.74
15850.00 115.38
15860.00 115.21
15870.00 115.79
15880.00 115.63
15890.00 115.47
15900.00 116.65
15910.00 115.79
15920.00 114.72
15930.00 113.66
15940.00 112.94
15950.00 111.28
15960.00 110.71
15970.00 110.95
15980.00 112.83
15990.00 113.17
16000.00 112.91
16010.00 112.14
16020.00 113.02
16030.00 111.66
16040.00 111.00
16050.00 111.08
16060.00 111.11
16070.00 110.85
16080.00 110.85
16090.00 111.13
16100.00 110.97
16110.00 110.90
16120.00 110.54
16130.00 112.72
16140.00 111.36
16150.00 111.19
16160.00 111.23
16170.00 112.81
16180.00 113.35
16190.00 113.18
16200.00 114.06
16210.00 113.10
16220.00 112.34
16230.00 112.27
16240.00 113.55
16250.00 112.49
16260.00 111.33
16270.00 109.96
16280.00 110.14
16290.00 107.78
16300.00 105.32
16310.00 103.95
16320.00 106.23
16330.00 107.27
16340.00 107.60
16350.00 109.19
16360.00 109.19
16370.00 108.42
16380.00 107.86
16390.00 109.44
16400.00 108.57
16410.00 108.41
16420.00 107.45
16430.00 108.43
16440.00 107.56
16450.00 104.90
16460.00 102.43
16470.00 101.31
16480.00 99.25
16490.00 97.69
16500.00 98.97
16510.00 97.50
16520.00 97.04
16530.00 96.47
16540.00 98.15
16550.00 97.69
16560.00 97.03
16570.00 96.56
16580.00 97.34
16590.00 96.98
16600.00 96.31
16610.00 96.35
16620.00 97.93
16630.00 98.06
16640.00 98.06
16650.00 99.14
16660.00 98.98
16670.00 98.92
16680.00 98.85
16690.00 100.33
16700.00 100.37
16710.00 100.30
16720.00 100.64
16730.00 102.72
16740.00 103.15
16750.00 103.79
16760.00 104.12
16770.00 105.70
16780.00 106.14
16790.00 106.77
16800.00 107.95
16810.00 107.29
16820.00 106.12
16830.00 105.36
16840.00 106.54
16850.00 107.67
16860.00 107.71
16870.00 108.15
16880.00 109.12
16890.00 108.26
16900.00 107.90
16910.00 107.90
16920.00 107.97
16930.00 107.61
16940.00 106.85
16950.00 107.72
16960.00 106.46
16970.00 105.69
16980.00 104.53
16990.00 106.21
17000.00 105.04
17010.00 104.68
17020.00 104.71
17030.00 104.79
17040.00 106.03
17050.00 106.46
17060.00 106.90
17070.00 108.28
17080.00 108.71
17090.00 108.75
17100.00 108.78
17110.00 110.16
17120.00 109.70
17130.00 110.23
17140.00 111.11
17150.00 111.55
17160.00 110.78
17170.00 111.62
17180.00 113.79
17190.00 113.79
17200.00 113.83
17210.00 113.46
17220.00 114.74
17230.00 113.58
17240.00 112.31
17250.00 111.15
17260.00 110.83
17270.00 109.96
17280.00 108.79
17290.00 110.47
17300.00 109.31
17310.00 107.64
17320.00 106.88
17330.00 108.16
17340.00 107.79
17350.00 107.03
17360.00 106.26
17370.00 107.14
17380.00 105.47
17390.00 104.31
17400.00 103.94
17410.00 106.02
17420.00 106.55
17430.00 106.99
17440.00 109.97
17450.00 110.40
17460.00 111.24
17470.00 111.24
17480.00 113.81
17490.00 113.85
17500.00 114.78
17510.00 114.82
17520.00 117.00
17530.00 117.03
17540.00 118.66
17550.00 118.70
17560.00 120.48
17570.00 121.31
17580.00 121.35
17590.00 122.72
17600.00 122.76
17610.00 123.99
17620.00 125.33
17630.00 127.50
17640.00 129.14
17650.00 129.17
17660.00 131.31
17670.00 135.58
17680.00 137.72
17690.00 137.75
17700.00 139.39
17710.00 143.26
17720.00 146.60
17730.00 149.53
17740.00 149.61
17750.00 149.61
17760.00 149.64
17770.00 147.58
17780.00 145.66
17790.00 141.49
17800.00 139.02
17810.00 137.76
17820.00 138.34
17830.00 139.97
17840.00 140.00
17850.00 140.94
17860.00 144.71
17870.00 148.05
17880.00 147.68
17890.00 149.06
17900.00 144.09
17910.00 140.73
17920.00 138.26
17930.00 139.64
17940.00 138.87
17950.00 138.41
17960.00 134.74
17970.00 132.72
17980.00 129.85
17990.00 129.08
18000.00 129.12
18010.00 129.19
18020.00 129.19
18030.00 129.23
18040.00 130.51
18050.00 130.94
18060.00 130.97
18070.00 131.01
18080.00 129.88
18090.00 129.02
18100.00 128.25
18110.00 127.88
18120.00 128.36
18130.00 127.59
18140.00 126.73
18150.00 126.36
18160.00 127.34
18170.00 126.87
18180.00 126.10
18190.00 124.94
18200.00 122.91
18210.00 121.25
18220.00 119.58
18230.00 118.86
18240.00 117.19
18250.00 116.02
18260.00 114.76
18270.00 114.03
18280.00 113.27
18290.00 112.40
18300.00 112.40
18310.00 112.48
18320.00 112.11
18330.00 111.74
18340.00 111.38
18350.00 111.45
18360.00 110.69
18370.00 110.22
18380.00 109.90
18390.00 109.93
18400.00 110.36
18410.00 110.40
18420.00 110.97
18430.00 111.00
18440.00 111.84
18450.00 112.27
18460.00 112.35
18470.00 113.18
18480.00 114.51
18490.00 115.35
18500.00 117.12
18510.00 118.85
18520.00 120.09
18530.00 121.46
18540.00 121.50
18550.00 121.53
18560.00 121.56
18570.00 124.94
18580.00 124.94
18590.00 129.17
18600.00 132.50
18610.00 134.68
18620.00 136.31
18630.00 139.34
18640.00 141.38
18650.00 143.15
18660.00 144.89
18670.00 147.02
18680.00 149.09
18690.00 150.83
18700.00 152.56
18710.00 154.69
18720.00 157.27
18730.00 158.90
18740.00 161.03
18750.00 162.77
18760.00 164.94
18770.00 166.57
18780.00 168.31
18790.00 169.54
18800.00 170.91
18810.00 172.15
18820.00 173.88
18830.00 174.76
18840.00 176.49
18850.00 178.22
18860.00 178.22
18870.00 179.50
18880.00 180.83
18890.00 182.06
18900.00 183.39
18910.00 184.67
18920.00 185.10
18930.00 185.63
18940.00 186.06
18950.00 186.14
18960.00 186.17
18970.00 185.80
18980.00 185.38
18990.00 185.01
19000.00 185.04
19010.00 185.08
19020.00 186.45
19030.00 187.28
19040.00 187.71
19050.00 188.65
19060.00 189.52
19070.00 189.95
19080.00 190.79
19090.00 190.42
19100.00 192.19
19110.00 193.03
19120.00 194.36
19130.00 194.00
19140.00 194.03
19150.00 192.76
19160.00 193.20
19170.00 194.97
19180.00 196.70
19190.00 198.73
19200.00 201.27
19210.00 203.84
19220.00 207.67
19230.00 212.30
19240.00 215.24
19250.00 217.81
19260.00 219.54
19270.00 222.07
19280.00 224.11
19290.00 224.68
19300.00 224.71
19310.00 224.74
19320.00 224.82
19330.00 224.85
19340.00 225.68
19350.00 225.71
19360.00 227.89
19370.00 228.32
19380.00 227.95
19390.00 227.98
19400.00 230.16
19410.00 230.16
19420.00 228.49
19430.00 226.42
19440.00 225.50
19450.00 223.43
19460.00 221.46
19470.00 224.13
19480.00 223.56
19490.00 223.60
19500.00 224.23
19510.00 227.40
19520.00 225.83
19530.00 225.86
19540.00 225.39
19550.00 224.97
19560.00 224.50
19570.00 224.53
19580.00 225.56
19590.00 229.24
19600.00 231.37
19610.00 231.90
19620.00 232.47
19630.00 230.70
19640.00 228.34
19650.00 226.67
19660.00 227.94
19670.00 227.37
19680.00 227.40
19690.00 227.40
19700.00 229.78
19710.00 229.81
19720.00 231.04
19730.00 231.67
19740.00 232.94
19750.00 233.57
19760.00 234.81
19770.00 238.38
19780.00 240.21
19790.00 242.54
19800.00 244.97
19810.00 250.35
19820.00 256.28
19830.00 258.71
19840.00 258.74
19850.00 258.81
19860.00 257.04
19870.00 254.77
19880.00 252.40
19890.00 252.48
19900.00 250.71
19910.00 247.84
19920.00 249.61
19930.00 249.64
19940.00 249.67
19950.00 250.91
19960.00 254.58
19970.00 254.58
19980.00 254.61
19990.00 253.44
20000.00 254.11
20010.00 251.74
20020.00 249.47
20030.00 247.10
20040.00 247.18
20050.00 244.21
20060.00 244.84
20070.00 246.11
20080.00 241.44
20090.00 239.07
20100.00 237.30
20110.00 239.18
20120.00 239.81
20130.00 238.64
20140.00 238.67
20150.00 239.94
20160.00 237.57
20170.00 236.50
20180.00 236.53
20190.00 238.31
20200.00 237.14
20210.00 234.87
20220.00 234.94
20230.00 233.77
20240.00 233.77
20250.00 232.60
20260.00 232.07
20270.00 230.40
20280.00 229.23
20290.00 226.86
20300.00 224.54
20310.00 221.67
20320.00 219.30
20330.00 216.43
20340.00 215.90
20350.00 214.13
20360.00 211.76
20370.00 210.59
20380.00 210.16
20390.00 207.19
20400.00 203.12
20410.00 201.39
20420.00 199.62
20430.00 197.85
20440.00 196.18
20450.00 196.26
20460.00 192.69
20470.00 190.42
20480.00 187.45
20490.00 186.92
20500.00 183.95
20510.00 181.68
20520.00 181.68
20530.00 181.15
20540.00 179.38
20550.00 177.11
20560.00 177.18
20570.00 175.41
20580.00 173.04
20590.00 171.27
20600.00 172.54
20610.00 170.77
20620.00 170.20
20630.00 167.93
20640.00 168.60
20650.00 166.83
20660.00 162.76
20670.00 159.79
20680.00 162.27
20690.00 162.30
20700.00 162.32
20710.00 161.80
20720.00 160.03
20730.00 159.46
20740.00 157.19
20750.00 154.26
20760.00 151.89
20770.00 150.22
20780.00 150.75
20790.00 152.62
20800.00 152.62
20810.00 150.35
20820.00 152.68
20830.00 152.75
20840.00 152.78
20850.00 149.91
20860.00 152.28
20870.00 151.11
20880.00 149.44
20890.00 145.87
20900.00 149.54
20910.00 148.37
20920.00 144.80
20930.00 141.93
20940.00 144.90
20950.00 142.03
20960.00 139.05
20970.00 136.78
20980.00 137.46
20990.00 134.48
21000.00 132.71
21010.00 134.59
21020.00 134.61
21030.00 132.84
21040.00 131.67
21050.00 132.94
21060.00 131.77
21070.00 131.77
21080.00 130.70
21090.00 131.37
21100.00 129.60
21110.00 127.83
21120.00 126.66
21130.00 126.73
21140.00 125.56
21150.00 125.09
21160.00 125.16
21170.00 125.19
21180.00 125.22
21190.00 125.75
21200.00 128.22
21210.00 129.45
21220.00 130.67
21230.00 132.40
21240.00 134.87
21250.00 136.70
21260.00 138.53
21270.00 141.46
21280.00 145.13
21290.00 148.66
21300.00 152.29
21310.00 157.06
21320.00 160.59
21330.00 164.22
21340.00 167.75
21350.00 168.39
21360.00 172.02
21370.00 174.34
21380.00 176.17
21390.00 179.24
21400.00 180.47
21410.00 181.60
21420.00 182.23
21430.00 184.10
21440.00 185.33
21450.00 185.96
21460.00 187.23
21470.00 187.76
21480.00 187.28
21490.00 186.71
21500.00 187.38
21510.00 187.41
21520.00 189.14
21530.00 190.97
21540.00 194.04
21550.00 195.77
21560.00 195.79
21570.00 194.72
21580.00 196.49
21590.00 198.32
21600.00 199.55
21610.00 199.58
21620.00 200.25
21630.00 200.25
21640.00 200.28
21650.00 202.05
21660.00 202.07
21670.00 201.60
21680.00 201.63
21690.00 202.80
21700.00 203.43
21710.00 204.06
21720.00 204.08
21730.00 205.95
21740.00 206.58
21750.00 207.81
21760.00 207.84
21770.00 211.41
21780.00 213.24
21790.00 214.46
21800.00 218.63
21810.00 219.86
21820.00 221.09
21830.00 222.32
21840.00 225.89
21850.00 225.92
21860.00 225.94
21870.00 225.37
21880.00 225.44
21890.00 225.47
21900.00 226.10
21910.00 226.10
21920.00 228.57
21930.00 230.29
21940.00 232.72
21950.00 236.99
21960.00 239.32
21970.00 241.75
21980.00 243.57
21990.00 244.74
22000.00 245.97
22010.00 247.80
22020.00 250.23
22030.00 254.40
22040.00 255.02
22050.00 256.25
22060.00 256.88
22070.00 260.45
22080.00 261.07
22090.00 261.10
22100.00 261.77
22110.00 262.40
22120.00 263.03
22130.00 264.25
22140.00 265.42
22150.00 265.45
22160.00 266.68
22170.00 267.90
22180.00 268.55
22190.00 270.97
22200.00 273.90
22210.00 276.93
22220.00 281.10
22230.00 284.12
22240.00 285.85
22250.00 288.32
22260.00 288.35
22270.00 288.37
22280.00 286.00
22290.00 286.07
22300.00 286.10
22310.00 286.13
22320.00 287.95
22330.00 289.82
22340.00 292.25
22350.00 295.18
22360.00 298.20
22370.00 301.77
22380.00 304.20
22390.00 305.43
22400.00 308.99
22410.00 309.02
22420.00 309.05
22430.00 309.07
22440.00 307.94
22450.00 308.57
22460.00 308.57
22470.00 309.20
22480.00 312.27
22490.00 313.49
22500.00 314.62
22510.00 316.45
22520.00 320.71
22530.00 321.84
22540.00 323.67
22550.00 326.74
22560.00 327.36
22570.00 327.89
22580.00 329.72
22590.00 329.79
