0.00 223.39
10.00 223.43
20.00 223.47
30.00 224.78
40.00 224.83
50.00 223.57
60.00 221.82
70.00 219.56
80.00 215.70
90.00 211.85
100.00 208.49
110.00 205.14
120.00 202.08
130.00 199.72
140.00 198.77
150.00 197.21
160.00 195.96
170.00 195.00
180.00 194.21
190.00 194.25
200.00 193.30
210.00 190.24
220.00 186.88
230.00 184.33
240.00 182.47
250.00 181.01
260.00 179.76
270.00 178.50
280.00 177.25
290.00 176.19
300.00 175.03
310.00 173.98
320.00 174.79
330.00 172.73
340.00 173.07
350.00 172.62
360.00 172.06
370.00 170.80
380.00 169.55
390.00 168.29
400.00 168.33
410.00 166.88
420.00 166.92
430.00 165.67
440.00 163.11
450.00 156.65
460.00 155.86
470.00 148.90
480.00 145.25
490.00 141.39
500.00 137.53
510.00 133.48
520.00 129.12
530.00 125.46
540.00 123.71
550.00 124.75
560.00 126.09
570.00 127.24
580.00 128.28
590.00 129.92
600.00 130.17
610.00 126.87
620.00 127.12
630.00 125.86
640.00 125.60
650.00 124.95
660.00 124.49
670.00 123.73
680.00 123.48
690.00 121.72
700.00 119.46
710.00 116.91
720.00 114.55
730.00 111.99
740.00 109.24
750.00 104.74
760.00 102.19
770.00 99.63
780.00 97.37
790.00 95.01
800.00 92.76
810.00 90.50
820.00 89.24
830.00 86.89
840.00 86.73
850.00 86.77
860.00 87.02
870.00 85.56
880.00 83.50
890.00 81.24
900.00 77.55
910.00 75.99
920.00 75.04
930.00 74.08
940.00 73.62
950.00 73.06
960.00 72.61
970.00 73.15
980.00 73.19
990.00 73.24
1000.00 73.28
1010.00 72.62
1020.00 72.36
1030.00 72.11
1040.00 71.41
1050.00 71.45
1060.00 70.90
1070.00 70.14
1080.00 69.18
1090.00 68.42
1100.00 67.97
1110.00 65.71
1120.00 63.15
1130.00 60.59
1140.00 58.04
1150.00 56.48
1160.00 54.72
1170.00 53.66
1180.00 52.37
1190.00 51.71
1200.00 51.16
1210.00 50.50
1220.00 50.74
1230.00 50.58
1240.00 49.82
1250.00 49.37
1260.00 49.11
1270.00 49.15
1280.00 49.69
1290.00 49.54
1300.00 49.54
1310.00 49.58
1320.00 50.32
1330.00 50.93
1340.00 50.67
1350.00 50.41
1360.00 49.75
1370.00 49.79
1380.00 49.04
1390.00 47.48
1400.00 44.12
1410.00 40.06
1420.00 37.20
1430.00 34.95
1440.00 32.59
1450.00 30.63
1460.00 29.37
1470.00 26.78
1480.00 23.12
1490.00 19.26
1500.00 18.00
1510.00 16.55
1520.00 15.79
1530.00 15.83
1540.00 16.07
1550.00 16.11
1560.00 15.96
1570.00 16.20
1580.00 16.84
1590.00 17.58
1600.00 17.92
1610.00 17.13
1620.00 16.97
1630.00 15.91
1640.00 15.75
1650.00 14.99
1660.00 14.74
1670.00 15.28
1680.00 15.92
1690.00 16.46
1700.00 16.70
1710.00 16.54
1720.00 16.29
1730.00 15.83
1740.00 15.87
1750.00 16.41
1760.00 15.12
1770.00 14.36
1780.00 12.60
1790.00 10.84
1800.00 10.58
1810.00 10.62
1820.00 10.66
1830.00 10.71
1840.00 10.75
1850.00 8.79
1860.00 6.73
1870.00 3.87
1880.00 2.11
1890.00 1.35
1900.00 0.56
1910.00 0.00
1920.00 0.04
1930.00 0.08
1940.00 0.12
1950.00 0.16
1960.00 0.21
1970.00 0.25
1980.00 0.29
1990.00 0.33
2000.00 0.37
2010.00 0.41
2020.00 0.45
2030.00 0.49
2040.00 0.53
2050.00 0.54
2060.00 0.58
2070.00 0.62
2080.00 0.66
2090.00 0.70
2100.00 0.74
2110.00 0.79
2120.00 0.83
2130.00 0.87
2140.00 0.91
2150.00 0.95
2160.00 0.99
2170.00 1.03
2180.00 1.07
2190.00 1.08
2200.00 1.12
2210.00 1.16
2220.00 1.20
2230.00 1.24
2240.00 1.28
2250.00 1.32
2260.00 1.36
2270.00 1.40
2280.00 1.44
2290.00 1.48
2300.00 1.52
2310.00 1.56
2320.00 1.61
2330.00 1.61
2340.00 1.65
2350.00 1.69
2360.00 1.73
2370.00 1.77
2380.00 1.81
2390.00 1.85
2400.00 1.89
2410.00 1.93
2420.00 1.97
2430.00 2.01
2440.00 2.05
2450.00 2.10
2460.00 2.14
2470.00 2.18
2480.00 2.18
2490.00 2.22
2500.00 2.26
2510.00 2.30
2520.00 2.34
2530.00 2.38
2540.00 2.42
2550.00 2.46
2560.00 2.50
2570.00 2.54
2580.00 2.58
2590.00 2.62
2600.00 2.66
2610.00 2.70
2620.00 2.71
2630.00 2.75
2640.00 2.79
2650.00 2.83
2660.00 2.87
2670.00 2.91
2680.00 2.95
2690.00 2.99
2700.00 3.03
2710.00 3.07
2720.00 3.11
2730.00 3.15
2740.00 3.19
2750.00 3.23
2760.00 3.23
2770.00 3.27
2780.00 3.31
2790.00 3.35
2800.00 3.39
2810.00 3.43
2820.00 3.47
2830.00 3.51
2840.00 3.55
2850.00 3.59
2860.00 3.63
2870.00 3.67
2880.00 3.71
2890.00 3.75
2900.00 3.79
2910.00 3.79
2920.00 3.83
2930.00 3.87
2940.00 3.91
2950.00 3.95
2960.00 3.99
2970.00 4.03
2980.00 4.07
2990.00 4.11
3000.00 4.15
3010.00 4.19
3020.00 4.23
3030.00 4.27
3040.00 4.31
3050.00 4.31
3060.00 4.35
3070.00 4.39
3080.00 4.43
3090.00 4.47
3100.00 4.51
3110.00 4.55
3120.00 4.59
3130.00 4.62
3140.00 4.66
3150.00 4.70
3160.00 4.74
3170.00 4.78
3180.00 4.82
3190.00 4.86
3200.00 4.86
3210.00 4.90
3220.00 4.94
3230.00 4.98
3240.00 5.02
3250.00 5.06
3260.00 5.10
3270.00 5.14
3280.00 5.18
3290.00 5.22
3300.00 5.25
3310.00 5.29
3320.00 5.33
3330.00 5.37
3340.00 5.37
3350.00 5.41
3360.00 5.45
3370.00 5.49
3380.00 5.53
3390.00 5.57
3400.00 5.61
3410.00 5.65
3420.00 5.69
3430.00 5.72
3440.00 5.76
3450.00 5.80
3460.00 5.84
3470.00 5.88
3480.00 5.88
3490.00 5.92
3500.00 5.96
3510.00 6.00
3520.00 6.04
3530.00 6.08
3540.00 6.11
3550.00 6.15
3560.00 6.19
3570.00 6.23
3580.00 6.27
3590.00 6.31
3600.00 6.35
3610.00 6.38
3620.00 6.42
3630.00 6.43
3640.00 6.46
3650.00 6.50
3660.00 6.54
3670.00 6.58
3680.00 6.62
3690.00 6.66
3700.00 6.70
3710.00 6.73
3720.00 6.77
3730.00 6.81
3740.00 6.85
3750.00 6.89
3760.00 6.93
3770.00 6.93
3780.00 6.97
3790.00 7.00
3800.00 7.04
3810.00 7.08
3820.00 7.12
3830.00 7.16
3840.00 7.20
3850.00 7.23
3860.00 7.27
3870.00 7.31
3880.00 7.35
3890.00 7.39
3900.00 7.42
3910.00 7.43
3920.00 7.46
3930.00 7.50
3940.00 7.54
3950.00 7.58
3960.00 7.62
3970.00 7.65
3980.00 7.69
3990.00 7.73
4000.00 7.77
4010.00 7.81
4020.00 7.84
4030.00 7.88
4040.00 7.92
4050.00 7.96
4060.00 7.96
4070.00 8.00
4080.00 8.04
4090.00 8.07
4100.00 8.11
4110.00 8.15
4120.00 8.19
4130.00 8.22
4140.00 8.26
4150.00 8.30
4160.00 8.34
4170.00 8.37
4180.00 8.41
4190.00 8.45
4200.00 8.45
4210.00 8.49
4220.00 8.53
4230.00 8.56
4240.00 8.60
4250.00 8.64
4260.00 8.68
4270.00 8.71
4280.00 8.75
4290.00 8.79
4300.00 8.83
4310.00 8.86
4320.00 8.90
4330.00 8.94
4340.00 8.98
4350.00 8.98
4360.00 9.02
4370.00 9.05
4380.00 9.09
4390.00 9.13
4400.00 9.16
4410.00 9.20
4420.00 9.24
4430.00 9.28
4440.00 9.31
4450.00 9.35
4460.00 9.39
4470.00 9.43
4480.00 9.46
4490.00 9.46
4500.00 9.50
4510.00 9.54
4520.00 9.58
4530.00 9.61
4540.00 9.65
4550.00 9.69
4560.00 9.72
4570.00 9.76
4580.00 9.80
4590.00 9.83
4600.00 9.87
4610.00 9.91
4620.00 9.95
4630.00 9.95
4640.00 9.98
4650.00 10.02
4660.00 10.06
4670.00 10.09
4680.00 10.13
4690.00 10.17
4700.00 10.20
4710.00 10.24
4720.00 10.28
4730.00 10.32
4740.00 10.35
4750.00 10.39
4760.00 10.43
4770.00 10.46
4780.00 10.46
4790.00 10.50
4800.00 10.54
4810.00 10.57
4820.00 10.61
4830.00 10.65
4840.00 10.68
4850.00 10.72
4860.00 10.76
4870.00 10.79
4880.00 10.83
4890.00 10.87
4900.00 10.90
4910.00 10.94
4920.00 10.94
4930.00 10.98
4940.00 11.01
4950.00 11.05
4960.00 11.08
4970.00 11.12
4980.00 11.16
4990.00 11.19
5000.00 11.23
5010.00 11.27
5020.00 11.30
5030.00 11.34
5040.00 11.38
5050.00 11.41
5060.00 11.41
5070.00 11.45
5080.00 11.48
5090.00 11.52
5100.00 11.56
5110.00 11.59
5120.00 11.63
5130.00 11.67
5140.00 11.70
5150.00 11.74
5160.00 11.77
5170.00 11.81
5180.00 11.85
5190.00 11.88
5200.00 11.92
5210.00 11.92
5220.00 11.95
5230.00 11.99
5240.00 12.03
5250.00 12.06
5260.00 12.10
5270.00 12.13
5280.00 12.17
5290.00 12.21
5300.00 12.24
5310.00 12.28
5320.00 12.31
5330.00 12.35
5340.00 12.39
5350.00 12.38
5360.00 12.42
5370.00 12.46
5380.00 12.49
5390.00 12.53
5400.00 12.56
5410.00 12.60
5420.00 12.64
5430.00 12.64
5440.00 12.67
5450.00 12.71
5460.00 12.74
5470.00 12.78
5480.00 12.81
5490.00 12.85
5500.00 12.85
5510.00 12.88
5520.00 12.92
5530.00 12.96
5540.00 12.99
5550.00 13.03
5560.00 13.06
5570.00 13.10
5580.00 13.13
5590.00 13.17
5600.00 13.20
5610.00 13.24
5620.00 13.27
5630.00 13.31
5640.00 13.31
5650.00 13.34
5660.00 13.38
5670.00 13.42
5680.00 13.45
5690.00 13.49
5700.00 13.52
5710.00 13.56
5720.00 13.59
5730.00 13.63
5740.00 13.66
5750.00 13.70
5760.00 13.73
5770.00 13.77
5780.00 13.77
5790.00 13.80
5800.00 13.84
5810.00 13.87
5820.00 13.91
5830.00 13.94
5840.00 13.98
5850.00 14.01
5860.00 14.05
5870.00 14.08
5880.00 14.12
5890.00 14.15
5900.00 14.19
5910.00 14.22
5920.00 14.26
5930.00 14.26
5940.00 14.29
5950.00 14.33
5960.00 14.36
5970.00 14.40
5980.00 14.43
5990.00 14.47
6000.00 14.50
6010.00 14.54
6020.00 14.57
6030.00 14.60
6040.00 14.64
6050.00 14.67
6060.00 14.71
6070.00 14.71
6080.00 14.74
6090.00 14.78
6100.00 14.81
6110.00 14.85
6120.00 14.88
6130.00 14.92
6140.00 14.95
6150.00 14.98
6160.00 15.02
6170.00 15.05
6180.00 15.09
6190.00 15.12
6200.00 15.16
6210.00 15.16
6220.00 15.19
6230.00 15.22
6240.00 15.26
6250.00 15.29
6260.00 15.33
6270.00 15.36
6280.00 15.40
6290.00 15.43
6300.00 15.46
6310.00 15.50
6320.00 15.53
6330.00 15.57
6340.00 15.60
6350.00 15.64
6360.00 15.63
6370.00 15.67
6380.00 15.70
6390.00 15.74
6400.00 15.77
6410.00 15.81
6420.00 15.84
6430.00 15.87
6440.00 15.91
6450.00 15.94
6460.00 15.98
6470.00 16.01
6480.00 16.04
6490.00 16.08
6500.00 16.08
6510.00 16.11
6520.00 16.14
6530.00 16.18
6540.00 16.21
6550.00 16.25
6560.00 16.28
6570.00 16.31
6580.00 16.35
6590.00 16.38
6600.00 16.42
6610.00 16.45
6620.00 16.48
6630.00 16.52
6640.00 16.55
6650.00 16.55
6660.00 16.58
6670.00 16.62
6680.00 16.65
6690.00 16.68
6700.00 16.72
6710.00 16.75
6720.00 16.78
6730.00 16.82
6740.00 16.85
6750.00 16.89
6760.00 16.92
6770.00 16.95
6780.00 16.99
6790.00 16.98
6800.00 17.02
6810.00 17.05
6820.00 17.08
6830.00 17.12
6840.00 17.15
6850.00 17.18
6860.00 17.22
6870.00 17.25
6880.00 17.28
6890.00 17.32
6900.00 17.35
6910.00 17.39
6920.00 17.42
6930.00 17.42
6940.00 17.45
6950.00 17.48
6960.00 17.52
6970.00 17.55
6980.00 17.58
6990.00 17.62
7000.00 17.65
7010.00 17.68
7020.00 17.72
7030.00 17.75
7040.00 17.78
7050.00 17.81
7060.00 17.85
7070.00 17.88
7080.00 17.88
7090.00 17.91
7100.00 17.94
7110.00 17.98
7120.00 18.01
7130.00 18.04
7140.00 18.08
7150.00 18.11
7160.00 18.14
7170.00 18.18
7180.00 18.21
7190.00 18.24
7200.00 18.27
7210.00 18.31
7220.00 18.30
7230.00 18.34
7240.00 18.37
7250.00 18.40
7260.00 18.43
7270.00 18.47
7280.00 18.50
7290.00 18.53
7300.00 18.57
7310.00 18.60
7320.00 18.63
7330.00 18.66
7340.00 18.70
7350.00 18.73
7360.00 18.73
7370.00 18.76
7380.00 18.79
7390.00 18.82
7400.00 18.86
7410.00 18.89
7420.00 18.92
7430.00 18.95
7440.00 18.99
7450.00 19.02
7460.00 19.05
7470.00 19.08
7480.00 19.12
7490.00 19.15
7500.00 19.18
7510.00 19.18
7520.00 19.21
7530.00 19.24
7540.00 19.28
7550.00 19.31
7560.00 19.34
7570.00 19.37
7580.00 19.40
7590.00 19.44
7600.00 19.47
7610.00 19.50
7620.00 19.53
7630.00 19.57
7640.00 19.60
7650.00 19.59
7660.00 19.63
7670.00 19.66
7680.00 19.69
7690.00 19.72
7700.00 19.75
7710.00 19.79
7720.00 19.82
7730.00 19.85
7740.00 19.88
7750.00 19.92
7760.00 19.95
7770.00 19.98
7780.00 20.01
7790.00 20.04
7800.00 20.04
7810.00 20.07
7820.00 20.10
7830.00 20.13
7840.00 20.17
7850.00 20.20
7860.00 20.23
7870.00 20.26
7880.00 20.29
7890.00 20.33
7900.00 20.36
7910.00 20.39
7920.00 20.42
7930.00 20.45
7940.00 20.45
7950.00 20.48
7960.00 20.51
7970.00 20.54
7980.00 20.58
7990.00 20.61
8000.00 20.64
8010.00 20.67
8020.00 20.70
8030.00 20.73
8040.00 20.77
8050.00 20.80
8060.00 20.83
8070.00 20.86
8080.00 20.86
8090.00 20.89
8100.00 20.92
8110.00 20.95
8120.00 20.98
8130.00 21.01
8140.00 21.04
8150.00 21.08
8160.00 21.11
8170.00 21.14
8180.00 21.17
8190.00 21.20
8200.00 21.23
8210.00 21.26
8220.00 21.30
8230.00 21.29
8240.00 21.32
8250.00 21.35
8260.00 21.38
8270.00 21.42
8280.00 21.45
8290.00 21.48
8300.00 21.51
8310.00 21.54
8320.00 21.57
8330.00 21.60
8340.00 21.63
8350.00 21.67
8360.00 21.70
8370.00 21.69
8380.00 21.72
8390.00 21.75
8400.00 21.78
8410.00 21.82
8420.00 21.85
8430.00 21.88
8440.00 21.91
8450.00 21.94
8460.00 21.97
8470.00 22.00
8480.00 22.03
8490.00 22.06
8500.00 22.09
8510.00 22.09
8520.00 22.12
8530.00 22.15
8540.00 22.18
8550.00 22.21
8560.00 22.24
8570.00 22.27
8580.00 22.30
8590.00 22.33
8600.00 22.37
8610.00 22.40
8620.00 22.43
8630.00 22.46
8640.00 22.49
8650.00 22.52
8660.00 22.51
8670.00 22.54
8680.00 22.57
8690.00 22.60
8700.00 22.64
8710.00 22.67
8720.00 22.70
8730.00 22.73
8740.00 22.76
8750.00 22.79
8760.00 22.82
8770.00 22.85
8780.00 22.88
8790.00 22.91
8800.00 22.90
8810.00 22.93
8820.00 22.96
8830.00 22.99
8840.00 23.03
8850.00 23.06
8860.00 23.09
8870.00 23.12
8880.00 23.15
8890.00 23.18
8900.00 23.21
8910.00 23.24
8920.00 23.27
8930.00 23.30
8940.00 23.33
8950.00 23.32
8960.00 23.35
8970.00 23.38
8980.00 23.41
8990.00 23.44
9000.00 23.47
9010.00 23.50
9020.00 23.53
9030.00 23.56
9040.00 23.59
9050.00 23.62
9060.00 23.65
9070.00 23.68
9080.00 23.71
9090.00 23.71
9100.00 23.74
9110.00 23.77
9120.00 23.80
9130.00 23.83
9140.00 23.86
9150.00 23.89
9160.00 23.92
9170.00 23.95
9180.00 23.97
9190.00 24.00
9200.00 24.03
9210.00 24.06
9220.00 24.09
9230.00 24.09
9240.00 24.12
9250.00 24.15
9260.00 24.18
9270.00 24.21
9280.00 24.24
9290.00 24.27
9300.00 24.30
9310.00 24.32
9320.00 24.35
9330.00 24.38
9340.00 24.41
9350.00 24.44
9360.00 24.47
9370.00 24.50
9380.00 24.49
9390.00 24.52
9400.00 24.55
9410.00 24.58
9420.00 24.61
9430.00 24.64
9440.00 24.67
9450.00 24.70
9460.00 24.73
9470.00 24.76
9480.00 24.79
9490.00 24.82
9500.00 24.85
9510.00 24.88
9520.00 24.87
9530.00 24.90
9540.00 24.93
9550.00 24.93
9560.00 24.96
9570.00 24.99
9580.00 25.02
9590.00 25.05
9600.00 25.07
9610.00 25.10
9620.00 25.13
9630.00 25.16
9640.00 25.19
9650.00 25.22
9660.00 25.21
9670.00 25.24
9680.00 25.27
9690.00 25.30
9700.00 25.33
9710.00 25.36
9720.00 25.39
9730.00 25.42
9740.00 25.44
9750.00 25.47
9760.00 25.50
9770.00 25.53
9780.00 25.56
9790.00 25.59
9800.00 25.62
9810.00 25.61
9820.00 25.64
9830.00 25.67
9840.00 25.70
9850.00 25.73
9860.00 25.75
9870.00 25.78
9880.00 25.81
9890.00 25.84
9900.00 25.87
9910.00 25.90
9920.00 25.93
9930.00 25.96
9940.00 25.98
9950.00 25.98
9960.00 26.00
9970.00 26.03
9980.00 26.06
9990.00 26.09
10000.00 26.12
10010.00 26.15
10020.00 26.18
10030.00 26.20
10040.00 26.23
10050.00 26.26
10060.00 26.29
10070.00 26.32
10080.00 26.35
10090.00 26.38
10100.00 26.37
10110.00 26.40
10120.00 26.42
10130.00 26.45
10140.00 26.48
10150.00 26.51
10160.00 26.54
10170.00 26.57
10180.00 26.59
10190.00 26.62
10200.00 26.65
10210.00 26.68
10220.00 26.71
10230.00 26.73
10240.00 26.73
10250.00 26.75
10260.00 26.78
10270.00 26.81
10280.00 26.84
10290.00 26.87
10300.00 26.89
10310.00 26.92
10320.00 26.95
10330.00 26.98
10340.00 27.01
10350.00 27.04
10360.00 27.06
10370.00 27.09
10380.00 27.08
10390.00 27.11
10400.00 27.14
10410.00 27.17
10420.00 27.19
10430.00 27.22
10440.00 27.25
10450.00 27.28
10460.00 27.31
10470.00 27.33
10480.00 27.36
10490.00 27.39
10500.00 27.42
10510.00 27.44
10520.00 27.47
10530.00 27.46
10540.00 27.49
10550.00 27.52
10560.00 27.55
10570.00 27.57
10580.00 27.60
10590.00 27.63
10600.00 27.66
10610.00 27.68
10620.00 27.71
10630.00 27.74
10640.00 27.77
10650.00 27.79
10660.00 27.82
10670.00 27.81
10680.00 27.84
10690.00 27.87
10700.00 27.90
10710.00 27.92
10720.00 27.95
10730.00 27.98
10740.00 28.00
10750.00 28.03
10760.00 28.06
10770.00 28.09
10780.00 28.11
10790.00 28.14
10800.00 28.17
10810.00 28.16
10820.00 28.19
10830.00 28.21
10840.00 28.24
10850.00 28.27
10860.00 28.30
10870.00 28.32
10880.00 28.35
10890.00 28.38
10900.00 28.40
10910.00 28.43
10920.00 28.46
10930.00 28.49
10940.00 28.51
10950.00 28.54
10960.00 28.53
10970.00 28.56
10980.00 28.58
10990.00 28.61
11000.00 28.64
11010.00 28.66
11020.00 28.69
11030.00 28.72
11040.00 28.75
11050.00 28.77
11060.00 28.80
11070.00 28.83
11080.00 28.85
11090.00 28.88
11100.00 28.87
11110.00 28.90
11120.00 28.92
11130.00 28.95
11140.00 28.98
11150.00 29.00
11160.00 29.03
11170.00 29.06
11180.00 29.08
11190.00 29.11
11200.00 29.14
11210.00 29.16
11220.00 29.19
11230.00 29.22
11240.00 29.24
11250.00 29.23
11260.00 29.26
11270.00 29.29
11280.00 29.31
11290.00 29.34
11300.00 29.37
11310.00 29.39
11320.00 29.42
11330.00 29.45
11340.00 29.47
11350.00 29.50
11360.00 29.53
11370.00 29.55
11380.00 29.58
11390.00 29.57
11400.00 29.59
11410.00 29.62
11420.00 29.65
11430.00 29.67
11440.00 29.70
11450.00 29.73
11460.00 29.75
11470.00 29.78
11480.00 29.80
11490.00 29.83
11500.00 29.86
11510.00 29.88
11520.00 29.91
11530.00 29.90
11540.00 29.92
11550.00 29.95
11560.00 29.98
11570.00 30.00
11580.00 30.03
11590.00 30.05
11600.00 30.08
11610.00 30.11
11620.00 30.13
11630.00 30.16
11640.00 30.19
11650.00 30.21
11660.00 30.24
11670.00 30.26
11680.00 30.25
11690.00 30.28
11700.00 30.30
11710.00 30.33
11720.00 30.36
11730.00 30.38
11740.00 30.41
11750.00 30.43
11760.00 30.46
11770.00 30.48
11780.00 30.51
11790.00 30.54
11800.00 30.56
11810.00 30.59
11820.00 30.58
11830.00 30.60
11840.00 30.63
11850.00 30.65
11860.00 30.68
11870.00 30.70
11880.00 30.73
11890.00 30.76
11900.00 30.78
11910.00 30.81
11920.00 30.83
11930.00 30.86
11940.00 30.88
11950.00 30.91
11960.00 30.90
11970.00 30.92
11980.00 30.95
11990.00 30.97
12000.00 31.00
12010.00 31.02
12020.00 31.05
12030.00 31.08
12040.00 31.10
12050.00 31.13
12060.00 31.15
12070.00 31.18
12080.00 31.20
12090.00 31.23
12100.00 31.25
12110.00 31.24
12120.00 31.27
12130.00 31.29
12140.00 31.32
12150.00 31.34
12160.00 31.37
12170.00 31.39
12180.00 31.42
12190.00 31.44
12200.00 31.47
12210.00 31.49
12220.00 31.52
12230.00 31.54
12240.00 31.57
12250.00 31.56
12260.00 31.58
12270.00 31.61
12280.00 31.63
12290.00 31.66
12300.00 31.68
12310.00 31.71
12320.00 31.73
12330.00 31.76
12340.00 31.78
12350.00 31.81
12360.00 31.83
12370.00 31.85
12380.00 31.88
12390.00 31.90
12400.00 31.89
12410.00 31.92
12420.00 31.94
12430.00 31.97
12440.00 31.99
12450.00 32.02
12460.00 32.04
12470.00 32.07
12480.00 32.09
12490.00 32.11
12500.00 32.14
12510.00 32.16
12520.00 32.19
12530.00 32.21
12540.00 32.20
12550.00 32.23
12560.00 32.25
12570.00 32.27
12580.00 32.30
12590.00 32.32
12600.00 32.35
12610.00 32.37
12620.00 32.40
12630.00 32.42
12640.00 32.45
12650.00 32.47
12660.00 32.49
12670.00 32.52
12680.00 32.51
12690.00 32.53
12700.00 32.55
12710.00 32.58
12720.00 32.60
12730.00 32.63
12740.00 32.65
12750.00 32.68
12760.00 32.70
12770.00 32.72
12780.00 32.75
12790.00 32.77
12800.00 32.80
12810.00 32.82
12820.00 32.85
12830.00 32.83
12840.00 32.86
12850.00 32.88
12860.00 32.90
12870.00 32.93
12880.00 32.95
12890.00 32.98
12900.00 33.00
12910.00 33.02
12920.00 33.05
12930.00 33.07
12940.00 33.10
12950.00 33.12
12960.00 33.14
12970.00 33.13
12980.00 33.16
12990.00 33.18
13000.00 33.20
13010.00 33.23
13020.00 33.25
13030.00 33.27
13040.00 33.30
13050.00 33.32
13060.00 33.35
13070.00 33.37
13080.00 33.39
13090.00 33.42
13100.00 33.44
13110.00 33.43
13120.00 33.45
13130.00 33.47
13140.00 33.50
13150.00 33.52
13160.00 33.55
13170.00 33.57
13180.00 33.59
13190.00 33.62
13200.00 33.64
13210.00 33.66
13220.00 33.69
13230.00 33.71
13240.00 33.73
13250.00 33.76
13260.00 33.74
13270.00 33.77
13280.00 33.79
13290.00 33.81
13300.00 33.84
13310.00 33.86
13320.00 33.88
13330.00 33.91
13340.00 33.93
13350.00 33.95
13360.00 33.98
13370.00 34.00
13380.00 34.02
13390.00 34.05
13400.00 34.03
13410.00 34.06
13420.00 34.08
13430.00 34.10
13440.00 34.13
13450.00 34.15
13460.00 34.17
13470.00 34.19
13480.00 34.22
13490.00 34.24
13500.00 34.26
13510.00 34.29
13520.00 34.31
13530.00 34.33
13540.00 34.36
13550.00 34.34
13560.00 34.36
13570.00 34.39
13580.00 34.41
13590.00 34.43
13600.00 34.46
13610.00 34.48
13620.00 34.50
13630.00 34.53
13640.00 34.55
13650.00 34.57
13660.00 34.59
13670.00 34.62
13680.00 34.62
13690.00 34.60
13700.00 34.62
13710.00 34.65
13720.00 34.67
13730.00 34.69
13740.00 34.72
13750.00 34.74
13760.00 34.76
13770.00 34.78
13780.00 34.81
13790.00 34.83
13800.00 34.85
13810.00 34.87
13820.00 34.90
13830.00 34.88
13840.00 34.90
13850.00 34.93
13860.00 34.95
13870.00 34.97
13880.00 35.00
13890.00 35.02
13900.00 35.04
13910.00 35.06
13920.00 35.08
13930.00 35.11
13940.00 35.13
13950.00 35.15
13960.00 35.17
13970.00 35.20
13980.00 35.18
13990.00 35.20
14000.00 35.23
14010.00 35.25
14020.00 35.27
14030.00 35.29
14040.00 35.32
14050.00 35.34
14060.00 35.36
14070.00 35.38
14080.00 35.40
14090.00 35.43
14100.00 35.45
14110.00 35.47
14120.00 35.46
14130.00 35.48
14140.00 35.50
14150.00 35.52
14160.00 35.54
14170.00 35.57
14180.00 35.59
14190.00 35.61
14200.00 35.63
14210.00 35.65
14220.00 35.68
14230.00 35.70
14240.00 35.72
14250.00 35.74
14260.00 35.73
14270.00 35.75
14280.00 35.77
14290.00 35.79
14300.00 35.81
14310.00 35.84
14320.00 35.86
14330.00 35.88
14340.00 35.90
14350.00 35.92
14360.00 35.94
14370.00 35.97
14380.00 35.99
14390.00 36.01
14400.00 36.03
14410.00 36.02
14420.00 36.04
14430.00 36.06
14440.00 36.08
14450.00 36.10
14460.00 36.62
14470.00 37.15
14480.00 37.77
14490.00 38.19
14500.00 38.41
14510.00 38.33
14520.00 36.25
14530.00 36.27
14540.00 36.30
14550.00 36.28
14560.00 36.30
14570.00 36.32
14580.00 36.34
14590.00 36.37
14600.00 36.39
14610.00 36.41
14620.00 36.43
14630.00 36.45
14640.00 36.47
14650.00 36.49
14660.00 36.51
14670.00 36.54
14680.00 36.56
14690.00 36.88
14700.00 41.86
14710.00 46.08
14720.00 51.40
14730.00 57.73
14740.00 57.75
14750.00 57.77
14760.00 58.09
14770.00 57.81
14780.00 59.03
14790.00 61.75
14800.00 64.47
14810.00 66.19
14820.00 67.82
14830.00 67.84
14840.00 67.82
14850.00 68.74
14860.00 69.26
14870.00 68.18
14880.00 65.10
14890.00 56.82
14900.00 51.15
14910.00 47.47
14920.00 46.29
14930.00 42.61
14940.00 39.53
14950.00 37.75
14960.00 37.07
14970.00 37.09
14980.00 37.07
14990.00 37.10
15000.00 38.02
15010.00 38.14
15020.00 38.16
15030.00 39.18
15040.00 39.30
15050.00 38.22
15060.00 37.24
15070.00 37.26
15080.00 37.28
15090.00 37.30
15100.00 37.32
15110.00 37.34
15120.00 37.36
15130.00 38.35
15140.00 39.37
15150.00 39.39
15160.00 39.21
15170.00 37.93
15180.00 37.45
15190.00 37.47
15200.00 37.49
15210.00 37.51
15220.00 37.53
15230.00 37.55
15240.00 37.57
15250.00 37.59
15260.00 37.61
15270.00 37.60
15280.00 37.62
15290.00 37.64
15300.00 37.86
15310.00 38.78
15320.00 38.70
15330.00 39.82
15340.00 44.44
15350.00 46.76
15360.00 52.28
15370.00 58.60
15380.00 61.32
15390.00 63.64
15400.00 66.96
15410.00 70.14
15420.00 74.36
15430.00 77.88
15440.00 80.80
15450.00 83.22
15460.00 84.94
15470.00 86.56
15480.00 86.98
15490.00 89.10
15500.00 89.12
15510.00 89.14
15520.00 87.06
15530.00 87.08
15540.00 87.10
15550.00 87.12
15560.00 90.40
15570.00 94.72
15580.00 97.04
15590.00 97.66
15600.00 97.88
15610.00 97.60
15620.00 97.22
15630.00 96.34
15640.00 95.86
15650.00 95.08
15660.00 94.90
15670.00 94.02
15680.00 91.94
15690.00 90.06
15700.00 89.44
15710.00 89.46
15720.00 89.48
15730.00 86.80
15740.00 85.72
15750.00 81.14
15760.00 77.46
15770.00 77.88
15780.00 76.70
15790.00 74.72
15800.00 72.44
15810.00 70.46
15820.00 69.08
15830.00 67.60
15840.00 67.21
15850.00 66.70
15860.00 67.12
15870.00 67.64
15880.00 67.65
15890.00 67.67
15900.00 67.69
15910.00 69.51
15920.00 71.73
15930.00 74.05
15940.00 76.57
15950.00 78.09
15960.00 78.81
15970.00 77.83
15980.00 77.85
15990.00 78.03
16000.00 78.75
16010.00 79.87
16020.00 79.89
16030.00 77.91
16040.00 78.52
16050.00 78.24
16060.00 77.86
16070.00 77.98
16080.00 78.20
16090.00 77.72
16100.00 74.64
16110.00 74.46
16120.00 74.08
16130.00 71.96
16140.00 71.78
16150.00 71.80
16160.00 72.02
16170.00 72.63
16180.00 73.35
16190.00 74.27
16200.00 75.89
16210.00 77.41
16220.00 78.93
16230.00 80.65
16240.00 84.67
16250.00 88.58
16260.00 91.50
16270.00 94.02
16280.00 96.70
16290.00 98.82
16300.00 101.04
16310.00 103.96
16320.00 106.98
16330.00 108.90
16340.00 110.42
16350.00 110.43
16360.00 109.15
16370.00 105.97
16380.00 101.49
16390.00 99.51
16400.00 98.53
16410.00 98.55
16420.00 100.53
16430.00 100.54
16440.00 97.86
16450.00 95.68
16460.00 93.40
16470.00 91.02
16480.00 88.54
16490.00 86.06
16500.00 83.37
16510.00 81.19
16520.00 78.71
16530.00 78.73
16540.00 78.15
16550.00 77.67
16560.00 75.95
16570.00 75.26
16580.00 74.68
16590.00 74.30
16600.00 74.12
16610.00 73.84
16620.00 74.46
16630.00 74.97
16640.00 75.39
16650.00 76.31
16660.00 77.53
16670.00 78.65
16680.00 79.56
16690.00 78.98
16700.00 81.00
16710.00 80.98
16720.00 79.00
16730.00 79.02
16740.00 79.03
16750.00 79.05
16760.00 79.07
16770.00 77.99
16780.00 74.11
16790.00 71.12
16800.00 69.14
16810.00 68.56
16820.00 66.78
16830.00 65.20
16840.00 63.61
16850.00 62.09
16860.00 61.01
16870.00 60.33
16880.00 59.25
16890.00 59.27
16900.00 59.28
16910.00 59.30
16920.00 59.32
16930.00 59.34
16940.00 59.35
16950.00 59.37
16960.00 59.39
16970.00 58.41
16980.00 58.42
16990.00 59.44
17000.00 65.12
17010.00 69.24
17020.00 71.46
17030.00 71.48
17040.00 71.79
17050.00 72.31
17060.00 72.93
17070.00 73.45
17080.00 73.96
17090.00 74.48
17100.00 74.90
17110.00 75.21
17120.00 75.63
17130.00 76.05
17140.00 75.73
17150.00 75.95
17160.00 76.16
17170.00 78.58
17180.00 79.30
17190.00 79.92
17200.00 80.23
17210.00 79.15
17220.00 75.37
17230.00 72.39
17240.00 70.10
17250.00 66.92
17260.00 66.44
17270.00 67.55
17280.00 66.73
17290.00 67.15
17300.00 67.77
17310.00 68.38
17320.00 69.70
17330.00 72.82
17340.00 78.44
17350.00 80.95
17360.00 81.97
17370.00 80.59
17380.00 78.10
17390.00 75.52
17400.00 77.24
17410.00 80.26
17420.00 83.27
17430.00 79.25
17440.00 80.07
17450.00 83.78
17460.00 87.50
17470.00 88.82
17480.00 88.44
17490.00 88.15
17500.00 87.87
17510.00 87.59
17520.00 86.30
17530.00 84.02
17540.00 82.94
17550.00 81.35
17560.00 78.87
17570.00 72.45
17580.00 67.17
17590.00 61.08
17600.00 48.10
17610.00 44.12
17620.00 44.53
17630.00 42.95
17640.00 42.37
17650.00 41.38
17660.00 41.40
17670.00 41.41
17680.00 41.43
17690.00 41.45
17700.00 41.46
17710.00 41.44
17720.00 41.46
17730.00 41.48
17740.00 41.49
17750.00 41.51
17760.00 41.53
17770.00 41.54
17780.00 41.56
17790.00 41.57
17800.00 41.59
17810.00 41.59
17820.00 41.61
17830.00 41.62
17840.00 41.64
17850.00 41.66
17860.00 41.63
17870.00 41.65
17880.00 41.67
17890.00 41.68
17900.00 41.70
17910.00 41.72
17920.00 41.73
17930.00 41.75
17940.00 41.76
17950.00 41.78
17960.00 41.80
17970.00 41.81
17980.00 41.83
17990.00 41.84
18000.00 41.82
18010.00 41.84
18020.00 41.85
18030.00 41.87
18040.00 41.89
18050.00 41.90
18060.00 41.92
18070.00 41.93
18080.00 41.95
18090.00 41.97
18100.00 41.98
18110.00 42.00
18120.00 42.01
18130.00 42.03
18140.00 42.05
18150.00 42.02
18160.00 42.04
18170.00 42.36
18180.00 43.07
18190.00 44.89
18200.00 49.40
18210.00 51.22
18220.00 53.13
18230.00 52.15
18240.00 51.17
18250.00 51.18
18260.00 51.20
18270.00 51.21
18280.00 51.23
18290.00 53.21
18300.00 53.22
18310.00 50.44
18320.00 48.25
18330.00 46.47
18340.00 43.28
18350.00 43.30
18360.00 43.31
18370.00 44.33
18380.00 44.35
18390.00 43.76
18400.00 43.18
18410.00 42.39
18420.00 42.41
18430.00 42.38
18440.00 42.40
18450.00 42.42
18460.00 42.63
18470.00 43.45
18480.00 44.26
18490.00 44.68
18500.00 44.89
18510.00 44.91
18520.00 44.72
18530.00 44.54
18540.00 43.55
18550.00 43.57
18560.00 43.58
18570.00 43.60
18580.00 43.58
18590.00 43.59
18600.00 43.61
18610.00 43.62
18620.00 45.64
18630.00 45.65
18640.00 43.67
18650.00 44.48
18660.00 44.50
18670.00 44.51
18680.00 45.73
18690.00 45.74
18700.00 45.76
18710.00 45.77
18720.00 43.75
18730.00 43.76
18740.00 43.78
18750.00 43.79
18760.00 43.81
18770.00 43.82
18780.00 45.44
18790.00 45.85
18800.00 46.07
18810.00 48.48
18820.00 51.70
18830.00 56.31
18840.00 63.93
18850.00 63.94
18860.00 63.92
18870.00 64.33
18880.00 67.95
18890.00 67.96
18900.00 67.18
18910.00 65.39
18920.00 61.80
18930.00 51.82
18940.00 46.23
18950.00 43.25
18960.00 43.66
18970.00 44.48
18980.00 44.29
18990.00 43.51
19000.00 43.12
19010.00 43.10
19020.00 43.11
19030.00 43.13
19040.00 43.14
19050.00 43.16
19060.00 43.17
19070.00 43.18
19080.00 43.20
19090.00 43.21
19100.00 43.23
19110.00 43.24
19120.00 43.26
19130.00 43.47
19140.00 43.68
19150.00 43.26
19160.00 43.27
19170.00 43.29
19180.00 43.30
19190.00 43.32
19200.00 43.33
19210.00 43.35
19220.00 43.36
19230.00 43.37
19240.00 43.39
19250.00 43.40
19260.00 43.42
19270.00 43.43
19280.00 43.44
19290.00 43.46
19300.00 43.43
19310.00 43.45
19320.00 43.46
19330.00 43.48
19340.00 43.49
19350.00 43.50
19360.00 43.52
19370.00 43.53
19380.00 43.55
19390.00 43.56
19400.00 43.57
19410.00 43.59
19420.00 43.60
19430.00 43.62
19440.00 43.59
19450.00 43.60
19460.00 43.62
19470.00 43.63
19480.00 43.65
19490.00 43.66
19500.00 43.67
19510.00 43.69
19520.00 43.70
19530.00 43.71
19540.00 43.73
19550.00 43.74
19560.00 43.76
19570.00 43.77
19580.00 43.74
19590.00 43.76
19600.00 43.77
19610.00 43.78
19620.00 43.80
19630.00 43.81
19640.00 43.83
19650.00 43.84
19660.00 43.85
19670.00 43.87
19680.00 43.88
19690.00 43.89
19700.00 43.91
19710.00 43.92
19720.00 43.93
19730.00 43.91
19740.00 43.92
19750.00 43.93
19760.00 43.95
19770.00 43.96
19780.00 43.97
19790.00 43.99
19800.00 44.00
19810.00 44.01
19820.00 44.03
19830.00 44.04
19840.00 44.05
19850.00 44.07
19860.00 44.08
19870.00 44.05
19880.00 44.07
19890.00 44.08
19900.00 44.09
19910.00 44.11
19920.00 44.12
19930.00 44.13
19940.00 44.15
19950.00 44.16
19960.00 44.17
19970.00 44.19
19980.00 44.20
19990.00 44.21
20000.00 44.22
20010.00 44.20
20020.00 44.21
20030.00 44.22
20040.00 44.24
20050.00 44.25
20060.00 44.26
20070.00 44.28
20080.00 44.29
20090.00 44.30
20100.00 44.31
20110.00 44.33
20120.00 44.34
20130.00 44.35
20140.00 44.36
20150.00 44.38
20160.00 44.35
20170.00 44.36
20180.00 44.38
20190.00 44.39
20200.00 44.40
20210.00 44.42
20220.00 44.43
20230.00 44.44
20240.00 44.45
20250.00 44.47
20260.00 44.48
20270.00 44.49
20280.00 44.50
20290.00 44.52
20300.00 44.49
20310.00 44.50
20320.00 44.51
20330.00 44.53
20340.00 44.54
20350.00 44.55
20360.00 45.56
20370.00 46.58
20380.00 46.39
20390.00 46.60
20400.00 46.41
20410.00 46.63
20420.00 46.64
20430.00 46.65
20440.00 46.66
20450.00 46.84
20460.00 46.65
20470.00 46.66
20480.00 46.47
20490.00 45.88
20500.00 45.30
20510.00 44.71
20520.00 44.72
20530.00 44.73
20540.00 44.75
20550.00 44.76
20560.00 44.77
20570.00 44.78
20580.00 44.79
20590.00 44.77
20600.00 44.78
20610.00 44.79
20620.00 44.80
20630.00 44.82
20640.00 44.83
20650.00 44.84
20660.00 44.85
20670.00 44.86
20680.00 44.87
20690.00 44.89
20700.00 44.90
20710.00 44.91
20720.00 44.92
20730.00 44.90
20740.00 44.91
20750.00 44.92
20760.00 44.93
20770.00 44.94
20780.00 44.95
20790.00 44.97
20800.00 44.98
20810.00 44.99
20820.00 45.00
20830.00 45.01
20840.00 45.02
20850.00 45.04
20860.00 45.05
20870.00 45.06
20880.00 45.03
20890.00 45.04
20900.00 45.05
20910.00 45.07
20920.00 45.88
20930.00 45.89
20940.00 45.30
20950.00 45.11
20960.00 45.12
20970.00 45.13
20980.00 45.15
20990.00 45.16
21000.00 45.17
21010.00 45.18
21020.00 45.15
21030.00 45.16
21040.00 45.18
21050.00 45.19
21060.00 45.20
21070.00 45.21
21080.00 45.22
21090.00 45.23
21100.00 45.24
21110.00 45.25
21120.00 45.27
21130.00 45.28
21140.00 45.29
21150.00 45.30
21160.00 45.27
21170.00 45.28
21180.00 45.29
21190.00 45.31
21200.00 45.32
21210.00 45.33
21220.00 45.34
21230.00 45.35
21240.00 45.36
21250.00 45.37
21260.00 45.38
21270.00 45.39
21280.00 45.40
21290.00 45.41
21300.00 45.43
21310.00 45.40
21320.00 45.41
21330.00 45.42
21340.00 45.43
21350.00 45.44
21360.00 45.45
21370.00 45.46
21380.00 45.47
21390.00 45.48
21400.00 45.50
21410.00 45.51
21420.00 45.52
21430.00 45.53
21440.00 45.54
21450.00 45.51
21460.00 45.52
21470.00 45.53
21480.00 45.54
21490.00 45.55
21500.00 45.56
21510.00 45.57
21520.00 45.58
21530.00 45.59
21540.00 45.61
21550.00 45.62
21560.00 45.63
21570.00 45.64
21580.00 45.65
21590.00 45.66
21600.00 45.63
21610.00 45.64
21620.00 45.65
21630.00 45.66
21640.00 45.67
21650.00 45.68
21660.00 45.69
21670.00 45.70
21680.00 45.71
21690.00 45.72
21700.00 45.73
21710.00 45.74
21720.00 45.75
21730.00 45.76
21740.00 45.74
21750.00 45.75
21760.00 45.76
21770.00 45.77
21780.00 45.78
21790.00 45.79
21800.00 45.80
21810.00 45.81
21820.00 45.82
21830.00 45.83
21840.00 45.84
21850.00 45.85
21860.00 45.86
21870.00 45.87
21880.00 45.84
21890.00 45.85
21900.00 45.86
21910.00 45.87
21920.00 45.88
21930.00 45.89
21940.00 45.89
21950.00 45.90
21960.00 45.91
21970.00 45.92
21980.00 45.93
21990.00 45.94
22000.00 45.95
22010.00 45.96
22020.00 45.97
22030.00 45.94
22040.00 45.95
22050.00 45.96
22060.00 45.97
22070.00 45.98
22080.00 45.99
22090.00 46.00
22100.00 46.01
22110.00 46.01
22120.00 46.02
22130.00 46.03
22140.00 46.04
22150.00 46.05
22160.00 46.06
22170.00 46.03
22180.00 46.04
22190.00 46.05
22200.00 46.06
22210.00 46.07
22220.00 46.08
22230.00 46.09
22240.00 46.10
22250.00 46.11
22260.00 46.12
22270.00 46.13
22280.00 46.14
22290.00 46.15
22300.00 46.16
22310.00 46.13
22320.00 46.14
22330.00 46.15
22340.00 46.15
22350.00 46.16
22360.00 46.17
22370.00 46.18
22380.00 46.19
22390.00 46.20
22400.00 46.21
22410.00 46.22
22420.00 46.23
22430.00 46.24
22440.00 46.25
22450.00 46.26
22460.00 46.23
22470.00 46.24
22480.00 46.24
22490.00 46.25
22500.00 46.26
22510.00 46.27
22520.00 46.28
22530.00 46.29
22540.00 46.30
22550.00 46.31
22560.00 46.32
22570.00 46.33
22580.00 46.33
22590.00 46.34
22600.00 46.31
22610.00 46.32
22620.00 46.33
22630.00 46.34
22640.00 46.35
22650.00 46.36
22660.00 46.37
22670.00 46.37
22680.00 46.38
22690.00 46.39
22700.00 46.40
22710.00 46.41
22720.00 46.42
22730.00 46.43
22740.00 46.44
22750.00 46.41
22760.00 46.41
22770.00 46.42
22780.00 46.43
22790.00 46.44
22800.00 46.45
22810.00 46.46
22820.00 46.47
22830.00 46.47
22840.00 46.48
22850.00 46.49
22860.00 46.50
22870.00 46.51
22880.00 46.52
22890.00 46.49
22900.00 46.49
22910.00 46.50
22920.00 46.51
22930.00 46.52
22940.00 46.53
22950.00 46.54
22960.00 46.54
22970.00 46.55
22980.00 46.56
22990.00 46.57
23000.00 46.58
23010.00 46.59
23020.00 46.59
23030.00 46.56
23040.00 46.57
23050.00 46.58
23060.00 46.59
23070.00 46.60
23080.00 46.60
23090.00 46.61
23100.00 46.62
23110.00 46.63
23120.00 46.64
23130.00 46.64
23140.00 46.65
23150.00 46.66
23160.00 46.67
23170.00 46.68
23180.00 46.65
23190.00 46.65
23200.00 46.66
23210.00 46.67
23220.00 46.68
23230.00 46.69
23240.00 46.69
23250.00 46.70
23260.00 46.71
23270.00 46.72
23280.00 46.72
23290.00 46.73
23300.00 46.74
23310.00 46.75
23320.00 46.72
23330.00 46.72
23340.00 46.73
23350.00 46.74
23360.00 46.75
23370.00 46.76
23380.00 46.76
23390.00 46.77
23400.00 46.78
23410.00 46.79
23420.00 46.79
23430.00 46.80
23440.00 46.81
23450.00 46.82
23460.00 46.78
23470.00 46.79
23480.00 46.80
23490.00 46.81
23500.00 46.81
23510.00 46.82
23520.00 46.83
23530.00 46.84
23540.00 46.84
23550.00 46.85
23560.00 46.86
23570.00 46.87
23580.00 46.87
23590.00 46.88
23600.00 46.89
23610.00 46.86
23620.00 46.86
23630.00 46.87
23640.00 46.88
23650.00 46.89
23660.00 46.89
23670.00 46.90
23680.00 46.91
23690.00 46.91
23700.00 46.92
23710.00 46.93
23720.00 46.94
23730.00 46.94
23740.00 46.95
23750.00 46.92
23760.00 46.93
23770.00 46.93
23780.00 46.94
23790.00 46.95
23800.00 46.95
23810.00 46.96
23820.00 46.97
23830.00 46.97
23840.00 46.98
23850.00 46.99
23860.00 46.99
23870.00 47.00
23880.00 47.01
23890.00 47.02
23900.00 46.98
23910.00 46.99
23920.00 47.00
23930.00 47.00
23940.00 47.01
23950.00 47.02
23960.00 47.02
23970.00 47.03
23980.00 47.04
23990.00 47.04
24000.00 47.05
24010.00 47.06
24020.00 47.06
24030.00 47.07
24040.00 47.04
24050.00 47.05
24060.00 47.05
24070.00 47.06
24080.00 47.07
24090.00 47.07
24100.00 47.08
24110.00 47.08
24120.00 47.09
24130.00 47.10
24140.00 47.10
24150.00 47.11
24160.00 47.12
24170.00 47.12
24180.00 47.09
24190.00 47.10
24200.00 47.10
24210.00 47.11
24220.00 47.12
24230.00 47.12
24240.00 47.13
24250.00 47.14
24260.00 47.14
24270.00 47.15
24280.00 47.15
24290.00 47.16
24300.00 47.17
24310.00 47.17
24320.00 47.18
24330.00 47.15
24340.00 47.15
24350.00 47.16
24360.00 47.16
24370.00 47.17
24380.00 47.18
24390.00 47.18
24400.00 47.19
24410.00 47.19
24420.00 47.20
24430.00 47.21
24440.00 47.21
24450.00 47.22
24460.00 47.22
24470.00 47.19
24480.00 47.20
24490.00 47.20
24500.00 47.21
24510.00 47.22
24520.00 47.22
24530.00 47.23
24540.00 47.23
24550.00 47.24
24560.00 47.24
24570.00 47.25
24580.00 47.26
24590.00 47.26
24600.00 47.27
24610.00 47.23
24620.00 47.24
24630.00 47.25
24640.00 47.25
24650.00 47.26
24660.00 47.26
24670.00 47.27
24680.00 47.27
24690.00 47.28
24700.00 47.28
24710.00 47.29
24720.00 47.30
24730.00 47.30
24740.00 47.31
24750.00 47.31
24760.00 48.38
24770.00 50.18
24780.00 50.19
24790.00 52.90
24800.00 55.20
24810.00 58.41
24820.00 64.31
24830.00 68.32
24840.00 71.12
24850.00 76.03
24860.00 85.13
24870.00 92.44
24880.00 98.74
24890.00 107.85
24900.00 115.92
24910.00 120.02
24920.00 123.63
24930.00 125.93
24940.00 128.24
24950.00 128.24
24960.00 128.25
24970.00 125.95
24980.00 123.26
24990.00 122.36
25000.00 121.47
25010.00 118.27
25020.00 119.68
25030.00 121.88
25040.00 125.99
25050.00 135.05
25060.00 137.76
25070.00 140.96
25080.00 143.17
25090.00 144.57
25100.00 147.28
25110.00 147.28
25120.00 147.29
25130.00 147.29
25140.00 144.60
25150.00 141.40
25160.00 139.21
25170.00 137.31
25180.00 137.32
25190.00 137.28
25200.00 136.39
25210.00 136.39
25220.00 136.40
25230.00 136.40
25240.00 137.81
25250.00 139.21
25260.00 140.12
25270.00 140.52
25280.00 141.03
25290.00 144.13
25300.00 146.03
25310.00 146.94
25320.00 147.34
25330.00 150.91
25340.00 153.21
25350.00 155.52
25360.00 156.82
25370.00 157.73
25380.00 158.23
25390.00 160.54
25400.00 161.44
25410.00 162.35
25420.00 163.25
25430.00 164.15
25440.00 165.06
25450.00 165.96
25460.00 165.57
25470.00 166.87
25480.00 170.94
25490.00 172.34
25500.00 172.35
25510.00 172.35
25520.00 171.85
25530.00 171.86
25540.00 172.36
25550.00 174.17
25560.00 175.47
25570.00 177.28
25580.00 180.08
25590.00 183.68
25600.00 187.79
25610.00 189.59
25620.00 192.26
25630.00 192.76
25640.00 193.17
25650.00 194.07
25660.00 195.47
25670.00 196.38
25680.00 197.68
25690.00 198.59
25700.00 199.59
25710.00 199.99
25720.00 200.50
25730.00 200.50
25740.00 200.91
25750.00 202.31
25760.00 205.87
25770.00 206.78
25780.00 208.58
25790.00 208.59
25800.00 209.09
25810.00 209.99
25820.00 209.50
25830.00 208.20
25840.00 208.21
25850.00 206.81
25860.00 206.81
25870.00 206.42
25880.00 205.42
25890.00 204.52
25900.00 204.53
25910.00 207.69
25920.00 208.60
25930.00 209.50
25940.00 210.90
25950.00 211.81
25960.00 212.71
25970.00 212.71
25980.00 212.72
25990.00 212.72
26000.00 213.62
26010.00 213.63
26020.00 214.13
26030.00 215.43
26040.00 216.34
26050.00 220.00
26060.00 220.00
26070.00 222.71
26080.00 225.41
26090.00 227.61
26100.00 229.52
26110.00 229.52
26120.00 227.62
26130.00 226.83
26140.00 228.63
26150.00 233.63
26160.00 236.74
26170.00 239.44
26180.00 242.24
26190.00 242.65
26200.00 250.31
26210.00 251.71
26220.00 252.62
26230.00 251.22
26240.00 249.92
26250.00 250.83
26260.00 249.93
26270.00 245.83
26280.00 244.94
26290.00 245.34
26300.00 244.04
26310.00 240.85
26320.00 239.05
26330.00 238.15
26340.00 242.62
26350.00 241.72
26360.00 241.72
26370.00 241.72
26380.00 242.23
26390.00 242.23
26400.00 241.73
26410.00 241.34
26420.00 239.04
26430.00 239.04
26440.00 240.84
26450.00 242.65
26460.00 244.05
26470.00 244.45
26480.00 255.82
26490.00 256.72
26500.00 256.72
26510.00 254.03
26520.00 251.23
26530.00 248.13
26540.00 247.63
26550.00 247.64
26560.00 247.64
26570.00 249.04
26580.00 250.84
26590.00 253.05
26600.00 255.85
26610.00 259.45
26620.00 261.75
26630.00 268.52
26640.00 270.32
26650.00 273.02
26660.00 276.23
26670.00 280.23
26680.00 283.03
26690.00 284.83
26700.00 289.83
26710.00 292.94
26720.00 293.84
26730.00 290.74
26740.00 287.54
26750.00 283.95
26760.00 278.45
26770.00 277.51
26780.00 271.62
26790.00 268.52
26800.00 266.62
26810.00 264.42
26820.00 259.42
26830.00 257.63
26840.00 258.03
26850.00 257.63
26860.00 257.63
26870.00 260.34
26880.00 263.94
26890.00 264.84
26900.00 264.44
26910.00 268.50
26920.00 267.61
26930.00 267.61
26940.00 268.01
26950.00 268.91
26960.00 267.61
26970.00 264.42
26980.00 260.82
26990.00 257.62
27000.00 255.82
27010.00 254.42
27020.00 253.03
27030.00 251.73
27040.00 249.93
27050.00 246.73
27060.00 245.80
27070.00 240.80
27080.00 235.80
27090.00 228.10
27100.00 225.40
27110.00 225.40
27120.00 225.41
27130.00 225.41
27140.00 225.41
27150.00 225.41
27160.00 226.31
27170.00 226.81
27180.00 227.62
27190.00 228.12
27200.00 230.38
27210.00 230.78
27220.00 231.68
27230.00 230.79
27240.00 228.99
27250.00 226.79
27260.00 225.79
27270.00 224.89
27280.00 224.89
27290.00 224.90
27300.00 224.90
27310.00 224.00
27320.00 222.70
27330.00 221.80
27340.00 221.80
27350.00 223.56
27360.00 221.27
27370.00 218.07
27380.00 214.97
27390.00 210.87
27400.00 208.57
27410.00 207.67
27420.00 204.07
27430.00 199.98
27440.00 196.38
27450.00 193.58
27460.00 191.78
27470.00 189.08
27480.00 185.98
27490.00 184.54
27500.00 180.95
27510.00 177.75
27520.00 173.65
27530.00 168.25
27540.00 166.45
27550.00 165.55
27560.00 163.25
27570.00 161.45
27580.00 160.05
27590.00 157.75
27600.00 155.06
27610.00 151.86
27620.00 147.86
27630.00 145.02
27640.00 139.62
27650.00 133.32
27660.00 127.42
27670.00 124.22
27680.00 121.02
27690.00 117.83
27700.00 114.73
27710.00 112.03
27720.00 109.23
27730.00 105.63
27740.00 97.93
27750.00 94.33
27760.00 90.23
27770.00 87.53
27780.00 86.59
27790.00 86.59
27800.00 86.60
27810.00 86.60
27820.00 87.50
27830.00 87.50
27840.00 87.90
27850.00 89.30
27860.00 91.10
27870.00 92.90
27880.00 94.70
27890.00 96.10
27900.00 97.00
27910.00 98.40
27920.00 98.36
27930.00 98.36
27940.00 98.36
27950.00 98.36
27960.00 98.37
27970.00 98.37
27980.00 97.37
27990.00 96.97
28000.00 96.97
28010.00 96.97
28020.00 96.47
28030.00 96.07
28040.00 95.17
28050.00 95.57
28060.00 95.13
28070.00 95.53
28080.00 95.53
28090.00 95.53
28100.00 99.63
28110.00 104.63
28120.00 109.13
28130.00 113.23
28140.00 117.33
28150.00 118.23
28160.00 116.43
28170.00 116.43
28180.00 116.43
28190.00 116.43
28200.00 116.43
28210.00 116.39
28220.00 116.39
28230.00 116.09
28240.00 115.79
28250.00 115.79
28260.00 115.69
28270.00 113.99
28280.00 113.39
28290.00 110.49
28300.00 109.39
28310.00 108.19
28320.00 106.99
28330.00 108.19
28340.00 104.69
28350.00 97.75
28360.00 90.15
28370.00 84.95
28380.00 80.35
28390.00 76.25
28400.00 72.75
28410.00 69.35
28420.00 65.85
28430.00 65.85
28440.00 67.05
28450.00 69.35
28460.00 71.65
28470.00 72.25
28480.00 72.25
28490.00 71.65
28500.00 69.91
28510.00 73.91
28520.00 77.41
28530.00 78.51
28540.00 79.11
28550.00 78.51
28560.00 77.41
28570.00 72.21
28580.00 66.41
28590.00 63.51
28600.00 64.11
28610.00 68.70
28620.00 69.30
28630.00 68.10
28640.00 64.56
28650.00 59.96
28660.00 58.26
28670.00 55.96
28680.00 55.36
28690.00 55.36
28700.00 55.96
28710.00 55.36
28720.00 59.36
28730.00 63.46
28740.00 66.96
28750.00 69.86
28760.00 73.26
28770.00 77.35
28780.00 79.61
28790.00 81.91
28800.00 85.41
28810.00 88.31
28820.00 88.31
28830.00 88.31
28840.00 81.91
28850.00 76.71
28860.00 73.21
28870.00 69.81
28880.00 69.81
28890.00 72.60
28900.00 79.60
28910.00 86.00
28920.00 95.20
28930.00 88.26
28940.00 84.76
28950.00 81.86
28960.00 78.36
28970.00 73.16
28980.00 67.96
28990.00 64.45
29000.00 62.15
29010.00 61.55
29020.00 60.45
29030.00 59.25
29040.00 58.15
29050.00 56.95
29060.00 55.85
29070.00 52.91
29080.00 52.90
29090.00 50.50
29100.00 50.50
29110.00 50.00
29120.00 51.10
29130.00 51.70
29140.00 52.90
29150.00 53.99
29160.00 54.59
29170.00 55.79
29180.00 55.79
29190.00 55.79
29200.00 54.59
29210.00 52.85
29220.00 52.25
29230.00 51.04
29240.00 51.04
29250.00 51.04
29260.00 51.04
29270.00 51.64
29280.00 52.24
29290.00 53.33
29300.00 54.53
29310.00 56.83
29320.00 63.23
29330.00 72.43
29340.00 78.83
29350.00 78.22
29360.00 69.58
29370.00 66.68
29380.00 66.08
29390.00 63.78
29400.00 62.58
29410.00 64.27
29420.00 68.97
29430.00 74.77
29440.00 80.57
29450.00 86.87
29460.00 94.96
29470.00 102.56
29480.00 107.76
29490.00 109.46
29500.00 111.72
29510.00 114.62
29520.00 118.11
29530.00 118.11
29540.00 119.31
29550.00 118.71
29560.00 118.11
29570.00 115.80
29580.00 113.50
29590.00 107.70
29600.00 101.90
29610.00 96.69
29620.00 93.79
29630.00 91.49
29640.00 88.59
29650.00 83.35
29660.00 78.64
29670.00 79.84
29680.00 82.14
29690.00 85.04
29700.00 85.64
29710.00 87.93
29720.00 87.93
29730.00 87.93
29740.00 87.93
29750.00 86.72
29760.00 90.22
29770.00 96.02
29780.00 104.12
29790.00 107.58
29800.00 113.37
29810.00 119.77
29820.00 127.87
29830.00 127.87
29840.00 127.86
29850.00 125.56
29860.00 119.16
29870.00 114.46
29880.00 111.55
29890.00 110.45
29900.00 114.45
29910.00 115.65
29920.00 117.94
29930.00 117.90
29940.00 117.90
29950.00 117.90
29960.00 117.89
29970.00 115.59
29980.00 114.39
29990.00 113.88
30000.00 112.08
30010.00 109.18
30020.00 105.78
30030.00 102.87
30040.00 101.07
30050.00 99.97
30060.00 98.16
30070.00 95.26
30080.00 92.32
30090.00 89.42
30100.00 86.01
30110.00 81.91
30120.00 76.71
30130.00 71.51
30140.00 66.80
30150.00 62.80
30160.00 59.30
30170.00 56.39
30180.00 55.29
30190.00 55.29
30200.00 55.29
30210.00 55.28
30220.00 55.24
30230.00 55.24
30240.00 55.24
30250.00 55.23
30260.00 55.23
30270.00 55.23
30280.00 55.22
30290.00 55.22
30300.00 56.92
30310.00 58.01
30320.00 60.41
30330.00 62.11
30340.00 63.80
30350.00 65.00
30360.00 65.56
30370.00 67.25
30380.00 67.25
30390.00 67.25
30400.00 67.24
30410.00 66.14
30420.00 65.54
30430.00 63.73
30440.00 62.03
30450.00 61.43
30460.00 60.32
30470.00 58.52
30480.00 57.92
30490.00 56.81
30500.00 56.21
30510.00 55.07
30520.00 55.06
30530.00 55.06
30540.00 55.06
30550.00 56.15
30560.00 57.35
30570.00 58.45
30580.00 59.04
30590.00 59.04
30600.00 58.43
30610.00 58.43
30620.00 59.63
30630.00 62.52
30640.00 70.02
30650.00 79.28
30660.00 85.07
30670.00 89.67
30680.00 93.17
30690.00 100.66
30700.00 105.86
30710.00 109.35
30720.00 112.25
30730.00 114.55
30740.00 116.34
30750.00 117.44
30760.00 116.83
30770.00 117.43
30780.00 117.43
30790.00 117.42
30800.00 117.38
30810.00 117.38
30820.00 117.37
30830.00 115.07
30840.00 114.46
30850.00 112.76
30860.00 111.56
30870.00 110.45
30880.00 112.75
30890.00 115.04
30900.00 116.24
30910.00 115.03
30920.00 115.03
30930.00 115.03
30940.00 116.18
30950.00 117.28
30960.00 112.07
30970.00 107.47
30980.00 103.97
30990.00 102.76
31000.00 103.96
31010.00 104.55
31020.00 108.05
31030.00 114.34
31040.00 118.44
31050.00 116.14
31060.00 108.03
31070.00 103.93
31080.00 97.48
31090.00 95.18
31100.00 90.57
31110.00 88.17
31120.00 87.66
31130.00 86.46
31140.00 91.16
31150.00 96.85
31160.00 96.35
31170.00 96.84
31180.00 96.34
31190.00 96.33
31200.00 96.83
31210.00 95.72
31220.00 95.72
31230.00 94.48
31240.00 94.47
31250.00 93.87
31260.00 93.86
31270.00 94.46
31280.00 94.45
31290.00 93.85
31300.00 90.44
31310.00 88.04
31320.00 86.93
31330.00 86.93
31340.00 86.32
31350.00 85.22
31360.00 83.41
31370.00 78.77
31380.00 76.96
31390.00 75.86
31400.00 74.65
31410.00 73.55
31420.00 73.54
31430.00 75.84
31440.00 81.03
31450.00 84.53
31460.00 85.62
31470.00 91.42
31480.00 96.61
31490.00 101.91
31500.00 106.50
31510.00 110.46
31520.00 112.85
31530.00 114.55
31540.00 116.84
31550.00 116.84
31560.00 116.83
31570.00 116.83
31580.00 116.82
31590.00 116.82
31600.00 114.51
31610.00 114.51
31620.00 114.50
31630.00 114.50
31640.00 114.49
31650.00 114.49
31660.00 113.24
31670.00 113.24
31680.00 114.43
31690.00 114.43
31700.00 117.92
31710.00 120.21
31720.00 122.51
31730.00 123.10
31740.00 124.30
31750.00 122.49
31760.00 123.69
31770.00 126.58
31780.00 129.48
31790.00 134.07
31800.00 143.93
31810.00 149.12
31820.00 155.41
31830.00 157.81
31840.00 158.30
31850.00 158.90
31860.00 159.49
31870.00 158.29
31880.00 155.98
31890.00 156.57
31900.00 161.17
31910.00 164.66
31920.00 164.06
31930.00 162.95
31940.00 162.95
31950.00 166.30
31960.00 167.50
31970.00 167.49
31980.00 166.28
31990.00 165.18
32000.00 157.67
32010.00 151.87
32020.00 147.16
32030.00 143.15
32040.00 138.45
32050.00 133.84
32060.00 130.34
32070.00 128.63
32080.00 126.32
32090.00 122.18
32100.00 115.77
32110.00 110.57
32120.00 105.36
32130.00 101.85
32140.00 98.45
32150.00 95.54
32160.00 93.14
32170.00 89.73
32180.00 87.32
32190.00 85.62
32200.00 86.21
32210.00 83.91
32220.00 83.90
32230.00 83.85
32240.00 83.25
32250.00 82.64
32260.00 82.63
32270.00 82.63
32280.00 82.62
32290.00 82.62
32300.00 82.61
32310.00 82.60
32320.00 82.60
32330.00 82.59
32340.00 83.78
32350.00 83.78
32360.00 86.67
32370.00 91.86
32380.00 101.62
32390.00 106.91
32400.00 110.31
32410.00 112.10
32420.00 113.19
32430.00 112.09
32440.00 105.68
32450.00 101.57
32460.00 98.67
32470.00 95.76
32480.00 93.45
32490.00 92.85
32500.00 93.44
32510.00 92.33
32520.00 95.19
32530.00 96.88
32540.00 95.17
32550.00 92.77
32560.00 89.36
32570.00 87.55
32580.00 88.15
32590.00 88.74
32600.00 88.73
32610.00 86.93
32620.00 85.22
32630.00 84.61
32640.00 84.61
32650.00 85.80
32660.00 89.25
32670.00 88.05
32680.00 86.34
32690.00 85.73
32700.00 85.12
32710.00 85.72
32720.00 85.71
32730.00 87.40
32740.00 88.60
32750.00 87.39
32760.00 86.28
32770.00 85.07
32780.00 84.47
32790.00 83.36
32800.00 83.35
32810.00 83.31
32820.00 83.30
32830.00 83.29
32840.00 83.29
32850.00 83.28
32860.00 83.27
32870.00 83.26
32880.00 83.26
32890.00 83.25
32900.00 83.24
32910.00 83.23
32920.00 83.23
32930.00 83.22
32940.00 83.21
32950.00 86.07
32960.00 83.16
32970.00 83.15
32980.00 82.54
32990.00 81.94
33000.00 81.93
33010.00 81.92
33020.00 81.91
33030.00 81.91
33040.00 81.90
33050.00 81.89
33060.00 81.88
33070.00 81.88
33080.00 81.87
33090.00 81.86
33100.00 81.81
33110.00 81.81
33120.00 81.80
33130.00 81.79
33140.00 81.78
33150.00 81.78
33160.00 81.77
33170.00 81.76
33180.00 81.75
33190.00 81.74
33200.00 81.74
33210.00 81.73
33220.00 81.72
33230.00 81.71
33240.00 81.67
33250.00 82.96
33260.00 82.95
33270.00 82.94
33280.00 82.93
33290.00 82.93
33300.00 82.92
33310.00 82.91
33320.00 82.90
33330.00 82.90
33340.00 82.89
33350.00 82.88
33360.00 82.87
33370.00 82.86
33380.00 82.82
33390.00 82.81
33400.00 82.80
33410.00 82.79
33420.00 82.78
33430.00 82.78
33440.00 82.77
33450.00 82.76
33460.00 82.75
33470.00 82.74
33480.00 82.73
33490.00 82.73
33500.00 82.72
33510.00 82.71
33520.00 82.70
33530.00 82.65
33540.00 82.65
33550.00 82.64
33560.00 82.63
33570.00 82.62
33580.00 82.61
33590.00 82.60
33600.00 82.60
33610.00 82.59
33620.00 82.58
33630.00 82.57
33640.00 82.56
33650.00 82.55
33660.00 82.54
33670.00 82.50
33680.00 82.49
33690.00 82.48
33700.00 82.47
33710.00 82.46
33720.00 82.45
33730.00 82.45
33740.00 82.44
33750.00 82.43
33760.00 82.42
33770.00 82.41
33780.00 82.40
33790.00 82.39
33800.00 82.38
33810.00 82.34
33820.00 82.33
33830.00 82.32
33840.00 82.31
33850.00 82.30
33860.00 82.29
33870.00 82.28
33880.00 82.27
33890.00 82.27
33900.00 82.26
33910.00 82.25
33920.00 82.24
33930.00 82.23
33940.00 82.22
33950.00 82.21
33960.00 82.16
33970.00 82.15
33980.00 82.15
33990.00 82.14
34000.00 82.13
34010.00 82.12
34020.00 82.11
34030.00 82.10
34040.00 82.09
34050.00 82.08
34060.00 82.07
34070.00 82.06
34080.00 82.06
34090.00 82.05
34100.00 82.00
34110.00 81.99
34120.00 81.98
34130.00 81.97
34140.00 81.96
34150.00 81.95
34160.00 81.94
34170.00 81.93
34180.00 81.92
34190.00 81.91
34200.00 81.90
34210.00 81.90
34220.00 81.89
34230.00 81.88
34240.00 81.87
34250.00 81.82
34260.00 81.81
34270.00 81.80
34280.00 81.79
34290.00 81.78
34300.00 81.77
34310.00 81.76
34320.00 81.76
34330.00 81.75
34340.00 81.74
34350.00 81.73
34360.00 81.72
34370.00 81.71
34380.00 81.70
34390.00 81.65
34400.00 81.65
34410.00 81.64
34420.00 81.63
34430.00 81.62
34440.00 81.61
34450.00 81.60
34460.00 81.59
34470.00 81.58
34480.00 81.57
34490.00 81.56
34500.00 81.55
34510.00 81.54
34520.00 81.53
34530.00 81.48
34540.00 81.47
34550.00 81.46
34560.00 81.45
34570.00 81.44
34580.00 81.43
34590.00 81.42
34600.00 81.41
34610.00 81.40
34620.00 81.39
34630.00 81.38
34640.00 81.37
34650.00 81.36
34660.00 81.35
34670.00 81.34
34680.00 81.29
34690.00 81.28
34700.00 81.27
34710.00 81.26
34720.00 81.25
34730.00 81.24
34740.00 81.23
34750.00 81.22
34760.00 81.21
34770.00 81.20
34780.00 81.19
34790.00 81.18
34800.00 81.17
34810.00 81.16
34820.00 81.11
34830.00 81.10
34840.00 81.09
34850.00 81.08
34860.00 81.07
34870.00 81.06
34880.00 81.05
34890.00 81.04
34900.00 81.02
34910.00 81.01
34920.00 81.00
34930.00 80.99
34940.00 80.98
34950.00 80.97
34960.00 80.92
34970.00 80.91
34980.00 80.90
34990.00 80.89
35000.00 80.88
35010.00 80.87
35020.00 80.86
35030.00 80.85
35040.00 80.84
35050.00 80.83
35060.00 80.82
35070.00 80.81
35080.00 80.79
35090.00 80.78
35100.00 80.77
35110.00 80.72
35120.00 80.71
35130.00 80.70
35140.00 80.69
35150.00 80.68
35160.00 80.67
35170.00 80.66
35180.00 80.65
35190.00 80.64
35200.00 80.63
35210.00 80.61
35220.00 80.60
35230.00 80.59
35240.00 80.58
35250.00 80.53
35260.00 80.52
35270.00 80.51
35280.00 80.50
35290.00 80.49
35300.00 80.48
35310.00 80.47
35320.00 80.45
35330.00 80.44
35340.00 80.43
35350.00 80.42
35360.00 80.41
35370.00 80.40
35380.00 82.69
35390.00 81.58
35400.00 82.63
35410.00 83.81
35420.00 85.50
35430.00 86.09
35440.00 87.28
35450.00 89.57
35460.00 91.26
35470.00 94.75
35480.00 99.93
35490.00 104.52
35500.00 106.81
35510.00 109.70
35520.00 111.49
35530.00 112.58
35540.00 112.53
35550.00 112.52
35560.00 112.50
35570.00 112.49
35580.00 114.78
35590.00 118.27
35600.00 122.96
35610.00 126.95
35620.00 129.24
35630.00 130.42
35640.00 132.11
35650.00 134.40
35660.00 133.29
35670.00 129.78
35680.00 123.33
35690.00 121.61
35700.00 121.00
35710.00 120.39
35720.00 121.58
35730.00 122.77
35740.00 125.06
35750.00 125.64
35760.00 123.23
35770.00 123.22
35780.00 125.01
35790.00 123.80
35800.00 119.18
35810.00 115.67
35820.00 114.46
35830.00 109.81
35840.00 109.80
35850.00 109.79
35860.00 109.77
35870.00 112.06
35880.00 112.05
35890.00 112.04
35900.00 110.93
35910.00 113.21
35920.00 114.90
35930.00 116.69
35940.00 117.78
35950.00 118.37
35960.00 117.15
35970.00 112.50
35980.00 110.79
35990.00 108.98
36000.00 107.27
36010.00 104.35
36020.00 101.44
36030.00 101.43
36040.00 99.12
36050.00 95.60
36060.00 92.09
36070.00 85.78
36080.00 81.67
36090.00 81.66
36100.00 81.04
36110.00 79.29
36120.00 79.28
36130.00 79.27
36140.00 79.25
36150.00 79.24
36160.00 79.23
36170.00 79.22
36180.00 79.20
36190.00 79.19
36200.00 79.18
36210.00 81.47
36220.00 80.85
36230.00 83.74
36240.00 86.63
36250.00 88.42
36260.00 88.86
36270.00 91.25
36280.00 91.24
36290.00 91.23
36300.00 92.31
36310.00 91.70
36320.00 91.19
36330.00 91.18
36340.00 90.56
36350.00 92.25
36360.00 96.34
36370.00 100.93
36380.00 101.51
36390.00 100.30
36400.00 95.05
36410.00 94.43
36420.00 92.72
36430.00 92.71
36440.00 95.60
36450.00 100.78
36460.00 98.47
36470.00 98.46
36480.00 97.84
36490.00 98.43
36500.00 105.32
36510.00 110.01
36520.00 108.79
36530.00 108.78
36540.00 108.77
36550.00 109.91
36560.00 106.40
36570.00 102.89
36580.00 102.28
36590.00 102.26
36600.00 101.75
36610.00 101.14
36620.00 101.12
36630.00 101.71
36640.00 102.80
36650.00 105.08
36660.00 106.87
36670.00 109.16
36680.00 110.84
36690.00 109.69
36700.00 110.78
36710.00 110.76
36720.00 111.35
36730.00 110.74
36740.00 109.62
36750.00 111.91
36760.00 118.30
36770.00 125.78
36780.00 128.07
36790.00 127.46
36800.00 126.84
36810.00 129.23
36820.00 129.72
36830.00 125.06
36840.00 125.65
36850.00 126.24
36860.00 127.92
36870.00 136.01
36880.00 140.10
36890.00 140.08
36900.00 137.17
36910.00 133.66
36920.00 132.44
36930.00 132.43
36940.00 134.81
36950.00 135.90
36960.00 137.09
36970.00 139.97
36980.00 139.32
36990.00 142.81
37000.00 146.19
37010.00 149.08
37020.00 152.57
37030.00 154.85
37040.00 160.04
37050.00 168.12
37060.00 175.71
37070.00 180.30
37080.00 187.18
37090.00 191.87
37100.00 195.86
37110.00 201.64
37120.00 201.59
37130.00 207.37
37140.00 214.36
37150.00 220.15
37160.00 220.63
37170.00 218.92
37180.00 213.70
37190.00 209.59
37200.00 206.18
37210.00 202.66
37220.00 201.45
37230.00 201.43
37240.00 201.42
37250.00 201.41
37260.00 196.75
37270.00 198.44
37280.00 200.72
37290.00 200.71
37300.00 205.39
37310.00 206.48
37320.00 207.07
37330.00 201.85
37340.00 201.84
37350.00 203.02
37360.00 205.91
37370.00 206.99
37380.00 201.78
37390.00 193.07
37400.00 188.45
37410.00 184.90
37420.00 189.48
37430.00 189.47
37440.00 189.45
37450.00 189.44
37460.00 187.73
37470.00 187.71
37480.00 190.60
37490.00 194.68
37500.00 198.07
37510.00 203.25
37520.00 204.44
37530.00 203.22
37540.00 198.61
37550.00 189.85
37560.00 192.74
37570.00 197.93
37580.00 202.01
37590.00 207.80
37600.00 215.88
37610.00 226.87
37620.00 232.65
37630.00 238.44
37640.00 244.72
37650.00 249.91
37660.00 253.39
37670.00 255.68
37680.00 256.86
37690.00 255.65
37700.00 259.69
37710.00 265.48
37720.00 270.06
37730.00 272.95
37740.00 273.54
37750.00 272.92
37760.00 273.51
37770.00 276.99
37780.00 276.38
37790.00 272.26
37800.00 265.95
37810.00 265.33
37820.00 264.12
37830.00 259.50
37840.00 255.35
37850.00 253.03
37860.00 250.72
37870.00 247.80
37880.00 244.89
37890.00 242.57
37900.00 240.26
37910.00 238.44
37920.00 236.12
37930.00 233.21
37940.00 226.89
37950.00 222.18
37960.00 219.26
37970.00 221.65
37980.00 215.79
37990.00 213.98
38000.00 211.66
38010.00 211.05
38020.00 211.63
38030.00 212.22
38040.00 211.60
38050.00 211.59
38060.00 216.17
38070.00 220.86
38080.00 219.04
38090.00 215.02
38100.00 212.71
38110.00 212.69
38120.00 214.38
38130.00 208.52
38140.00 206.21
38150.00 200.39
38160.00 191.08
38170.00 185.86
38180.00 185.85
38190.00 191.03
38200.00 193.91
38210.00 198.00
38220.00 202.58
38230.00 207.77
38240.00 214.75
38250.00 222.24
38260.00 226.82
38270.00 221.06
38280.00 226.85
38290.00 230.23
38300.00 233.12
38310.00 233.10
38320.00 231.89
38330.00 229.57
38340.00 228.45
38350.00 228.44
38360.00 230.72
38370.00 233.01
38380.00 230.09
38390.00 232.37
38400.00 234.66
38410.00 228.90
38420.00 229.39
38430.00 229.37
38440.00 228.85
38450.00 228.85
38460.00 227.64
38470.00 227.62
38480.00 227.61
38490.00 228.19
38500.00 228.77
38510.00 228.76
38520.00 227.04
38530.00 224.73
38540.00 226.41
38550.00 228.69
38560.00 219.44
38570.00 213.12
38580.00 215.41
38590.00 221.09
38600.00 228.57
38610.00 235.96
38620.00 242.24
38630.00 248.52
38640.00 253.11
38650.00 257.09
38660.00 254.78
38670.00 253.66
38680.00 257.04
38690.00 262.23
38700.00 263.87
38710.00 274.15
38720.00 282.24
38730.00 287.92
38740.00 294.20
38750.00 298.79
38760.00 303.37
38770.00 308.46
38780.00 313.64
38790.00 317.02
38800.00 318.71
38810.00 319.29
38820.00 320.97
38830.00 324.46
38840.00 326.14
38850.00 322.08
38860.00 324.97
38870.00 327.75
38880.00 331.73
38890.00 336.32
38900.00 339.20
38910.00 341.48
38920.00 344.37
38930.00 350.05
38940.00 351.73
38950.00 352.32
38960.00 352.90
38970.00 353.38
38980.00 355.67
38990.00 350.51
39000.00 353.29
39010.00 358.48
39020.00 364.76
39030.00 369.94
39040.00 371.62
39050.00 372.71
39060.00 373.89
39070.00 374.97
39080.00 376.16
39090.00 375.54
39100.00 372.62
39110.00 370.31
39120.00 371.49
39130.00 367.93
39140.00 368.51
39150.00 369.10
39160.00 369.08
39170.00 369.66
39180.00 370.15
39190.00 370.73
39200.00 371.31
39210.00 371.79
39220.00 372.38
39230.00 372.96
39240.00 374.04
39250.00 376.33
39260.00 378.11
