0.00 226.45 0.00 226.45
51.71 228.21 51.73 225.13
103.43 229.06 103.45 224.70
155.15 229.76 155.17 224.43
206.87 230.38 206.89 224.23
258.59 230.96 258.61 224.08
310.30 231.50 310.34 223.97
362.02 232.01 362.06 223.88
413.74 232.50 413.78 223.82
465.46 232.98 465.50 223.77
517.18 233.44 517.22 223.74
568.90 233.88 568.94 223.72
620.62 234.32 620.66 223.71
672.34 234.75 672.38 223.70
724.06 235.17 724.10 223.71
775.78 235.58 775.82 223.73
827.49 235.98 827.55 223.75
879.21 236.38 879.27 223.78
930.93 236.77 930.99 223.81
982.65 237.16 982.71 223.85
1034.37 237.54 1034.43 223.90
1086.09 237.92 1086.15 223.94
1137.81 238.30 1137.87 224.00
1189.53 238.67 1189.59 224.05
1241.25 239.03 1241.31 224.11
1292.97 239.40 1293.03 224.18
1344.69 239.76 1344.75 224.24
1396.41 240.11 1396.47 224.31
1448.13 240.47 1448.19 224.38
1499.85 240.82 1499.91 224.46
1551.57 241.17 1551.63 224.54
1603.29 241.52 1603.35 224.62
1655.00 241.86 1655.08 224.70
1706.72 242.20 1706.80 224.79
1758.44 242.54 1758.52 224.87
1810.16 242.88 1810.24 224.96
1861.88 243.21 1861.96 225.05
1913.60 243.55 1913.68 225.15
1965.32 243.88 1965.40 225.24
2017.04 244.21 2017.12 225.34
2068.76 244.54 2068.84 225.43
2120.48 244.87 2120.56 225.53
2172.20 245.19 2172.28 225.64
2223.92 245.52 2224.00 225.74
2275.64 245.84 2275.72 225.84
2327.36 246.16 2327.44 225.95
2379.08 246.48 2379.16 226.06
2430.80 246.80 2430.88 226.16
2482.52 247.11 2482.60 226.27
2534.24 247.43 2534.32 226.38
2585.96 247.74 2586.04 226.50
2637.68 248.06 2637.76 226.61
2689.40 248.37 2689.48 226.72
2741.11 248.68 2741.21 226.84
2792.83 248.99 2792.93 226.96
2844.55 249.30 2844.65 227.07
2896.27 249.61 2896.37 227.19
2947.99 249.92 2948.09 227.31
2999.71 250.22 2999.81 227.43
3051.43 250.53 3051.53 227.55
3103.15 250.83 3103.25 227.68
3154.87 251.13 3154.97 227.80
3206.59 251.44 3206.69 227.92
3258.31 251.74 3258.41 228.05
3310.03 252.04 3310.13 228.18
3361.75 252.34 3361.85 228.30
3413.47 252.64 3413.57 228.43
3465.19 252.94 3465.29 228.56
3516.91 253.23 3517.01 228.69
3568.63 253.53 3568.73 228.82
3620.35 253.82 3620.45 228.95
3672.07 254.12 3672.17 229.08
3723.79 254.41 3723.89 229.21
3775.51 254.71 3775.61 229.35
3827.23 255.00 3827.33 229.48
3878.95 255.29 3879.05 229.61
3930.67 255.59 3930.77 229.75
3982.39 255.88 3982.49 229.89
4034.11 256.17 4034.21 230.02
4085.83 256.46 4085.93 230.16
4137.55 256.75 4137.65 230.30
4189.27 257.03 4189.37 230.43
4240.98 257.32 4241.10 230.57
4292.70 257.61 4292.82 230.71
4344.42 257.90 4344.54 230.85
4396.14 258.18 4396.26 230.99
4447.86 258.47 4447.98 231.13
4499.58 258.75 4499.70 231.28
4551.30 259.04 4551.42 231.42
4603.02 259.32 4603.14 231.56
4654.74 259.60 4654.86 231.70
4706.46 259.89 4706.58 231.85
4758.18 260.17 4758.30 231.99
4809.90 260.45 4810.02 232.14
4861.62 260.73 4861.74 232.28
4913.34 261.01 4913.46 232.43
4965.06 261.29 4965.18 232.57
5016.78 261.57 5016.90 232.72
5068.50 261.85 5068.62 232.87
5120.22 262.13 5120.34 233.02
5171.94 262.41 5172.06 233.16
5223.66 262.69 5223.78 233.31
5275.38 262.97 5275.50 233.46
5327.10 263.24 5327.22 233.61
5378.82 263.52 5378.94 233.76
5430.54 263.80 5430.66 233.91
5482.26 264.07 5482.38 234.06
5533.98 264.35 5534.10 234.21
5585.70 264.62 5585.82 234.36
5637.42 264.90 5637.54 234.52
5689.14 265.17 5689.26 234.67
5740.86 265.45 5740.98 234.82
5792.58 265.72 5792.70 234.97
5844.30 265.99 5844.42 235.13
5896.02 266.27 5896.14 235.28
5947.74 266.54 5947.86 235.44
5999.46 266.81 5999.58 235.59
6051.18 267.08 6051.30 235.75
6102.90 267.35 6103.02 235.90
6154.61 267.62 6154.75 236.06
6206.33 267.90 6206.47 236.21
6258.05 268.17 6258.19 236.37
6309.77 268.44 6309.91 236.53
6361.49 268.70 6361.63 236.68
6413.21 268.97 6413.35 236.84
6464.93 269.24 6465.07 237.00
6516.65 269.51 6516.79 237.16
6568.37 269.78 6568.51 237.32
6620.09 270.05 6620.23 237.48
6671.81 270.31 6671.95 237.63
6723.53 270.58 6723.67 237.79
6775.25 270.85 6775.39 237.95
6826.97 271.12 6827.11 238.11
6878.69 271.38 6878.83 238.27
6930.41 271.65 6930.55 238.44
6982.13 271.91 6982.27 238.60
7033.85 272.18 7033.99 238.76
7085.57 272.44 7085.71 238.92
7137.29 272.71 7137.43 239.08
7189.01 272.97 7189.15 239.24
7240.73 273.24 7240.87 239.41
7292.45 273.50 7292.59 239.57
7344.17 273.76 7344.31 239.73
7395.89 274.03 7396.03 239.90
7447.61 274.29 7447.75 240.06
7499.33 274.55 7499.47 240.22
7551.05 274.81 7551.19 240.39
7602.77 275.08 7602.91 240.55
7654.49 275.34 7654.63 240.72
7706.21 275.60 7706.35 240.88
7757.93 275.86 7758.07 241.05
7809.65 276.12 7809.79 241.21
7861.37 276.38 7861.51 241.38
7913.09 276.64 7913.23 241.55
7964.81 276.90 7964.95 241.71
8016.53 277.16 8016.67 241.88
8068.25 277.42 8068.39 242.05
8119.97 277.68 8120.11 242.21
8171.69 277.94 8171.83 242.38
8223.41 278.20 8223.55 242.55
8275.13 278.46 8275.27 242.72
8326.85 278.72 8326.99 242.89
8378.57 278.98 8378.71 243.05
8430.29 279.23 8430.43 243.22
8482.01 279.49 8482.15 243.39
8533.73 279.75 8533.87 243.56
8585.45 280.01 8585.59 243.73
8637.17 280.26 8637.31 243.90
8688.88 280.52 8689.04 244.07
8740.60 280.78 8740.76 244.24
8792.32 281.03 8792.48 244.41
8844.04 281.29 8844.20 244.58
8895.76 281.54 8895.92 244.75
8947.48 281.80 8947.64 244.92
8999.20 282.06 8999.36 245.09
9050.92 282.31 9051.08 245.27
9102.64 282.57 9102.80 245.44
9154.36 282.82 9154.52 245.61
9206.08 283.07 9206.24 245.78
9257.80 283.33 9257.96 245.95
9309.52 283.58 9309.68 246.13
9361.24 283.84 9361.40 246.30
9412.96 284.09 9413.12 246.47
9464.68 284.34 9464.84 246.65
9516.40 284.60 9516.56 246.82
9568.12 284.85 9568.28 246.99
9619.84 285.10 9620.00 247.17
9671.56 285.36 9671.72 247.34
9723.28 285.61 9723.44 247.52
9775.00 285.86 9775.16 247.69
9826.72 286.11 9826.88 247.87
9878.44 286.36 9878.60 248.04
9930.16 286.62 9930.32 248.22
9981.88 286.87 9982.04 248.39
10033.60 287.12 10033.76 248.57
10085.32 287.37 10085.48 248.74
10137.04 287.62 10137.20 248.92
10188.76 287.87 10188.92 249.09
10240.48 288.12 10240.64 249.27
10292.20 288.37 10292.36 249.45
10343.92 288.62 10344.08 249.62
10395.64 288.87 10395.80 249.80
10447.36 289.12 10447.52 249.98
10499.08 289.37 10499.24 250.15
10550.80 289.62 10550.96 250.33
10602.52 289.87 10602.68 250.51
10654.24 290.12 10654.40 250.69
10705.96 290.37 10706.12 250.87
10757.68 290.61 10757.84 251.04
10809.40 290.86 10809.56 251.22
10861.12 291.11 10861.28 251.40
10912.84 291.36 10913.00 251.58
10964.56 291.61 10964.72 251.76
11016.28 291.85 11016.44 251.94
11068.00 292.10 11068.16 252.12
11119.72 292.35 11119.88 252.30
11171.44 292.60 11171.60 252.48
11223.16 292.84 11223.32 252.66
11274.88 293.09 11275.04 252.84
11326.60 293.34 11326.76 253.02
11378.32 293.58 11378.48 253.20
11430.04 293.83 11430.20 253.38
11481.76 294.07 11481.92 253.56
11533.48 294.32 11533.64 253.74
11585.20 294.57 11585.36 253.92
11636.92 294.81 11637.08 254.10
11688.64 295.06 11688.80 254.28
11740.36 295.30 11740.52 254.46
11792.08 295.55 11792.24 254.64
11843.80 295.79 11843.96 254.83
11895.52 296.04 11895.68 255.01
11947.24 296.28 11947.40 255.19
11998.96 296.53 11999.12 255.37
12050.67 296.77 12050.85 255.56
12102.39 297.01 12102.57 255.74
12154.11 297.26 12154.29 255.92
12205.83 297.50 12206.01 256.10
12257.55 297.75 12257.73 256.29
12309.27 297.99 12309.45 256.47
12360.99 298.23 12361.17 256.65
12412.71 298.47 12412.89 256.84
12464.43 298.72 12464.61 257.02
12516.15 298.96 12516.33 257.20
12567.87 299.20 12568.05 257.39
12619.59 299.45 12619.77 257.57
12671.31 299.69 12671.49 257.76
12723.03 299.93 12723.21 257.94
12774.75 300.17 12774.93 258.13
12826.47 300.41 12826.65 258.31
12878.19 300.66 12878.37 258.50
12929.91 300.90 12930.09 258.68
12981.63 301.14 12981.81 258.87
13033.35 301.38 13033.53 259.05
13085.07 301.62 13085.25 259.24
13136.79 301.86 13136.97 259.42
13188.51 302.10 13188.69 259.61
13240.23 302.34 13240.41 259.80
13291.95 302.58 13292.13 259.98
13343.67 302.82 13343.85 260.17
13395.39 303.06 13395.57 260.35
13447.11 303.30 13447.29 260.54
13498.83 303.54 13499.01 260.73
13550.55 303.78 13550.73 260.91
13602.27 304.02 13602.45 261.10
13653.99 304.26 13654.17 261.29
13705.71 304.50 13705.89 261.48
13757.43 304.74 13757.61 261.66
13809.15 304.98 13809.33 261.85
13860.87 305.22 13861.05 262.04
13912.59 305.46 13912.77 262.23
13964.31 305.70 13964.49 262.41
14016.03 305.94 14016.21 262.60
14067.75 306.17 14067.93 262.79
14119.47 306.41 14119.65 262.98
14171.19 306.65 14171.37 263.17
14222.91 306.89 14223.09 263.36
14274.63 307.13 14274.81 263.55
14326.35 307.36 14326.53 263.73
14378.07 307.60 14378.25 263.92
14429.79 307.84 14429.97 264.11
14481.51 308.08 14481.69 264.30
14533.23 308.31 14533.41 264.49
14584.95 308.55 14585.13 264.68
14636.67 308.79 14636.85 264.87
14688.39 309.02 14688.57 265.06
14740.11 309.26 14740.29 265.25
14791.83 309.50 14792.01 265.44
14843.55 309.73 14843.73 265.63
14895.27 309.97 14895.45 265.82
14946.99 310.21 14947.17 266.01
14998.71 310.44 14998.89 266.20
15050.43 310.68 15050.61 266.39
15102.15 310.91 15102.33 266.59
15153.87 311.15 15154.05 266.78
15205.59 311.39 15205.77 266.97
15257.31 311.62 15257.49 267.16
15309.03 311.86 15309.21 267.35
15360.75 312.09 15360.93 267.54
15412.47 312.33 15412.65 267.73
15464.19 312.56 15464.37 267.93
15515.91 312.80 15516.09 268.12
15567.63 313.03 15567.81 268.31
15619.35 313.26 15619.53 268.50
15671.07 313.50 15671.25 268.69
15722.79 313.73 15722.97 268.89
15774.51 313.97 15774.69 269.08
15826.23 314.20 15826.41 269.27
15877.95 314.43 15878.13 269.47
15929.67 314.67 15929.85 269.66
15981.39 314.90 15981.57 269.85
16033.11 315.14 16033.29 270.05
16084.83 315.37 16085.01 270.24
16136.55 315.60 16136.73 270.43
16188.27 315.83 16188.45 270.63
16239.99 316.07 16240.17 270.82
16291.71 316.30 16291.89 271.01
16343.43 316.53 16343.61 271.21
16395.15 316.77 16395.33 271.40
16446.87 317.00 16447.05 271.60
16498.59 317.23 16498.77 271.79
16550.31 317.46 16550.49 271.98
16602.03 317.69 16602.21 272.18
16653.75 317.93 16653.93 272.37
16705.47 318.16 16705.65 272.57
16757.19 318.39 16757.37 272.76
16808.91 318.62 16809.09 272.96
16860.63 318.85 16860.81 273.15
16912.35 319.09 16912.53 273.35
16964.07 319.32 16964.25 273.54
17015.79 319.55 17015.97 273.74
17067.51 319.78 17067.69 273.94
17119.23 320.01 17119.41 274.13
17170.95 320.24 17171.13 274.33
17222.67 320.47 17222.85 274.52
17274.39 320.70 17274.57 274.72
17326.11 320.93 17326.29 274.92
17377.83 321.16 17378.01 275.11
17429.54 321.39 17429.74 275.31
17481.26 321.62 17481.46 275.51
17532.98 321.85 17533.18 275.70
17584.70 322.08 17584.90 275.90
17636.42 322.31 17636.62 276.10
17688.14 322.54 17688.34 276.29
17739.86 322.77 17740.06 276.49
17791.58 323.00 17791.78 276.69
17843.30 323.23 17843.50 276.88
17895.02 323.46 17895.22 277.08
17946.74 323.69 17946.94 277.28
17998.46 323.92 17998.66 277.48
18050.18 324.15 18050.38 277.68
18101.90 324.37 18102.10 277.87
18153.62 324.60 18153.82 278.07
18205.34 324.83 18205.54 278.27
18257.06 325.06 18257.26 278.47
18308.78 325.29 18308.98 278.67
18360.50 325.52 18360.70 278.86
18412.22 325.74 18412.42 279.06
18463.94 325.97 18464.14 279.26
18515.66 326.20 18515.86 279.46
18567.38 326.43 18567.58 279.66
18619.10 326.66 18619.30 279.86
18670.82 326.88 18671.02 280.06
18722.54 327.11 18722.74 280.26
18774.26 327.34 18774.46 280.46
18825.98 327.57 18826.18 280.66
18877.70 327.79 18877.90 280.86
18929.42 328.02 18929.62 281.06
18981.14 328.25 18981.34 281.26
19032.86 328.47 19033.06 281.46
19084.58 328.70 19084.78 281.66
19136.30 328.93 19136.50 281.86
19188.02 329.15 19188.22 282.06
19239.74 329.38 19239.94 282.26
19291.46 329.61 19291.66 282.46
19343.18 329.83 19343.38 282.66
19394.90 330.06 19395.10 282.86
19446.62 330.28 19446.82 283.06
19498.34 330.51 19498.54 283.26
19550.06 330.73 19550.26 283.46
19601.78 330.96 19601.98 283.66
19653.50 331.19 19653.70 283.86
19705.22 331.41 19705.42 284.06
19756.94 331.64 19757.14 284.27
19808.66 331.86 19808.86 284.47
19860.38 332.09 19860.58 284.67
19912.10 332.31 19912.30 284.87
19963.82 332.54 19964.02 285.07
20015.54 332.76 20015.74 285.27
20067.26 332.99 20067.46 285.48
20118.98 333.21 20119.18 285.68
20170.70 333.43 20170.90 285.88
20222.42 333.66 20222.62 286.08
20274.14 333.88 20274.34 286.29
20325.86 334.11 20326.06 286.49
20377.58 334.33 20377.78 286.69
20429.30 334.55 20429.50 286.89
20481.02 334.78 20481.22 287.10
20532.74 335.00 20532.94 287.30
20584.46 335.23 20584.66 287.50
20636.18 335.45 20636.38 287.71
20687.90 335.67 20688.10 287.91
20739.62 335.90 20739.82 288.11
20791.34 336.12 20791.54 288.32
20843.06 336.34 20843.26 288.52
20894.78 336.56 20894.98 288.72
20946.50 336.79 20946.70 288.93
20998.22 337.01 20998.42 289.13
21049.94 337.23 21050.14 289.34
21101.66 337.46 21101.86 289.54
21153.38 337.68 21153.58 289.74
21205.10 337.90 21205.30 289.95
21256.82 338.12 21257.02 290.15
21308.54 338.34 21308.74 290.36
21360.26 338.57 21360.46 290.56
21411.98 338.79 21412.18 290.77
21463.70 339.01 21463.90 290.97
21515.42 339.23 21515.62 291.18
21567.14 339.45 21567.34 291.38
21618.86 339.67 21619.06 291.59
21670.58 339.90 21670.78 291.79
21722.30 340.12 21722.50 292.00
21774.02 340.34 21774.22 292.20
21825.74 340.56 21825.94 292.41
21877.46 340.78 21877.66 292.62
21929.18 341.00 21929.38 292.82
21980.90 341.22 21981.10 293.03
22032.62 341.44 22032.82 293.23
22084.34 341.66 22084.54 293.44
22136.06 341.88 22136.26 293.65
22187.78 342.10 22187.98 293.85
22239.50 342.33 22239.70 294.06
22291.22 342.55 22291.42 294.26
22342.94 342.77 22343.14 294.47
22394.66 342.99 22394.86 294.68
22446.38 343.21 22446.58 294.88
22498.10 343.42 22498.30 295.09
22549.82 343.64 22550.02 295.30
22601.54 343.86 22601.74 295.51
22653.26 344.08 22653.46 295.71
22704.98 344.30 22705.18 295.92
22756.70 344.52 22756.90 296.13
22808.42 344.74 22808.62 296.34
22860.14 344.96 22860.34 296.54
22911.86 345.18 22912.06 296.75
22963.58 345.40 22963.78 296.96
23015.30 345.62 23015.50 297.17
23067.02 345.84 23067.22 297.37
23118.74 346.05 23118.94 297.58
23170.46 346.27 23170.66 297.79
23222.18 346.49 23222.38 298.00
23273.90 346.71 23274.10 298.21
23325.62 346.93 23325.82 298.42
23377.34 347.15 23377.54 298.62
23429.06 347.36 23429.26 298.83
23480.78 347.58 23480.98 299.04
23532.50 347.80 23532.70 299.25
23584.22 348.02 23584.42 299.46
23635.94 348.24 23636.14 299.67
23687.66 348.45 23687.86 299.88
23739.38 348.67 23739.58 300.09
23791.10 348.89 23791.30 300.30
23842.82 349.10 23843.02 300.51
23894.54 349.32 23894.74 300.72
23946.26 349.54 23946.46 300.93
23997.98 349.76 23998.18 301.14
24049.70 349.97 24049.90 301.34
24101.42 350.19 24101.62 301.55
24153.14 350.41 24153.34 301.77
24204.86 350.62 24205.06 301.98
24256.58 350.84 24256.78 302.19
24308.30 351.05 24308.50 302.40
24360.02 351.27 24360.22 302.61
24411.74 351.49 24411.94 302.82
24463.46 351.70 24463.66 303.03
24515.18 351.92 24515.38 303.24
24566.90 352.14 24567.10 303.45
24618.62 352.35 24618.82 303.66
24670.34 352.57 24670.54 303.87
24722.06 352.78 24722.26 304.08
24773.78 353.00 24773.98 304.29
24825.50 353.21 24825.70 304.50
24877.22 353.43 24877.42 304.72
24928.94 353.64 24929.14 304.93
24980.66 353.86 24980.86 305.14
25032.38 354.07 25032.58 305.35
25084.10 354.29 25084.30 305.56
25135.82 354.50 25136.02 305.77
25187.54 354.72 25187.74 305.99
25239.26 354.93 25239.46 306.20
25290.98 355.15 25291.18 306.41
25342.70 355.36 25342.90 306.62
25394.42 355.58 25394.62 306.84
25446.14 355.79 25446.34 307.05
25497.86 356.00 25498.06 307.26
25549.58 356.22 25549.78 307.47
25601.30 356.43 25601.50 307.69
25653.02 356.65 25653.22 307.90
25704.74 356.86 25704.94 308.11
25756.46 357.07 25756.66 308.33
25808.18 357.29 25808.38 308.54
25859.90 357.50 25860.10 308.75
25911.62 357.71 25911.82 308.97
25963.34 357.93 25963.54 309.18
26015.06 358.14 26015.26 309.39
26066.78 358.35 26066.98 309.61
26118.50 358.56 26118.70 309.82
26170.22 358.78 26170.42 310.03
26221.94 358.99 26222.14 310.25
26273.66 359.20 26273.86 310.46
26325.38 359.42 26325.58 310.68
26377.10 359.63 26377.30 310.89
26428.82 359.84 26429.02 311.10
26480.54 360.05 26480.74 311.32
26532.26 360.26 26532.46 311.53
26583.98 360.48 26584.18 311.75
26635.70 360.69 26635.90 311.96
26687.42 360.90 26687.62 312.18
26739.14 361.11 26739.34 312.39
26790.86 361.32 26791.06 312.61
26842.58 361.54 26842.78 312.82
26894.30 361.75 26894.50 313.04
26946.02 361.96 26946.22 313.25
26997.74 362.17 26997.94 313.47
27049.46 362.38 27049.66 313.68
27101.18 362.59 27101.38 313.90
27152.90 362.80 27153.10 314.12
27204.62 363.01 27204.82 314.33
27256.34 363.22 27256.54 314.55
27308.06 363.43 27308.26 314.76
27359.78 363.65 27359.98 314.98
27411.50 363.86 27411.70 315.20
27463.22 364.07 27463.42 315.41
27514.94 364.28 27515.14 315.63
27566.66 364.49 27566.86 315.85
27618.38 364.70 27618.58 316.06
27670.10 364.91 27670.30 316.28
27721.82 365.12 27722.02 316.50
27773.54 365.33 27773.74 316.71
27825.26 365.54 27825.46 316.93
27876.98 365.75 27877.18 317.15
27928.70 365.95 27928.90 317.36
27980.42 366.16 27980.62 317.58
28032.14 366.37 28032.34 317.80
28083.86 366.58 28084.06 318.02
28135.58 366.79 28135.78 318.23
28187.30 367.00 28187.50 318.45
28239.02 367.21 28239.22 318.67
28290.74 367.42 28290.94 318.89
28342.46 367.63 28342.66 319.11
28394.18 367.84 28394.38 319.32
28445.90 368.04 28446.10 319.54
28497.62 368.25 28497.82 319.76
28549.34 368.46 28549.54 319.98
28601.06 368.67 28601.26 320.20
28652.78 368.88 28652.98 320.42
28704.50 369.09 28704.70 320.63
28756.22 369.29 28756.42 320.85
28807.94 369.50 28808.14 321.07
28859.66 369.71 28859.86 321.29
28911.38 369.92 28911.58 321.51
28963.10 370.12 28963.30 321.73
29014.82 370.33 29015.02 321.95
29066.54 370.54 29066.74 322.17
29118.26 370.75 29118.46 322.39
29169.98 370.95 29170.18 322.61
29221.70 371.16 29221.90 322.83
29273.42 371.37 29273.62 323.05
29325.14 371.57 29325.34 323.27
29376.86 371.78 29377.06 323.49
29428.58 371.99 29428.78 323.71
29480.30 372.19 29480.50 323.93
29532.02 372.40 29532.22 324.15
29583.74 372.61 29583.94 324.37
29635.46 372.81 29635.66 324.59
29687.18 373.02 29687.38 324.81
29738.90 373.22 29739.10 325.03
29790.62 373.43 29790.82 325.25
29842.34 373.64 29842.54 325.47
29894.06 373.84 29894.26 325.69
29945.78 374.05 29945.98 325.91
29997.50 374.25 29997.70 326.13
30049.22 374.46 30049.42 326.36
30100.94 374.66 30101.14 326.58
30152.66 374.87 30152.86 326.80
30204.38 375.07 30204.58 327.02
30256.10 375.28 30256.30 327.24
30307.82 375.48 30308.02 327.46
30359.54 375.69 30359.74 327.69
30411.26 375.89 30411.46 327.91
30462.98 376.10 30463.18 328.13
30514.70 376.30 30514.90 328.35
30566.42 376.51 30566.62 328.57
30618.14 376.71 30618.34 328.80
30669.86 376.91 30670.06 329.02
30721.58 377.12 30721.78 329.24
30773.30 377.32 30773.50 329.46
30825.02 377.53 30825.22 329.69
30876.74 377.73 30876.94 329.91
30928.46 377.93 30928.66 330.13
30980.18 378.14 30980.38 330.36
31031.90 378.34 31032.10 330.58
31083.62 378.54 31083.82 330.80
31135.34 378.75 31135.54 331.03
31187.06 378.95 31187.26 331.25
31238.78 379.15 31238.98 331.47
31290.50 379.36 31290.70 331.70
31342.22 379.56 31342.42 331.92
31393.94 379.76 31394.14 332.14
31445.66 379.97 31445.86 332.37
31497.38 380.17 31497.58 332.59
31549.10 380.37 31549.30 332.82
31600.82 380.57 31601.02 333.04
31652.54 380.77 31652.74 333.27
31704.26 380.98 31704.46 333.49
31755.98 381.18 31756.18 333.72
31807.70 381.38 31807.90 333.94
31859.42 381.58 31859.62 334.17
31911.14 381.78 31911.34 334.39
31962.86 381.99 31963.06 334.62
32014.58 382.19 32014.78 334.84
32066.30 382.39 32066.50 335.07
32118.02 382.59 32118.22 335.29
32169.74 382.79 32169.94 335.52
32221.46 382.99 32221.66 335.74
32273.18 383.19 32273.38 335.97
32324.90 383.39 32325.10 336.19
32376.62 383.59 32376.82 336.42
32428.34 383.79 32428.54 336.65
32480.06 384.00 32480.26 336.87
32531.78 384.20 32531.98 337.10
32583.50 384.40 32583.70 337.33
32635.22 384.60 32635.42 337.55
32686.94 384.80 32687.14 337.78
32738.66 385.00 32738.86 338.01
32790.38 385.20 32790.58 338.23
32842.10 385.40 32842.30 338.46
32893.82 385.60 32894.02 338.69
32945.54 385.79 32945.74 338.91
32997.26 385.99 32997.46 339.14
33048.98 386.19 33049.18 339.37
33100.70 386.39 33100.90 339.60
33152.42 386.59 33152.62 339.82
33204.14 386.79 33204.34 340.05
33255.86 386.99 33256.06 340.28
33307.58 387.19 33307.78 340.51
33359.30 387.39 33359.50 340.73
33411.02 387.59 33411.22 340.96
33462.74 387.78 33462.94 341.19
33514.46 387.98 33514.66 341.42
33566.18 388.18 33566.38 341.65
33617.90 388.38 33618.10 341.88
33669.62 388.58 33669.82 342.11
33721.34 388.77 33721.54 342.33
33773.06 388.97 33773.26 342.56
33824.78 389.17 33824.98 342.79
33876.50 389.37 33876.70 343.02
33928.22 389.56 33928.42 343.25
33979.94 389.76 33980.14 343.48
34031.66 389.96 34031.86 343.71
34083.38 390.16 34083.58 343.94
34135.10 390.35 34135.30 344.17
34186.82 390.55 34187.02 344.40
34238.54 390.75 34238.74 344.63
34290.26 390.94 34290.46 344.86
34341.99 391.14 34342.17 345.09
34393.71 391.34 34393.89 345.32
34445.43 391.53 34445.61 345.55
34497.15 391.73 34497.33 345.78
34548.87 391.92 34549.05 346.01
34600.59 392.12 34600.77 346.24
34652.31 392.32 34652.49 346.47
34704.03 392.51 34704.21 346.70
34755.75 392.71 34755.93 346.94
34807.47 392.90 34807.65 347.17
34859.19 393.10 34859.37 347.40
34910.91 393.29 34911.09 347.63
34962.63 393.49 34962.81 347.86
35014.35 393.68 35014.53 348.09
35066.07 393.88 35066.25 348.32
35117.79 394.07 35117.97 348.56
35169.51 394.27 35169.69 348.79
35221.23 394.46 35221.41 349.02
35272.95 394.66 35273.13 349.25
35324.67 394.85 35324.85 349.49
35376.39 395.04 35376.57 349.72
35428.11 395.24 35428.29 349.95
35479.83 395.43 35480.01 350.18
35531.55 395.63 35531.73 350.42
35583.27 395.82 35583.45 350.65
35634.99 396.01 35635.17 350.88
35686.71 396.21 35686.89 351.12
35738.43 396.40 35738.61 351.35
35790.15 396.59 35790.33 351.58
35841.87 396.79 35842.05 351.82
35893.59 396.98 35893.77 352.05
35945.31 397.17 35945.49 352.28
35997.03 397.36 35997.21 352.52
36048.75 397.56 36048.93 352.75
36100.47 397.75 36100.65 352.99
36152.19 397.94 36152.37 353.22
36203.91 398.13 36204.09 353.46
36255.63 398.33 36255.81 353.69
36307.35 398.52 36307.53 353.93
36359.07 398.71 36359.25 354.16
36410.79 398.90 36410.97 354.40
36462.51 399.09 36462.69 354.63
36514.23 399.28 36514.41 354.87
36565.95 399.47 36566.13 355.10
36617.67 399.67 36617.85 355.34
36669.39 399.86 36669.57 355.57
36721.11 400.05 36721.29 355.81
36772.83 400.24 36773.01 356.04
36824.55 400.43 36824.73 356.28
36876.27 400.62 36876.45 356.52
36927.99 400.81 36928.17 356.75
36979.71 401.00 36979.89 356.99
37031.43 401.19 37031.61 357.23
37083.15 401.38 37083.33 357.46
37134.87 401.57 37135.05 357.70
37186.59 401.76 37186.77 357.94
37238.31 401.95 37238.49 358.17
37290.03 402.14 37290.21 358.41
37341.75 402.33 37341.93 358.65
37393.47 402.52 37393.65 358.89
37445.19 402.71 37445.37 359.12
37496.91 402.89 37497.09 359.36
37548.63 403.08 37548.81 359.60
37600.35 403.27 37600.53 359.84
37652.07 403.46 37652.25 360.08
37703.79 403.65 37703.97 360.31
37755.51 403.84 37755.69 360.55
37807.23 404.02 37807.41 360.79
37858.95 404.21 37859.13 361.03
37910.67 404.40 37910.85 361.27
37962.39 404.59 37962.57 361.51
38014.11 404.78 38014.29 361.75
38065.83 404.96 38066.01 361.99
38117.55 405.15 38117.73 362.23
38169.27 405.34 38169.45 362.47
38220.99 405.52 38221.17 362.71
38272.71 405.71 38272.89 362.95
38324.43 405.90 38324.61 363.19
38376.15 406.08 38376.33 363.43
38427.87 406.27 38428.05 363.67
38479.59 406.46 38479.77 363.91
38531.31 406.64 38531.49 364.15
38583.03 406.83 38583.21 364.39
38634.75 407.01 38634.93 364.63
38686.47 407.20 38686.65 364.87
38738.19 407.38 38738.37 365.11
38789.91 407.57 38790.09 365.35
38841.63 407.76 38841.81 365.60
38893.35 407.94 38893.53 365.84
38945.07 408.12 38945.25 366.08
38996.79 408.31 38996.97 366.32
39048.51 408.49 39048.69 366.56
39100.23 408.68 39100.41 366.81
39151.95 408.86 39152.13 367.05
39203.67 409.05 39203.85 367.29
39255.39 409.23 39255.57 367.53
39307.11 409.41 39307.29 367.78
39358.83 409.60 39359.01 368.02
39410.55 409.78 39410.73 368.26
39462.27 409.96 39462.45 368.51
39513.99 410.15 39514.17 368.75
39565.71 410.33 39565.89 368.99
39617.43 410.51 39617.61 369.24
39669.15 410.70 39669.33 369.48
39720.88 410.88 39721.04 369.73
39772.60 411.06 39772.76 369.97
39824.32 411.24 39824.48 370.21
39876.04 411.43 39876.20 370.46
39927.76 411.61 39927.92 370.70
39979.48 411.79 39979.64 370.95
40031.20 411.97 40031.36 371.19
40082.92 412.15 40083.08 371.44
40134.64 412.33 40134.80 371.69
40186.36 412.51 40186.52 371.93
40238.08 412.69 40238.24 372.18
40289.80 412.88 40289.96 372.42
40341.52 413.06 40341.68 372.67
40393.24 413.24 40393.40 372.92
40444.96 413.42 40445.12 373.16
40496.68 413.60 40496.84 373.41
40548.40 413.78 40548.56 373.66
40600.12 413.96 40600.28 373.90
40651.84 414.13 40652.00 374.15
40703.56 414.31 40703.72 374.40
40755.28 414.49 40755.44 374.65
40807.00 414.67 40807.16 374.89
40858.72 414.85 40858.88 375.14
40910.44 415.03 40910.60 375.39
40962.16 415.21 40962.32 375.64
41013.88 415.39 41014.04 375.89
41065.60 415.56 41065.76 376.13
41117.32 415.74 41117.48 376.38
41169.04 415.92 41169.20 376.63
41220.76 416.10 41220.92 376.88
41272.48 416.27 41272.64 377.13
41324.20 416.45 41324.36 377.38
41375.92 416.63 41376.08 377.63
41427.64 416.80 41427.80 377.88
41479.36 416.98 41479.52 378.13
41531.08 417.16 41531.24 378.38
41582.80 417.33 41582.96 378.63
41634.52 417.51 41634.68 378.88
41686.24 417.69 41686.40 379.13
41737.96 417.86 41738.12 379.38
41789.68 418.04 41789.84 379.64
41841.40 418.21 41841.56 379.89
41893.12 418.39 41893.28 380.14
41944.84 418.56 41945.00 380.39
41996.56 418.74 41996.72 380.64
42048.28 418.91 42048.44 380.90
42100.00 419.08 42100.16 381.15
42151.72 419.26 42151.88 381.40
42203.44 419.43 42203.60 381.65
42255.16 419.60 42255.32 381.91
42306.88 419.78 42307.04 382.16
42358.60 419.95 42358.76 382.41
42410.32 420.12 42410.48 382.67
42462.04 420.30 42462.20 382.92
42513.76 420.47 42513.92 383.18
42565.48 420.64 42565.64 383.43
42617.20 420.81 42617.36 383.69
42668.92 420.99 42669.08 383.94
42720.64 421.16 42720.80 384.20
42772.36 421.33 42772.52 384.45
42824.08 421.50 42824.24 384.71
42875.80 421.67 42875.96 384.96
42927.52 421.84 42927.68 385.22
42979.24 422.01 42979.40 385.47
43030.96 422.18 43031.12 385.73
43082.69 422.35 43082.83 385.99
43134.41 422.52 43134.55 386.25
43186.13 422.69 43186.27 386.50
43237.85 422.86 43237.99 386.76
43289.57 423.03 43289.71 387.02
43341.29 423.20 43341.43 387.28
43393.01 423.37 43393.15 387.53
43444.73 423.53 43444.87 387.79
43496.45 423.70 43496.59 388.05
43548.17 423.87 43548.31 388.31
43599.89 424.04 43600.03 388.57
43651.61 424.20 43651.75 388.83
43703.33 424.37 43703.47 389.09
43755.05 424.54 43755.19 389.35
43806.77 424.70 43806.91 389.61
43858.49 424.87 43858.63 389.87
43910.21 425.04 43910.35 390.13
43961.93 425.20 43962.07 390.39
44013.65 425.37 44013.79 390.65
44065.37 425.53 44065.51 390.91
44117.09 425.70 44117.23 391.17
44168.81 425.86 44168.95 391.44
44220.53 426.03 44220.67 391.70
44272.25 426.19 44272.39 391.96
44323.97 426.35 44324.11 392.22
44375.69 426.52 44375.83 392.49
44427.41 426.68 44427.55 392.75
44479.13 426.84 44479.27 393.02
44530.85 427.01 44530.99 393.28
44582.57 427.17 44582.71 393.54
44634.29 427.33 44634.43 393.81
44686.01 427.49 44686.15 394.07
44737.73 427.65 44737.87 394.34
44789.45 427.82 44789.59 394.60
44841.17 427.98 44841.31 394.87
44892.89 428.14 44893.03 395.14
44944.61 428.30 44944.75 395.40
44996.33 428.46 44996.47 395.67
45048.05 428.62 45048.19 395.94
45099.77 428.78 45099.91 396.20
45151.49 428.93 45151.63 396.47
45203.21 429.09 45203.35 396.74
45254.93 429.25 45255.07 397.01
45306.65 429.41 45306.79 397.28
45358.37 429.57 45358.51 397.55
45410.09 429.72 45410.23 397.82
45461.81 429.88 45461.95 398.09
45513.53 430.04 45513.67 398.36
45565.25 430.19 45565.39 398.63
45616.98 430.35 45617.10 398.90
45668.70 430.51 45668.82 399.17
45720.42 430.66 45720.54 399.44
45772.14 430.81 45772.26 399.71
45823.86 430.97 45823.98 399.98
45875.58 431.12 45875.70 400.26
45927.30 431.28 45927.42 400.53
45979.02 431.43 45979.14 400.80
46030.74 431.58 46030.86 401.08
46082.46 431.74 46082.58 401.35
46134.18 431.89 46134.30 401.63
46185.90 432.04 46186.02 401.90
46237.62 432.19 46237.74 402.18
46289.34 432.34 46289.46 402.45
46341.06 432.49 46341.18 402.73
46392.78 432.64 46392.90 403.01
46444.50 432.79 46444.62 403.28
46496.22 432.94 46496.34 403.56
46547.94 433.09 46548.06 403.84
46599.66 433.24 46599.78 404.12
46651.38 433.38 46651.50 404.40
46703.10 433.53 46703.22 404.68
46754.82 433.68 46754.94 404.96
46806.54 433.82 46806.66 405.24
46858.26 433.97 46858.38 405.52
46909.98 434.11 46910.10 405.80
46961.70 434.26 46961.82 406.08
47013.42 434.40 47013.54 406.36
47065.14 434.55 47065.26 406.65
47116.86 434.69 47116.98 406.93
47168.58 434.83 47168.70 407.21
47220.30 434.98 47220.42 407.50
47272.02 435.12 47272.14 407.78
47323.74 435.26 47323.86 408.07
47375.46 435.40 47375.58 408.36
47427.18 435.54 47427.30 408.64
47478.90 435.68 47479.02 408.93
47530.63 435.82 47530.73 409.22
47582.35 435.96 47582.45 409.51
47634.07 436.09 47634.17 409.80
47685.79 436.23 47685.89 410.08
47737.51 436.37 47737.61 410.38
47789.23 436.50 47789.33 410.67
47840.95 436.64 47841.05 410.96
47892.67 436.77 47892.77 411.25
47944.39 436.90 47944.49 411.54
47996.11 437.04 47996.21 411.84
48047.83 437.17 48047.93 412.13
48099.55 437.30 48099.65 412.43
48151.27 437.43 48151.37 412.72
48202.99 437.56 48203.09 413.02
48254.71 437.69 48254.81 413.32
48306.43 437.82 48306.53 413.61
48358.15 437.95 48358.25 413.91
48409.87 438.08 48409.97 414.21
48461.59 438.20 48461.69 414.51
48513.31 438.33 48513.41 414.82
48565.03 438.45 48565.13 415.12
48616.75 438.57 48616.85 415.42
48668.47 438.70 48668.57 415.72
48720.19 438.82 48720.29 416.03
48771.91 438.94 48772.01 416.34
48823.63 439.06 48823.73 416.64
48875.35 439.18 48875.45 416.95
48927.07 439.30 48927.17 417.26
48978.79 439.41 48978.89 417.57
49030.52 439.53 49030.60 417.88
49082.24 439.64 49082.32 418.19
49133.96 439.76 49134.04 418.51
49185.68 439.87 49185.76 418.82
49237.40 439.98 49237.48 419.14
49289.12 440.09 49289.20 419.45
49340.84 440.20 49340.92 419.77
49392.56 440.30 49392.64 420.09
49444.28 440.41 49444.36 420.41
49496.00 440.51 49496.08 420.74
49547.72 440.62 49547.80 421.06
49599.44 440.72 49599.52 421.39
49651.16 440.82 49651.24 421.71
49702.88 440.92 49702.96 422.04
49754.60 441.01 49754.68 422.37
49806.32 441.11 49806.40 422.70
49858.04 441.20 49858.12 423.04
49909.76 441.29 49909.84 423.37
49961.48 441.38 49961.56 423.71
50013.20 441.47 50013.28 424.05
50064.92 441.55 50065.00 424.39
50116.65 441.63 50116.71 424.74
50168.37 441.71 50168.43 425.08
50220.09 441.79 50220.15 425.43
50271.81 441.87 50271.87 425.78
50323.53 441.94 50323.59 426.14
50375.25 442.01 50375.31 426.49
50426.97 442.08 50427.03 426.85
50478.69 442.14 50478.75 427.22
50530.41 442.20 50530.47 427.58
50582.13 442.26 50582.19 427.95
50633.85 442.31 50633.91 428.33
50685.57 442.36 50685.63 428.71
50737.29 442.40 50737.35 429.09
50789.01 442.44 50789.07 429.48
50840.73 442.47 50840.79 429.87
50892.45 442.50 50892.51 430.27
50944.18 442.52 50944.22 430.67
50995.90 442.54 50995.94 431.08
51047.62 442.55 51047.66 431.50
51099.34 442.55 51099.38 431.93
51151.06 442.54 51151.10 432.37
51202.78 442.52 51202.82 432.81
51254.50 442.48 51254.54 433.27
51306.22 442.43 51306.26 433.75
51357.94 442.37 51357.98 434.24
51409.66 442.28 51409.70 434.75
51461.39 442.17 51461.41 435.29
51513.11 442.02 51513.13 435.87
51564.83 441.82 51564.85 436.49
51616.55 441.55 51616.57 437.19
51668.27 441.13 51668.29 438.04
51720.00 439.80 51720.00 439.80
