0.00 0.00
10.00 0.03
20.00 0.07
30.00 0.10
40.00 0.13
50.00 0.17
60.00 0.20
70.00 0.24
80.00 0.27
90.00 0.30
100.00 0.34
110.00 0.37
120.00 0.40
130.00 0.44
140.00 0.47
150.00 0.50
160.00 0.54
170.00 0.57
180.00 0.60
190.00 0.64
200.00 0.67
210.00 0.70
220.00 0.74
230.00 0.77
240.00 0.80
250.00 0.84
260.00 0.87
270.00 0.90
280.00 0.94
290.00 0.97
300.00 1.00
310.00 1.04
320.00 1.07
330.00 1.10
340.00 1.14
350.00 1.17
360.00 1.20
370.00 1.23
380.00 1.27
390.00 1.30
400.00 1.33
410.00 1.37
420.00 1.40
430.00 1.43
440.00 1.47
450.00 1.50
460.00 1.53
470.00 1.56
480.00 1.60
490.00 1.63
500.00 1.66
510.00 1.70
520.00 1.73
530.00 1.76
540.00 1.79
550.00 1.83
560.00 1.86
570.00 1.89
580.00 1.93
590.00 1.96
600.00 1.99
610.00 2.02
620.00 2.06
630.00 2.09
640.00 2.12
650.00 2.15
660.00 2.19
670.00 2.22
680.00 2.25
690.00 2.28
700.00 2.32
710.00 2.35
720.00 2.38
730.00 2.41
740.00 2.45
750.00 2.48
760.00 2.51
770.00 2.54
780.00 2.58
790.00 2.61
800.00 2.64
810.00 2.67
820.00 2.71
830.00 2.74
840.00 2.77
850.00 2.80
860.00 2.84
870.00 2.87
880.00 2.90
890.00 2.93
900.00 2.97
910.00 3.00
920.00 3.03
930.00 3.06
940.00 3.09
950.00 3.13
960.00 3.16
970.00 3.19
980.00 3.22
990.00 3.25
1000.00 3.29
1010.00 3.32
1020.00 3.35
1030.00 3.38
1040.00 3.42
1050.00 3.45
1060.00 3.48
1070.00 3.51
1080.00 3.54
1090.00 3.58
1100.00 3.61
1110.00 3.64
1120.00 3.67
1130.00 3.70
1140.00 3.73
1150.00 3.77
1160.00 3.80
1170.00 3.83
1180.00 3.86
1190.00 3.89
1200.00 3.93
1210.00 3.96
1220.00 3.99
1230.00 4.02
1240.00 4.05
1250.00 4.08
1260.00 4.12
1270.00 4.15
1280.00 4.18
1290.00 4.21
1300.00 4.24
1310.00 4.27
1320.00 4.31
1330.00 4.34
1340.00 4.37
1350.00 4.40
1360.00 4.43
1370.00 4.46
1380.00 4.50
1390.00 4.53
1400.00 4.56
1410.00 4.59
1420.00 4.62
1430.00 4.65
1440.00 4.68
1450.00 4.72
1460.00 4.75
1470.00 4.78
1480.00 4.81
1490.00 4.84
1500.00 4.87
1510.00 4.90
1520.00 4.93
1530.00 4.97
1540.00 5.00
1550.00 5.03
1560.00 5.06
1570.00 5.09
1580.00 5.12
1590.00 5.15
1600.00 5.18
1610.00 5.22
1620.00 5.25
1630.00 5.28
1640.00 5.31
1650.00 5.34
1660.00 5.37
1670.00 5.40
1680.00 5.43
1690.00 5.46
1700.00 5.49
1710.00 5.53
1720.00 5.56
1730.00 5.59
1740.00 5.62
1750.00 5.65
1760.00 5.68
1770.00 5.71
1780.00 5.74
1790.00 5.77
1800.00 5.80
1810.00 5.83
1820.00 5.87
1830.00 5.90
1840.00 5.93
1850.00 5.96
1860.00 5.99
1870.00 6.02
1880.00 6.05
1890.00 6.08
1900.00 6.11
1910.00 6.14
1920.00 6.17
1930.00 6.20
1940.00 6.23
1950.00 6.26
1960.00 6.30
1970.00 6.33
1980.00 6.36
1990.00 6.39
2000.00 6.42
2010.00 6.45
2020.00 6.48
2030.00 6.51
2040.00 6.54
2050.00 6.57
2060.00 6.60
2070.00 6.63
2080.00 6.66
2090.00 6.69
2100.00 6.72
2110.00 6.75
2120.00 6.78
2130.00 6.81
2140.00 6.84
2150.00 6.87
2160.00 6.90
2170.00 6.93
2180.00 6.96
2190.00 6.99
2200.00 7.02
2210.00 7.05
2220.00 7.08
2230.00 7.12
2240.00 7.15
2250.00 7.18
2260.00 7.21
2270.00 7.24
2280.00 7.27
2290.00 7.30
2300.00 7.33
2310.00 7.36
2320.00 7.39
2330.00 7.42
2340.00 7.45
2350.00 7.48
2360.00 7.51
2370.00 7.54
2380.00 7.57
2390.00 7.60
2400.00 7.63
2410.00 7.66
2420.00 7.69
2430.00 7.72
2440.00 7.74
2450.00 7.77
2460.00 7.80
2470.00 7.83
2480.00 7.86
2490.00 7.89
2500.00 7.92
2510.00 7.95
2520.00 7.98
2530.00 8.01
2540.00 8.04
2550.00 8.07
2560.00 8.10
2570.00 8.13
2580.00 8.16
2590.00 8.19
2600.00 8.22
2610.00 8.25
2620.00 8.28
2630.00 8.31
2640.00 8.34
2650.00 8.37
2660.00 8.40
2670.00 8.43
2680.00 8.46
2690.00 8.49
2700.00 8.52
2710.00 8.54
2720.00 8.57
2730.00 8.60
2740.00 8.63
2750.00 8.66
2760.00 8.69
2770.00 8.72
2780.00 8.75
2790.00 8.78
2800.00 8.81
2810.00 8.84
2820.00 8.87
2830.00 8.90
2840.00 8.93
2850.00 8.95
2860.00 8.98
2870.00 9.01
2880.00 9.04
2890.00 9.07
2900.00 9.10
2910.00 9.13
2920.00 9.16
2930.00 9.19
2940.00 9.22
2950.00 9.25
2960.00 9.27
2970.00 9.30
2980.00 9.33
2990.00 9.36
3000.00 9.39
3010.00 9.42
3020.00 9.45
3030.00 9.48
3040.00 9.51
3050.00 9.54
3060.00 9.56
3070.00 9.59
3080.00 9.62
3090.00 9.65
3100.00 9.68
3110.00 9.71
3120.00 9.74
3130.00 9.77
3140.00 9.79
3150.00 9.82
3160.00 9.85
3170.00 9.88
3180.00 9.91
3190.00 9.94
3200.00 9.97
3210.00 10.00
3220.00 10.02
3230.00 10.05
3240.00 10.08
3250.00 10.11
3260.00 10.14
3270.00 10.17
3280.00 10.20
3290.00 10.22
3300.00 10.25
3310.00 10.28
3320.00 10.31
3330.00 10.34
3340.00 10.37
3350.00 10.39
3360.00 10.42
3370.00 10.45
3380.00 10.48
3390.00 10.51
3400.00 10.54
3410.00 10.56
3420.00 10.59
3430.00 10.62
3440.00 10.65
3450.00 10.68
3460.00 10.71
3470.00 10.73
3480.00 10.76
3490.00 10.79
3500.00 10.82
3510.00 10.85
3520.00 10.88
3530.00 10.90
3540.00 10.93
3550.00 10.96
3560.00 10.99
3570.00 11.02
3580.00 11.04
3590.00 11.07
3600.00 11.10
3610.00 11.13
3620.00 11.16
3630.00 11.18
3640.00 11.21
3650.00 11.24
3660.00 11.27
3670.00 11.30
3680.00 11.32
3690.00 11.35
3700.00 11.38
3710.00 11.41
3720.00 11.43
3730.00 11.46
3740.00 11.49
3750.00 11.52
3760.00 11.55
3770.00 11.57
3780.00 11.60
3790.00 11.63
3800.00 11.66
3810.00 11.68
3820.00 11.71
3830.00 11.74
3840.00 11.77
3850.00 11.79
3860.00 11.82
3870.00 11.85
3880.00 11.88
3890.00 11.91
3900.00 11.93
3910.00 11.96
3920.00 11.99
3930.00 12.02
3940.00 12.04
3950.00 12.07
3960.00 12.10
3970.00 12.13
3980.00 12.15
3990.00 12.18
4000.00 12.21
4010.00 12.23
4020.00 12.26
4030.00 12.29
4040.00 12.32
4050.00 12.34
4060.00 12.37
4070.00 12.40
4080.00 12.43
4090.00 12.45
4100.00 12.48
4110.00 12.51
4120.00 12.53
4130.00 12.56
4140.00 12.59
4150.00 12.62
4160.00 12.64
4170.00 12.67
4180.00 12.70
4190.00 12.72
4200.00 12.75
4210.00 12.78
4220.00 12.81
4230.00 12.83
4240.00 12.86
4250.00 12.89
4260.00 12.91
4270.00 12.94
4280.00 12.97
4290.00 12.99
4300.00 13.02
4310.00 13.05
4320.00 13.08
4330.00 13.10
4340.00 13.13
4350.00 13.16
4360.00 13.18
4370.00 13.21
4380.00 13.24
4390.00 13.26
4400.00 13.29
4410.00 13.32
4420.00 13.34
4430.00 13.37
4440.00 13.40
4450.00 13.42
4460.00 13.45
4470.00 13.48
4480.00 13.50
4490.00 13.53
4500.00 13.56
4510.00 13.58
4520.00 13.61
4530.00 13.64
4540.00 13.66
4550.00 13.69
4560.00 13.72
4570.00 13.74
4580.00 13.77
4590.00 13.80
4600.00 13.82
4610.00 13.85
4620.00 13.88
4630.00 13.90
4640.00 13.93
4650.00 13.95
4660.00 13.98
4670.00 14.01
4680.00 14.03
4690.00 14.06
4700.00 14.09
4710.00 14.11
4720.00 14.14
4730.00 14.16
4740.00 14.19
4750.00 14.22
4760.00 14.24
4770.00 14.27
4780.00 14.30
4790.00 14.32
4800.00 14.35
4810.00 14.37
4820.00 14.40
4830.00 14.43
4840.00 14.45
4850.00 14.48
4860.00 14.50
4870.00 14.53
4880.00 14.56
4890.00 14.58
4900.00 14.61
4910.00 14.63
4920.00 14.66
4930.00 14.69
4940.00 14.71
4950.00 14.74
4960.00 14.76
4970.00 14.79
4980.00 14.82
4990.00 14.84
5000.00 14.87
5010.00 14.89
5020.00 14.92
5030.00 14.94
5040.00 14.97
5050.00 15.00
5060.00 15.02
5070.00 15.05
5080.00 15.07
5090.00 15.10
5100.00 15.12
5110.00 15.15
5120.00 15.18
5130.00 15.20
5140.00 15.23
5150.00 15.25
5160.00 15.28
5170.00 15.30
5180.00 15.33
5190.00 15.36
5200.00 15.38
5210.00 15.41
5220.00 15.43
5230.00 15.46
5240.00 15.48
5250.00 15.51
5260.00 15.53
5270.00 15.56
5280.00 15.58
5290.00 15.61
5300.00 15.63
5310.00 15.66
5320.00 15.69
5330.00 15.71
5340.00 15.74
5350.00 15.76
5360.00 15.79
5370.00 15.81
5380.00 15.84
5390.00 15.86
5400.00 15.89
5410.00 15.91
5420.00 15.94
5430.00 15.96
5440.00 15.99
5450.00 16.01
5460.00 16.04
5470.00 16.06
5480.00 16.09
5490.00 16.11
5500.00 16.14
5510.00 16.16
5520.00 16.19
5530.00 16.21
5540.00 16.24
5550.00 16.26
5560.00 16.29
5570.00 16.31
5580.00 16.34
5590.00 16.36
5600.00 16.39
5610.00 16.41
5620.00 16.44
5630.00 16.46
5640.00 16.49
5650.00 16.51
5660.00 16.54
5670.00 16.56
5680.00 16.59
5690.00 16.61
5700.00 16.64
5710.00 16.66
5720.00 16.69
5730.00 16.71
5740.00 16.73
5750.00 16.76
5760.00 16.78
5770.00 16.81
5780.00 16.83
5790.00 16.86
5800.00 16.88
5810.00 16.91
5820.00 16.93
5830.00 16.96
5840.00 16.98
5850.00 17.00
5860.00 17.03
5870.00 17.05
5880.00 17.08
5890.00 17.10
5900.00 17.13
5910.00 17.15
5920.00 17.18
5930.00 17.20
5940.00 17.22
5950.00 17.25
5960.00 17.27
5970.00 17.30
5980.00 17.32
5990.00 17.35
6000.00 17.37
6010.00 17.39
6020.00 17.42
6030.00 17.44
6040.00 17.47
6050.00 17.49
6060.00 17.52
6070.00 17.54
6080.00 17.56
6090.00 17.59
6100.00 17.61
6110.00 17.64
6120.00 17.66
6130.00 17.68
6140.00 17.71
6150.00 17.73
6160.00 17.76
6170.00 17.78
6180.00 17.80
6190.00 17.83
6200.00 17.85
6210.00 17.88
6220.00 17.90
6230.00 17.92
6240.00 17.95
6250.00 17.97
6260.00 18.00
6270.00 18.02
6280.00 18.04
6290.00 18.07
6300.00 18.09
6310.00 18.11
6320.00 18.14
6330.00 18.16
6340.00 18.19
6350.00 18.21
6360.00 18.23
6370.00 18.26
6380.00 18.28
6390.00 18.30
6400.00 18.33
6410.00 18.35
6420.00 18.38
6430.00 18.40
6440.00 18.42
6450.00 18.45
6460.00 18.47
6470.00 18.49
6480.00 18.52
6490.00 18.54
6500.00 18.56
6510.00 18.59
6520.00 18.61
6530.00 18.63
6540.00 18.66
6550.00 18.68
6560.00 18.70
6570.00 18.73
6580.00 18.75
6590.00 18.77
6600.00 18.80
6610.00 18.82
6620.00 18.84
6630.00 18.87
6640.00 18.89
6650.00 18.91
6660.00 18.94
6670.00 18.96
6680.00 18.98
6690.00 19.01
6700.00 19.03
6710.00 19.05
6720.00 19.08
6730.00 19.10
6740.00 19.12
6750.00 19.14
6760.00 19.17
6770.00 19.19
6780.00 19.21
6790.00 19.24
6800.00 19.26
6810.00 19.28
6820.00 19.31
6830.00 19.33
6840.00 19.35
6850.00 19.37
6860.00 19.40
6870.00 19.42
6880.00 19.44
6890.00 19.47
6900.00 19.49
6910.00 19.51
6920.00 19.53
6930.00 19.56
6940.00 19.58
6950.00 19.60
6960.00 19.63
6970.00 19.65
6980.00 19.67
6990.00 19.69
7000.00 19.72
7010.00 19.74
7020.00 19.76
7030.00 19.78
7040.00 19.81
7050.00 19.83
7060.00 19.85
7070.00 19.88
7080.00 19.90
7090.00 19.92
7100.00 19.94
7110.00 19.97
7120.00 19.99
7130.00 20.01
7140.00 20.03
7150.00 20.06
7160.00 20.08
7170.00 20.10
7180.00 20.12
7190.00 20.14
7200.00 20.17
7210.00 20.19
7220.00 20.21
7230.00 20.23
7240.00 20.26
7250.00 20.28
7260.00 20.30
7270.00 20.32
7280.00 20.35
7290.00 20.37
7300.00 20.39
7310.00 20.41
7320.00 20.43
7330.00 20.46
7340.00 20.48
7350.00 20.50
7360.00 20.52
7370.00 20.55
7380.00 20.57
7390.00 20.59
7400.00 20.61
7410.00 20.63
7420.00 20.66
7430.00 20.68
7440.00 20.70
7450.00 20.72
7460.00 20.74
7470.00 20.77
7480.00 20.79
7490.00 20.81
7500.00 20.83
7510.00 20.85
7520.00 20.87
7530.00 20.90
7540.00 20.92
7550.00 20.94
7560.00 20.96
7570.00 20.98
7580.00 21.01
7590.00 21.03
7600.00 21.05
7610.00 21.07
7620.00 21.09
7630.00 21.11
7640.00 21.14
7650.00 21.16
7660.00 21.18
7670.00 21.20
7680.00 21.22
7690.00 21.24
7700.00 21.27
7710.00 21.29
7720.00 21.31
7730.00 21.33
7740.00 21.35
7750.00 21.37
7760.00 21.40
7770.00 21.42
7780.00 21.44
7790.00 21.46
7800.00 21.48
7810.00 21.50
7820.00 21.52
7830.00 21.55
7840.00 21.57
7850.00 21.59
7860.00 21.61
7870.00 21.63
7880.00 21.65
7890.00 21.67
7900.00 21.69
7910.00 21.72
7920.00 21.74
7930.00 21.76
7940.00 21.78
7950.00 21.80
7960.00 21.82
7970.00 21.84
7980.00 21.86
7990.00 21.89
8000.00 21.91
8010.00 21.93
8020.00 21.95
8030.00 21.97
8040.00 21.99
8050.00 22.01
8060.00 22.03
8070.00 22.05
8080.00 22.07
8090.00 22.10
8100.00 22.12
8110.00 22.14
8120.00 22.16
8130.00 22.18
8140.00 22.20
8150.00 22.22
8160.00 22.24
8170.00 22.26
8180.00 22.28
8190.00 22.30
8200.00 22.33
8210.00 22.35
8220.00 22.37
8230.00 22.39
8240.00 22.41
8250.00 22.43
8260.00 22.45
8270.00 22.47
8280.00 22.49
8290.00 22.51
8300.00 22.53
8310.00 22.55
8320.00 22.57
8330.00 22.59
8340.00 22.62
8350.00 22.64
8360.00 22.66
8370.00 22.68
8380.00 22.70
8390.00 22.72
8400.00 22.74
8410.00 22.76
8420.00 22.78
8430.00 22.80
8440.00 22.82
8450.00 22.84
8460.00 22.86
8470.00 22.88
8480.00 22.90
8490.00 22.92
8500.00 22.94
8510.00 22.96
8520.00 22.98
8530.00 23.00
8540.00 23.02
8550.00 23.04
8560.00 23.06
8570.00 23.08
8580.00 23.10
8590.00 23.12
8600.00 23.14
8610.00 23.16
8620.00 23.19
8630.00 23.21
8640.00 23.23
8650.00 23.25
8660.00 23.27
8670.00 23.29
8680.00 23.31
8690.00 23.33
8700.00 23.35
8710.00 23.37
8720.00 23.39
8730.00 23.41
8740.00 23.43
8750.00 23.45
8760.00 23.47
8770.00 23.49
8780.00 23.51
8790.00 23.53
8800.00 23.55
8810.00 23.56
8820.00 23.58
8830.00 23.60
8840.00 23.62
8850.00 23.64
8860.00 23.66
8870.00 23.68
8880.00 23.70
8890.00 23.72
8900.00 23.74
8910.00 23.76
8920.00 23.78
8930.00 23.80
8940.00 23.82
8950.00 23.84
8960.00 23.86
8970.00 23.88
8980.00 23.90
8990.00 23.92
9000.00 23.94
9010.00 23.96
9020.00 23.98
9030.00 24.00
9040.00 24.02
9050.00 24.04
9060.00 24.06
9070.00 24.08
9080.00 24.09
9090.00 24.11
9100.00 24.13
9110.00 24.15
9120.00 24.17
9130.00 24.19
9140.00 24.21
9150.00 24.23
9160.00 24.25
9170.00 24.27
9180.00 24.29
9190.00 24.31
9200.00 24.33
9210.00 24.35
9220.00 24.37
9230.00 24.38
9240.00 24.40
9250.00 24.42
9260.00 24.44
9270.00 24.46
9280.00 24.48
9290.00 24.50
9300.00 24.52
9310.00 24.54
9320.00 24.56
9330.00 24.58
9340.00 24.59
9350.00 24.61
9360.00 24.63
9370.00 24.65
9380.00 24.67
9390.00 24.69
9400.00 24.71
9410.00 24.73
9420.00 24.75
9430.00 24.76
9440.00 24.78
9450.00 24.80
9460.00 24.82
9470.00 24.84
9480.00 24.86
9490.00 24.88
9500.00 24.90
9510.00 24.92
9520.00 24.93
9530.00 24.95
9540.00 24.97
9550.00 24.99
9560.00 25.01
9570.00 25.03
9580.00 25.05
9590.00 25.06
9600.00 25.08
9610.00 25.10
9620.00 25.12
9630.00 25.14
9640.00 25.16
9650.00 25.18
9660.00 25.19
9670.00 25.21
9680.00 25.23
9690.00 25.25
9700.00 25.27
9710.00 25.29
9720.00 25.31
9730.00 25.32
9740.00 25.34
9750.00 25.36
9760.00 25.38
9770.00 25.40
9780.00 25.42
9790.00 25.43
9800.00 25.45
9810.00 25.47
9820.00 25.49
9830.00 25.51
9840.00 25.53
9850.00 25.54
9860.00 25.56
9870.00 25.58
9880.00 25.60
9890.00 25.62
9900.00 25.63
9910.00 25.65
9920.00 25.67
9930.00 25.69
9940.00 25.71
9950.00 25.72
9960.00 25.74
9970.00 25.76
9980.00 25.78
9990.00 25.80
10000.00 25.81
10010.00 25.83
10020.00 25.85
10030.00 25.87
10040.00 25.89
10050.00 25.90
10060.00 25.92
10070.00 25.94
10080.00 25.96
10090.00 25.98
10100.00 25.99
10110.00 26.01
10120.00 26.03
10130.00 26.05
10140.00 26.07
10150.00 26.08
10160.00 26.10
10170.00 26.12
10180.00 26.14
10190.00 26.15
10200.00 26.17
10210.00 26.19
10220.00 26.21
10230.00 26.22
10240.00 26.24
10250.00 26.26
10260.00 26.28
10270.00 26.29
10280.00 26.31
10290.00 26.33
10300.00 26.35
10310.00 26.36
10320.00 26.38
10330.00 26.40
10340.00 26.42
10350.00 26.43
10360.00 26.45
10370.00 26.47
10380.00 26.49
10390.00 26.50
10400.00 26.52
10410.00 26.54
10420.00 26.56
10430.00 26.57
10440.00 26.59
10450.00 26.61
10460.00 26.63
10470.00 26.64
10480.00 26.66
10490.00 26.68
10500.00 26.69
10510.00 26.71
10520.00 26.73
10530.00 26.75
10540.00 26.76
10550.00 26.78
10560.00 26.80
10570.00 26.81
10580.00 26.83
10590.00 26.85
10600.00 26.87
10610.00 26.88
10620.00 26.90
10630.00 26.92
10640.00 26.93
10650.00 26.95
10660.00 26.97
10670.00 26.98
10680.00 27.00
10690.00 27.02
10700.00 27.03
10710.00 27.05
10720.00 27.07
10730.00 27.09
10740.00 27.10
10750.00 27.12
10760.00 27.14
10770.00 27.15
10780.00 27.17
10790.00 27.19
10800.00 27.20
10810.00 27.22
10820.00 27.24
10830.00 27.25
10840.00 27.27
10850.00 27.29
10860.00 27.30
10870.00 27.32
10880.00 27.34
10890.00 27.35
10900.00 27.37
10910.00 27.39
10920.00 27.40
10930.00 27.42
10940.00 27.44
10950.00 27.45
10960.00 27.47
10970.00 27.48
10980.00 27.50
10990.00 27.52
11000.00 27.53
11010.00 27.55
11020.00 27.57
11030.00 27.58
11040.00 27.60
11050.00 27.62
11060.00 27.63
11070.00 27.65
11080.00 27.66
11090.00 27.68
11100.00 27.70
11110.00 27.71
11120.00 27.73
11130.00 27.75
11140.00 27.76
11150.00 27.78
11160.00 27.79
11170.00 27.81
11180.00 27.83
11190.00 27.84
11200.00 27.86
11210.00 27.88
11220.00 27.89
11230.00 27.91
11240.00 27.92
11250.00 27.94
11260.00 27.96
11270.00 27.97
11280.00 27.99
11290.00 28.00
11300.00 28.02
11310.00 28.04
11320.00 28.05
11330.00 28.07
11340.00 28.08
11350.00 28.10
11360.00 28.11
11370.00 28.13
11380.00 28.15
11390.00 28.16
11400.00 28.18
11410.00 28.19
11420.00 28.21
11430.00 28.23
11440.00 28.24
11450.00 28.26
11460.00 28.27
11470.00 28.29
11480.00 28.30
11490.00 28.32
11500.00 28.33
11510.00 28.35
11520.00 28.37
11530.00 28.38
11540.00 28.40
11550.00 28.41
11560.00 28.43
11570.00 28.44
11580.00 28.46
11590.00 28.47
11600.00 28.49
11610.00 28.51
11620.00 28.52
11630.00 28.54
11640.00 28.55
11650.00 28.57
11660.00 28.58
11670.00 28.60
11680.00 28.61
11690.00 28.63
11700.00 28.64
11710.00 28.66
11720.00 28.67
11730.00 28.69
11740.00 28.71
11750.00 28.72
11760.00 28.74
11770.00 28.75
11780.00 28.77
11790.00 28.78
11800.00 28.80
11810.00 28.81
11820.00 28.83
11830.00 28.84
11840.00 28.86
11850.00 28.87
11860.00 28.89
11870.00 28.90
11880.00 28.92
11890.00 28.93
11900.00 28.95
11910.00 28.96
11920.00 28.98
11930.00 28.99
11940.00 29.01
11950.00 29.02
11960.00 29.04
11970.00 29.05
11980.00 29.07
11990.00 29.08
12000.00 29.10
12010.00 29.11
12020.00 29.13
12030.00 29.14
12040.00 29.16
12050.00 29.17
12060.00 29.19
12070.00 29.20
12080.00 29.21
12090.00 29.23
12100.00 29.24
12110.00 29.26
12120.00 29.27
12130.00 29.29
12140.00 29.30
12150.00 29.32
12160.00 29.33
12170.00 29.35
12180.00 29.36
12190.00 29.38
12200.00 29.39
12210.00 29.40
12220.00 29.42
12230.00 29.43
12240.00 29.45
12250.00 29.46
12260.00 29.48
12270.00 29.49
12280.00 29.51
12290.00 29.52
12300.00 29.53
12310.00 29.55
12320.00 29.56
12330.00 29.58
12340.00 29.59
12350.00 29.61
12360.00 29.62
12370.00 29.63
12380.00 29.65
12390.00 29.66
12400.00 29.68
12410.00 29.69
12420.00 29.71
12430.00 29.72
12440.00 29.73
12450.00 29.75
12460.00 29.76
12470.00 29.78
12480.00 29.79
12490.00 29.80
12500.00 29.82
12510.00 29.83
12520.00 29.85
12530.00 29.86
12540.00 29.88
12550.00 29.89
12560.00 29.90
12570.00 29.92
12580.00 29.93
12590.00 29.94
12600.00 29.96
12610.00 29.97
12620.00 29.99
12630.00 30.00
12640.00 30.01
12650.00 30.03
12660.00 30.04
12670.00 30.06
12680.00 30.07
12690.00 30.08
12700.00 30.10
12710.00 30.11
12720.00 30.12
12730.00 30.14
12740.00 30.15
12750.00 30.17
12760.00 30.18
12770.00 30.19
12780.00 30.21
12790.00 30.22
12800.00 30.23
12810.00 30.25
12820.00 30.26
12830.00 30.27
12840.00 30.29
12850.00 30.30
12860.00 30.31
12870.00 30.33
12880.00 30.34
12890.00 30.36
12900.00 30.37
12910.00 30.38
12920.00 30.40
12930.00 30.41
12940.00 30.42
12950.00 30.44
12960.00 30.45
12970.00 30.46
12980.00 30.48
12990.00 30.49
13000.00 30.50
13010.00 30.52
13020.00 30.53
13030.00 30.54
13040.00 30.56
13050.00 30.57
13060.00 30.58
13070.00 30.59
13080.00 30.61
13090.00 30.62
13100.00 30.63
13110.00 30.65
13120.00 30.66
13130.00 30.67
13140.00 30.69
13150.00 30.70
13160.00 30.71
13170.00 30.73
13180.00 30.74
13190.00 30.75
13200.00 30.76
13210.00 30.78
13220.00 30.79
13230.00 30.80
13240.00 30.82
13250.00 30.83
13260.00 30.84
13270.00 30.85
13280.00 30.87
13290.00 30.88
13300.00 30.89
13310.00 30.91
13320.00 30.92
13330.00 30.93
13340.00 30.94
13350.00 30.96
13360.00 30.97
13370.00 30.98
13380.00 31.00
13390.00 31.01
13400.00 31.02
13410.00 31.03
13420.00 31.05
13430.00 31.06
13440.00 31.07
13450.00 31.08
13460.00 31.10
13470.00 31.11
13480.00 31.12
13490.00 31.13
13500.00 31.15
13510.00 31.16
13520.00 31.17
13530.00 31.18
13540.00 31.20
13550.00 31.21
13560.00 31.22
13570.00 31.23
13580.00 31.25
13590.00 31.26
13600.00 31.27
13610.00 31.28
13620.00 31.29
13630.00 31.31
13640.00 31.32
13650.00 31.33
13660.00 31.34
13670.00 31.36
13680.00 31.37
13690.00 31.38
13700.00 31.39
13710.00 31.40
13720.00 31.42
13730.00 31.43
13740.00 31.44
13750.00 31.45
13760.00 31.47
13770.00 31.48
13780.00 31.49
13790.00 31.50
13800.00 31.51
13810.00 31.53
13820.00 31.54
13830.00 31.55
13840.00 31.56
13850.00 31.57
13860.00 31.59
13870.00 31.60
13880.00 31.61
13890.00 31.62
13900.00 31.63
13910.00 31.64
13920.00 31.66
13930.00 31.67
13940.00 31.68
13950.00 31.69
13960.00 31.70
13970.00 31.72
13980.00 31.73
13990.00 31.74
14000.00 31.75
14010.00 31.76
14020.00 31.77
14030.00 31.79
14040.00 31.80
14050.00 31.81
14060.00 31.82
14070.00 31.83
14080.00 31.84
14090.00 31.86
14100.00 31.87
14110.00 31.88
14120.00 31.89
14130.00 31.90
14140.00 31.91
14150.00 31.92
14160.00 31.94
14170.00 31.95
14180.00 31.96
14190.00 31.97
14200.00 31.98
14210.00 31.99
14220.00 32.00
14230.00 32.02
14240.00 32.03
14250.00 32.04
14260.00 32.05
14270.00 32.06
14280.00 32.07
14290.00 32.08
14300.00 32.10
14310.00 32.11
14320.00 32.12
14330.00 32.13
14340.00 32.14
14350.00 32.15
14360.00 32.16
14370.00 32.17
14380.00 32.18
14390.00 32.20
14400.00 32.21
14410.00 32.22
14420.00 32.23
14430.00 32.24
14440.00 32.25
14450.00 32.26
14460.00 32.27
14470.00 32.28
14480.00 32.29
14490.00 32.31
14500.00 32.32
14510.00 32.33
14520.00 32.34
14530.00 32.35
14540.00 32.36
14550.00 32.37
14560.00 32.38
14570.00 32.39
14580.00 32.40
14590.00 32.41
14600.00 32.42
14610.00 32.44
14620.00 32.45
14630.00 32.46
14640.00 32.47
14650.00 32.48
14660.00 32.49
14670.00 32.50
14680.00 32.51
14690.00 32.52
14700.00 32.53
14710.00 32.54
14720.00 32.55
14730.00 32.56
14740.00 32.57
14750.00 32.58
14760.00 32.60
14770.00 32.61
14780.00 32.62
14790.00 32.63
14800.00 32.64
14810.00 32.65
14820.00 32.66
14830.00 32.67
14840.00 32.68
14850.00 32.69
14860.00 32.70
14870.00 32.71
14880.00 32.72
14890.00 32.73
14900.00 32.74
14910.00 32.75
14920.00 32.76
14930.00 32.77
14940.00 32.78
14950.00 32.79
14960.00 32.80
14970.00 32.81
14980.00 32.82
14990.00 32.83
15000.00 32.84
15010.00 32.85
15020.00 32.86
15030.00 32.87
15040.00 32.88
15050.00 32.89
15060.00 32.90
15070.00 32.91
15080.00 32.92
15090.00 32.93
15100.00 32.94
15110.00 32.95
15120.00 32.96
15130.00 32.97
15140.00 32.98
15150.00 32.99
15160.00 33.00
15170.00 33.01
15180.00 33.02
15190.00 33.03
15200.00 33.04
15210.00 33.05
15220.00 33.06
15230.00 33.07
15240.00 33.08
15250.00 33.09
15260.00 33.10
15270.00 33.11
15280.00 33.12
15290.00 33.13
15300.00 33.14
15310.00 33.15
15320.00 33.16
15330.00 33.17
15340.00 33.18
15350.00 33.19
15360.00 33.20
15370.00 33.21
15380.00 33.22
15390.00 33.23
15400.00 33.24
15410.00 33.25
15420.00 33.25
15430.00 33.26
15440.00 33.27
15450.00 33.28
15460.00 33.29
15470.00 33.30
15480.00 33.31
15490.00 33.32
15500.00 33.33
15510.00 33.34
15520.00 33.35
15530.00 33.36
15540.00 33.37
15550.00 33.38
15560.00 33.39
15570.00 33.40
15580.00 33.40
15590.00 33.41
15600.00 33.42
15610.00 33.43
15620.00 33.44
15630.00 33.45
15640.00 33.46
15650.00 33.47
15660.00 33.48
15670.00 33.49
15680.00 33.50
15690.00 33.51
15700.00 33.51
15710.00 33.52
15720.00 33.53
15730.00 33.54
15740.00 33.55
15750.00 33.56
15760.00 33.57
15770.00 33.58
15780.00 33.59
15790.00 33.59
15800.00 33.60
15810.00 33.61
15820.00 33.62
15830.00 33.63
15840.00 33.64
15850.00 33.65
15860.00 33.66
15870.00 33.67
15880.00 33.67
15890.00 33.68
15900.00 33.69
15910.00 33.70
15920.00 33.71
15930.00 33.72
15940.00 33.73
15950.00 33.74
15960.00 33.74
15970.00 33.75
15980.00 33.76
15990.00 33.77
16000.00 33.78
16010.00 33.79
16020.00 33.80
16030.00 33.80
16040.00 33.81
16050.00 33.82
16060.00 33.83
16070.00 33.84
16080.00 33.85
16090.00 33.85
16100.00 33.86
16110.00 33.87
16120.00 33.88
16130.00 33.89
16140.00 33.90
16150.00 33.90
16160.00 33.91
16170.00 33.92
16180.00 33.93
16190.00 33.94
16200.00 33.95
16210.00 33.95
16220.00 33.96
16230.00 33.97
16240.00 33.98
16250.00 33.99
16260.00 34.00
16270.00 34.00
16280.00 34.01
16290.00 34.02
16300.00 34.03
16310.00 34.04
16320.00 34.04
16330.00 34.05
16340.00 34.06
16350.00 34.07
16360.00 34.08
16370.00 34.08
16380.00 34.09
16390.00 34.10
16400.00 34.11
16410.00 34.12
16420.00 34.12
16430.00 34.13
16440.00 34.14
16450.00 34.15
16460.00 34.16
16470.00 34.16
16480.00 34.17
16490.00 34.18
16500.00 34.19
16510.00 34.19
16520.00 34.20
16530.00 34.21
16540.00 34.22
16550.00 34.23
16560.00 34.23
16570.00 34.24
16580.00 34.25
16590.00 34.26
16600.00 34.26
16610.00 34.27
16620.00 34.28
16630.00 34.29
16640.00 34.29
16650.00 34.30
16660.00 34.31
16670.00 34.32
16680.00 34.32
16690.00 34.33
16700.00 34.34
16710.00 34.35
16720.00 34.35
16730.00 34.36
16740.00 34.37
16750.00 34.38
16760.00 34.38
16770.00 34.39
16780.00 34.40
16790.00 34.41
16800.00 34.41
16810.00 34.42
16820.00 34.43
16830.00 34.44
16840.00 34.44
16850.00 34.45
16860.00 34.46
16870.00 34.46
16880.00 34.47
16890.00 34.48
16900.00 34.49
16910.00 34.49
16920.00 34.50
16930.00 34.51
16940.00 34.51
16950.00 34.52
16960.00 34.53
16970.00 34.54
16980.00 34.54
16990.00 34.55
17000.00 34.56
17010.00 34.56
17020.00 34.57
17030.00 34.58
17040.00 34.58
17050.00 34.59
17060.00 34.60
17070.00 34.61
17080.00 34.61
17090.00 34.62
17100.00 34.63
17110.00 34.63
17120.00 34.64
17130.00 34.65
17140.00 34.65
17150.00 34.66
17160.00 34.67
17170.00 34.67
17180.00 34.68
17190.00 34.69
17200.00 34.69
17210.00 34.70
17220.00 34.71
17230.00 34.71
17240.00 34.72
17250.00 34.73
17260.00 34.73
17270.00 34.74
17280.00 34.75
17290.00 34.75
17300.00 34.76
17310.00 34.77
17320.00 34.77
17330.00 34.78
17340.00 34.79
17350.00 34.79
17360.00 34.80
17370.00 34.80
17380.00 34.81
17390.00 34.82
17400.00 34.82
17410.00 34.83
17420.00 34.84
17430.00 34.84
17440.00 34.85
17450.00 34.86
17460.00 34.86
17470.00 34.87
17480.00 34.87
17490.00 34.88
17500.00 34.89
17510.00 34.89
17520.00 34.90
17530.00 34.91
17540.00 34.91
17550.00 34.92
17560.00 34.92
17570.00 34.93
17580.00 34.94
17590.00 34.94
17600.00 34.95
17610.00 34.95
17620.00 34.96
17630.00 34.97
17640.00 34.97
17650.00 34.98
17660.00 34.98
17670.00 34.99
17680.00 35.00
17690.00 35.00
17700.00 35.01
17710.00 35.01
17720.00 35.02
17730.00 35.03
17740.00 35.03
17750.00 35.04
17760.00 35.04
17770.00 35.05
17780.00 35.05
17790.00 35.06
17800.00 35.07
17810.00 35.07
17820.00 35.08
17830.00 35.08
17840.00 35.09
17850.00 35.10
17860.00 35.10
17870.00 35.11
17880.00 35.11
17890.00 35.12
17900.00 35.12
17910.00 35.13
17920.00 35.13
17930.00 35.14
17940.00 35.15
17950.00 35.15
17960.00 35.16
17970.00 35.16
17980.00 35.17
17990.00 35.17
18000.00 35.18
18010.00 35.18
18020.00 35.19
18030.00 35.19
18040.00 35.20
18050.00 35.21
18060.00 35.21
18070.00 35.22
18080.00 35.22
18090.00 35.23
18100.00 35.23
18110.00 35.24
18120.00 35.24
18130.00 35.25
18140.00 35.25
18150.00 35.26
18160.00 35.26
18170.00 35.27
18180.00 35.27
18190.00 35.28
18200.00 35.28
18210.00 35.29
18220.00 35.29
18230.00 35.30
18240.00 35.30
18250.00 35.31
18260.00 35.31
18270.00 35.32
18280.00 35.32
18290.00 35.33
18300.00 35.33
18310.00 35.34
18320.00 35.34
18330.00 35.35
18340.00 35.35
18350.00 35.36
18360.00 35.36
18370.00 35.37
18380.00 35.37
18390.00 35.38
18400.00 35.38
18410.00 35.39
18420.00 35.39
18430.00 35.40
18440.00 35.40
18450.00 35.41
18460.00 35.41
18470.00 35.42
18480.00 35.42
18490.00 35.43
18500.00 35.43
18510.00 35.43
18520.00 35.44
18530.00 35.44
18540.00 35.45
18550.00 35.45
18560.00 35.46
18570.00 35.46
18580.00 35.47
18590.00 35.47
18600.00 35.48
18610.00 35.48
18620.00 35.48
18630.00 35.49
18640.00 35.49
18650.00 35.50
18660.00 35.50
18670.00 35.51
18680.00 35.51
18690.00 35.52
18700.00 35.52
18710.00 35.52
18720.00 35.53
18730.00 35.53
18740.00 35.54
18750.00 35.54
18760.00 35.55
18770.00 35.55
18780.00 35.55
18790.00 35.56
18800.00 35.56
18810.00 35.57
18820.00 35.57
18830.00 35.58
18840.00 35.58
18850.00 35.58
18860.00 35.59
18870.00 35.59
18880.00 35.60
18890.00 35.60
18900.00 35.60
18910.00 35.61
18920.00 35.61
18930.00 35.62
18940.00 35.62
18950.00 35.62
18960.00 35.63
18970.00 35.63
18980.00 35.64
18990.00 35.64
19000.00 35.64
19010.00 35.65
19020.00 35.65
19030.00 35.65
19040.00 35.66
19050.00 35.66
19060.00 35.67
19070.00 35.67
19080.00 35.67
19090.00 35.68
19100.00 35.68
19110.00 35.68
19120.00 35.69
19130.00 35.69
19140.00 35.70
19150.00 35.70
19160.00 35.70
19170.00 35.71
19180.00 35.71
19190.00 35.71
19200.00 35.72
19210.00 35.72
19220.00 35.72
19230.00 35.73
19240.00 35.73
19250.00 35.73
19260.00 35.74
19270.00 35.74
19280.00 35.75
19290.00 35.75
19300.00 35.75
19310.00 35.76
19320.00 35.76
19330.00 35.76
19340.00 35.77
19350.00 35.77
19360.00 35.77
19370.00 35.78
19380.00 35.78
19390.00 35.78
19400.00 35.79
19410.00 35.79
19420.00 35.79
19430.00 35.79
19440.00 35.80
19450.00 35.80
19460.00 35.80
19470.00 35.81
19480.00 35.81
19490.00 35.81
19500.00 35.82
19510.00 35.82
19520.00 35.82
19530.00 35.83
19540.00 35.83
19550.00 35.83
19560.00 35.84
19570.00 35.84
19580.00 35.84
19590.00 35.84
19600.00 35.85
19610.00 35.85
19620.00 35.85
19630.00 35.86
19640.00 35.86
19650.00 35.86
19660.00 35.86
19670.00 35.87
19680.00 35.87
19690.00 35.87
19700.00 35.88
19710.00 35.88
19720.00 35.88
19730.00 35.88
19740.00 35.89
19750.00 35.89
19760.00 35.89
19770.00 35.89
19780.00 35.90
19790.00 35.90
19800.00 35.90
19810.00 35.90
19820.00 35.91
19830.00 35.91
19840.00 35.91
19850.00 35.92
19860.00 35.92
19870.00 35.92
19880.00 35.92
19890.00 35.93
19900.00 35.93
19910.00 35.93
19920.00 35.93
19930.00 35.93
19940.00 35.94
19950.00 35.94
19960.00 35.94
19970.00 35.94
19980.00 35.95
19990.00 35.95
20000.00 35.95
20010.00 35.95
20020.00 35.96
20030.00 35.96
20040.00 35.96
20050.00 35.96
20060.00 35.96
20070.00 35.97
20080.00 35.97
20090.00 35.97
20100.00 35.97
20110.00 35.98
20120.00 35.98
20130.00 35.98
20140.00 35.98
20150.00 35.98
20160.00 35.99
20170.00 35.99
20180.00 35.99
20190.00 35.99
20200.00 35.99
20210.00 36.00
20220.00 36.00
20230.00 36.00
20240.00 36.00
20250.00 36.00
20260.00 36.01
20270.00 36.01
20280.00 36.01
20290.00 36.01
20300.00 36.01
20310.00 36.01
20320.00 36.02
20330.00 36.02
20340.00 36.02
20350.00 36.02
20360.00 36.02
20370.00 36.03
20380.00 36.03
20390.00 36.03
20400.00 36.03
20410.00 36.03
20420.00 36.03
20430.00 36.04
20440.00 36.04
20450.00 36.04
20460.00 36.04
20470.00 36.04
20480.00 36.04
20490.00 36.04
20500.00 36.05
20510.00 36.05
20520.00 36.05
20530.00 36.05
20540.00 36.05
20550.00 36.05
20560.00 36.06
20570.00 36.06
20580.00 36.06
20590.00 36.06
20600.00 36.06
20610.00 36.06
20620.00 36.06
20630.00 36.06
20640.00 36.07
20650.00 36.07
20660.00 36.07
20670.00 36.07
20680.00 36.07
20690.00 36.07
20700.00 36.07
20710.00 36.07
20720.00 36.08
20730.00 36.08
20740.00 36.08
20750.00 36.08
20760.00 36.08
20770.00 36.08
20780.00 36.08
20790.00 36.08
20800.00 36.08
20810.00 36.09
20820.00 36.09
20830.00 36.09
20840.00 36.09
20850.00 36.09
20860.00 36.09
20870.00 36.09
20880.00 36.09
20890.00 36.09
20900.00 36.09
20910.00 36.10
20920.00 36.10
20930.00 36.10
20940.00 36.10
20950.00 36.10
20960.00 36.10
20970.00 36.10
20980.00 36.10
20990.00 36.10
21000.00 36.10
21010.00 36.10
21020.00 36.10
21030.00 36.10
21040.00 36.11
21050.00 36.11
21060.00 36.11
21070.00 36.11
21080.00 36.11
21090.00 36.11
21100.00 36.11
21110.00 36.11
21120.00 36.11
21130.00 36.11
21140.00 36.11
21150.00 36.11
21160.00 36.11
21170.00 36.11
21180.00 36.11
21190.00 36.11
21200.00 36.11
21210.00 36.11
21220.00 36.11
21230.00 36.12
21240.00 36.12
21250.00 36.12
21260.00 36.12
21270.00 36.12
21280.00 36.12
21290.00 36.12
21300.00 36.12
21310.00 36.12
21320.00 36.12
21330.00 36.12
21340.00 36.12
21350.00 36.12
21360.00 36.12
21370.00 36.12
21380.00 36.12
21390.00 36.12
21400.00 36.12
21410.00 36.12
21420.00 36.12
21430.00 36.12
21440.00 36.12
21450.00 36.12
21460.00 36.12
21470.00 36.12
21480.00 36.12
21490.00 36.12
21500.00 36.12
21510.00 36.12
21520.00 36.12
21530.00 36.12
21540.00 36.12
21550.00 36.12
21560.00 36.12
21570.00 36.12
21580.00 36.12
21590.00 36.12
21600.00 36.12
21610.00 36.12
21620.00 36.12
21630.00 36.12
21640.00 36.12
21650.00 36.12
21660.00 36.12
21670.00 36.12
21680.00 36.12
21690.00 36.12
21700.00 36.12
21710.00 36.11
21720.00 36.11
21730.00 36.11
21740.00 36.11
21750.00 36.11
21760.00 36.11
21770.00 36.11
21780.00 36.11
21790.00 36.11
21800.00 36.11
21810.00 36.11
21820.00 36.11
21830.00 36.11
21840.00 36.11
21850.00 36.11
21860.00 36.11
21870.00 36.11
21880.00 36.11
21890.00 36.11
21900.00 36.10
21910.00 36.10
21920.00 36.10
21930.00 36.10
21940.00 36.10
21950.00 36.10
21960.00 36.10
21970.00 36.10
21980.00 36.10
21990.00 36.10
22000.00 36.10
22010.00 36.10
22020.00 36.10
22030.00 36.09
22040.00 36.09
22050.00 36.09
22060.00 36.09
22070.00 36.09
22080.00 36.09
22090.00 36.09
22100.00 36.09
22110.00 36.09
22120.00 36.09
22130.00 36.08
22140.00 36.08
22150.00 36.08
22160.00 36.08
22170.00 36.08
22180.00 36.08
22190.00 36.08
22200.00 36.08
22210.00 36.08
22220.00 36.07
22230.00 36.07
22240.00 36.07
22250.00 36.07
22260.00 36.07
22270.00 36.07
22280.00 36.07
22290.00 36.07
22300.00 36.06
22310.00 36.06
22320.00 36.06
22330.00 36.06
22340.00 36.06
22350.00 36.06
22360.00 36.06
22370.00 36.06
22380.00 36.05
22390.00 36.05
22400.00 36.05
22410.00 36.05
22420.00 36.05
22430.00 36.05
22440.00 36.04
22450.00 36.04
22460.00 36.04
22470.00 36.04
22480.00 36.04
22490.00 36.04
22500.00 36.04
22510.00 36.03
22520.00 36.03
22530.00 36.03
22540.00 36.03
22550.00 36.03
22560.00 36.03
22570.00 36.02
22580.00 36.02
22590.00 36.02
22600.00 36.02
22610.00 36.02
22620.00 36.01
22630.00 36.01
22640.00 36.01
22650.00 36.01
22660.00 36.01
22670.00 36.01
22680.00 36.00
22690.00 36.00
22700.00 36.00
22710.00 36.00
22720.00 36.00
22730.00 35.99
22740.00 35.99
22750.00 35.99
22760.00 35.99
22770.00 35.99
22780.00 35.98
22790.00 35.98
22800.00 35.98
22810.00 35.98
22820.00 35.98
22830.00 35.97
22840.00 35.97
22850.00 35.97
22860.00 35.97
22870.00 35.96
22880.00 35.96
22890.00 35.96
22900.00 35.96
22910.00 35.96
22920.00 35.95
22930.00 35.95
22940.00 35.95
22950.00 35.95
22960.00 35.94
22970.00 35.94
22980.00 35.94
22990.00 35.94
23000.00 35.93
23010.00 35.93
23020.00 35.93
23030.00 35.93
23040.00 35.93
23050.00 35.92
23060.00 35.92
23070.00 35.92
23080.00 35.92
23090.00 35.91
23100.00 35.91
23110.00 35.91
23120.00 35.90
23130.00 35.90
23140.00 35.90
23150.00 35.90
23160.00 35.89
23170.00 35.89
23180.00 35.89
23190.00 35.89
23200.00 35.88
23210.00 35.88
23220.00 35.88
23230.00 35.88
23240.00 35.87
23250.00 35.87
23260.00 35.87
23270.00 35.86
23280.00 35.86
23290.00 35.86
23300.00 35.86
23310.00 35.85
23320.00 35.85
23330.00 35.85
23340.00 35.84
23350.00 35.84
23360.00 35.84
23370.00 35.84
23380.00 35.83
23390.00 35.83
23400.00 35.83
23410.00 35.82
23420.00 35.82
23430.00 35.82
23440.00 35.81
23450.00 35.81
23460.00 35.81
23470.00 35.80
23480.00 35.80
23490.00 35.80
23500.00 35.79
23510.00 35.79
23520.00 35.79
23530.00 35.79
23540.00 35.78
23550.00 35.78
23560.00 35.78
23570.00 35.77
23580.00 35.77
23590.00 35.77
23600.00 35.76
23610.00 35.76
23620.00 35.76
23630.00 35.75
23640.00 35.75
23650.00 35.75
23660.00 35.74
23670.00 35.74
23680.00 35.73
23690.00 35.73
23700.00 35.73
23710.00 35.72
23720.00 35.72
23730.00 35.72
23740.00 35.71
23750.00 35.71
23760.00 35.71
23770.00 35.70
23780.00 35.70
23790.00 35.70
23800.00 35.69
23810.00 35.69
23820.00 35.68
23830.00 35.68
23840.00 35.68
23850.00 35.67
23860.00 35.67
23870.00 35.67
23880.00 35.66
23890.00 35.66
23900.00 35.65
23910.00 35.65
23920.00 35.65
23930.00 35.64
23940.00 35.64
23950.00 35.64
23960.00 35.63
23970.00 35.63
23980.00 35.62
23990.00 35.62
24000.00 35.62
24010.00 35.61
24020.00 35.61
24030.00 35.60
24040.00 35.60
24050.00 35.60
24060.00 35.59
24070.00 35.59
24080.00 35.58
24090.00 35.58
24100.00 35.58
24110.00 35.57
24120.00 35.57
24130.00 35.56
24140.00 35.56
24150.00 35.55
24160.00 35.55
24170.00 35.55
24180.00 35.54
24190.00 35.54
24200.00 35.53
24210.00 35.53
24220.00 35.52
24230.00 35.52
24240.00 35.52
24250.00 35.51
24260.00 35.51
24270.00 35.50
24280.00 35.50
24290.00 35.49
24300.00 35.49
24310.00 35.48
24320.00 35.48
24330.00 35.48
24340.00 35.47
24350.00 35.47
24360.00 35.46
24370.00 35.46
24380.00 35.45
24390.00 35.45
24400.00 35.44
24410.00 35.44
24420.00 35.43
24430.00 35.43
24440.00 35.43
24450.00 35.42
24460.00 35.42
24470.00 35.41
24480.00 35.41
24490.00 35.40
24500.00 35.40
24510.00 35.39
24520.00 35.39
24530.00 35.38
24540.00 35.38
24550.00 35.37
24560.00 35.37
24570.00 35.36
24580.00 35.36
24590.00 35.35
24600.00 35.35
24610.00 35.34
24620.00 35.34
24630.00 35.33
24640.00 35.33
24650.00 35.32
24660.00 35.32
24670.00 35.31
24680.00 35.31
24690.00 35.30
24700.00 35.30
24710.00 35.29
24720.00 35.29
24730.00 35.28
24740.00 35.28
24750.00 35.27
24760.00 35.27
24770.00 35.26
24780.00 35.26
24790.00 35.25
24800.00 35.25
24810.00 35.24
24820.00 35.24
24830.00 35.23
24840.00 35.23
24850.00 35.22
24860.00 35.22
24870.00 35.21
24880.00 35.21
24890.00 35.20
24900.00 35.19
24910.00 35.19
24920.00 35.18
24930.00 35.18
24940.00 35.17
24950.00 35.17
24960.00 35.16
24970.00 35.16
24980.00 35.15
24990.00 35.15
25000.00 35.14
25010.00 35.13
25020.00 35.13
25030.00 35.12
25040.00 35.12
25050.00 35.11
25060.00 35.11
25070.00 35.10
25080.00 35.10
25090.00 35.09
25100.00 35.08
25110.00 35.08
25120.00 35.07
25130.00 35.07
25140.00 35.06
25150.00 35.05
25160.00 35.05
25170.00 35.04
25180.00 35.04
25190.00 35.03
25200.00 35.03
25210.00 35.02
25220.00 35.01
25230.00 35.01
25240.00 35.00
25250.00 35.00
25260.00 34.99
25270.00 34.98
25280.00 34.98
25290.00 34.97
25300.00 34.97
25310.00 34.96
25320.00 34.95
25330.00 34.95
25340.00 34.94
25350.00 34.94
25360.00 34.93
25370.00 34.92
25380.00 34.92
25390.00 34.91
25400.00 34.91
25410.00 34.90
25420.00 34.89
25430.00 34.89
25440.00 34.88
25450.00 34.87
25460.00 34.87
25470.00 34.86
25480.00 34.86
25490.00 34.85
25500.00 34.84
25510.00 34.84
25520.00 34.83
25530.00 34.82
25540.00 34.82
25550.00 34.81
25560.00 34.80
25570.00 34.80
25580.00 34.79
25590.00 34.79
25600.00 34.78
25610.00 34.77
25620.00 34.77
25630.00 34.76
25640.00 34.75
25650.00 34.75
25660.00 34.74
25670.00 34.73
25680.00 34.73
25690.00 34.72
25700.00 34.71
25710.00 34.71
25720.00 34.70
25730.00 34.69
25740.00 34.69
25750.00 34.68
25760.00 34.67
25770.00 34.67
25780.00 34.66
25790.00 34.65
25800.00 34.65
25810.00 34.64
25820.00 34.63
25830.00 34.63
25840.00 34.62
25850.00 34.61
25860.00 34.61
25870.00 34.60
25880.00 34.59
25890.00 34.58
25900.00 34.58
25910.00 34.57
25920.00 34.56
25930.00 34.56
25940.00 34.55
25950.00 34.54
25960.00 34.54
25970.00 34.53
25980.00 34.52
25990.00 34.51
26000.00 34.51
26010.00 34.50
26020.00 34.49
26030.00 34.49
26040.00 34.48
26050.00 34.47
26060.00 34.46
26070.00 34.46
26080.00 34.45
26090.00 34.44
26100.00 34.44
26110.00 34.43
26120.00 34.42
26130.00 34.41
26140.00 34.41
26150.00 34.40
26160.00 34.39
26170.00 34.38
26180.00 34.38
26190.00 34.37
26200.00 34.36
26210.00 34.35
26220.00 34.35
26230.00 34.34
26240.00 34.33
26250.00 34.32
26260.00 34.32
26270.00 34.31
26280.00 34.30
26290.00 34.29
26300.00 34.29
26310.00 34.28
26320.00 34.27
26330.00 34.26
26340.00 34.26
26350.00 34.25
26360.00 34.24
26370.00 34.23
26380.00 34.23
26390.00 34.22
26400.00 34.21
26410.00 34.20
26420.00 34.19
26430.00 34.19
26440.00 34.18
26450.00 34.17
26460.00 34.16
26470.00 34.16
26480.00 34.15
26490.00 34.14
26500.00 34.13
26510.00 34.12
26520.00 34.12
26530.00 34.11
26540.00 34.10
26550.00 34.09
26560.00 34.08
26570.00 34.08
26580.00 34.07
26590.00 34.06
26600.00 34.05
26610.00 34.04
26620.00 34.04
26630.00 34.03
26640.00 34.02
26650.00 34.01
26660.00 34.00
26670.00 34.00
26680.00 33.99
26690.00 33.98
26700.00 33.97
26710.00 33.96
26720.00 33.95
26730.00 33.95
26740.00 33.94
26750.00 33.93
26760.00 33.92
26770.00 33.91
26780.00 33.90
26790.00 33.90
26800.00 33.89
26810.00 33.88
26820.00 33.87
26830.00 33.86
26840.00 33.85
26850.00 33.85
26860.00 33.84
26870.00 33.83
26880.00 33.82
26890.00 33.81
26900.00 33.80
26910.00 33.80
26920.00 33.79
26930.00 33.78
26940.00 33.77
26950.00 33.76
26960.00 33.75
26970.00 33.74
26980.00 33.74
26990.00 33.73
27000.00 33.72
27010.00 33.71
27020.00 33.70
27030.00 33.69
27040.00 33.68
27050.00 33.67
27060.00 33.67
27070.00 33.66
27080.00 33.65
27090.00 33.64
27100.00 33.63
27110.00 33.62
27120.00 33.61
27130.00 33.60
27140.00 33.59
27150.00 33.59
27160.00 33.58
27170.00 33.57
27180.00 33.56
27190.00 33.55
27200.00 33.54
27210.00 33.53
27220.00 33.52
27230.00 33.51
27240.00 33.51
27250.00 33.50
27260.00 33.49
27270.00 33.48
27280.00 33.47
27290.00 33.46
27300.00 33.45
27310.00 33.44
27320.00 33.43
27330.00 33.42
27340.00 33.41
27350.00 33.40
27360.00 33.40
27370.00 33.39
27380.00 33.38
27390.00 33.37
27400.00 33.36
27410.00 33.35
27420.00 33.34
27430.00 33.33
27440.00 33.32
27450.00 33.31
27460.00 33.30
27470.00 33.29
27480.00 33.28
27490.00 33.27
27500.00 33.26
27510.00 33.25
27520.00 33.25
27530.00 33.24
27540.00 33.23
27550.00 33.22
27560.00 33.21
27570.00 33.20
27580.00 33.19
27590.00 33.18
27600.00 33.17
27610.00 33.16
27620.00 33.15
27630.00 33.14
27640.00 33.13
27650.00 33.12
27660.00 33.11
27670.00 33.10
27680.00 33.09
27690.00 33.08
27700.00 33.07
27710.00 33.06
27720.00 33.05
27730.00 33.04
27740.00 33.03
27750.00 33.02
27760.00 33.01
27770.00 33.00
27780.00 32.99
27790.00 32.98
27800.00 32.97
27810.00 32.96
27820.00 32.95
27830.00 32.94
27840.00 32.93
27850.00 32.92
27860.00 32.91
27870.00 32.90
27880.00 32.89
27890.00 32.88
27900.00 32.87
27910.00 32.86
27920.00 32.85
27930.00 32.84
27940.00 32.83
27950.00 32.82
27960.00 32.81
27970.00 32.80
27980.00 32.79
27990.00 32.78
28000.00 32.77
28010.00 32.76
28020.00 32.75
28030.00 32.74
28040.00 32.73
28050.00 32.72
28060.00 32.71
28070.00 32.70
28080.00 32.69
28090.00 32.68
28100.00 32.67
28110.00 32.66
28120.00 32.65
28130.00 32.64
28140.00 32.63
28150.00 32.62
28160.00 32.61
28170.00 32.60
28180.00 32.58
28190.00 32.57
28200.00 32.56
28210.00 32.55
28220.00 32.54
28230.00 32.53
28240.00 32.52
28250.00 32.51
28260.00 32.50
28270.00 32.49
28280.00 32.48
28290.00 32.47
28300.00 32.46
28310.00 32.45
28320.00 32.44
28330.00 32.42
28340.00 32.41
28350.00 32.40
28360.00 32.39
28370.00 32.38
28380.00 32.37
28390.00 32.36
28400.00 32.35
28410.00 32.34
28420.00 32.33
28430.00 32.32
28440.00 32.31
28450.00 32.29
28460.00 32.28
28470.00 32.27
28480.00 32.26
28490.00 32.25
28500.00 32.24
28510.00 32.23
28520.00 32.22
28530.00 32.21
28540.00 32.20
28550.00 32.18
28560.00 32.17
28570.00 32.16
28580.00 32.15
28590.00 32.14
28600.00 32.13
28610.00 32.12
28620.00 32.11
28630.00 32.10
28640.00 32.08
28650.00 32.07
28660.00 32.06
28670.00 32.05
28680.00 32.04
28690.00 32.03
28700.00 32.02
28710.00 32.00
28720.00 31.99
28730.00 31.98
28740.00 31.97
28750.00 31.96
28760.00 31.95
28770.00 31.94
28780.00 31.92
28790.00 31.91
28800.00 31.90
28810.00 31.89
28820.00 31.88
28830.00 31.87
28840.00 31.86
28850.00 31.84
28860.00 31.83
28870.00 31.82
28880.00 31.81
28890.00 31.80
28900.00 31.79
28910.00 31.77
28920.00 31.76
28930.00 31.75
28940.00 31.74
28950.00 31.73
28960.00 31.72
28970.00 31.70
28980.00 31.69
28990.00 31.68
29000.00 31.67
29010.00 31.66
29020.00 31.64
29030.00 31.63
29040.00 31.62
29050.00 31.61
29060.00 31.60
29070.00 31.59
29080.00 31.57
29090.00 31.56
29100.00 31.55
29110.00 31.54
29120.00 31.53
29130.00 31.51
29140.00 31.50
29150.00 31.49
29160.00 31.48
29170.00 31.47
29180.00 31.45
29190.00 31.44
29200.00 31.43
29210.00 31.42
29220.00 31.40
29230.00 31.39
29240.00 31.38
29250.00 31.37
29260.00 31.36
29270.00 31.34
29280.00 31.33
29290.00 31.32
29300.00 31.31
29310.00 31.29
29320.00 31.28
29330.00 31.27
29340.00 31.26
29350.00 31.25
29360.00 31.23
29370.00 31.22
29380.00 31.21
29390.00 31.20
29400.00 31.18
29410.00 31.17
29420.00 31.16
29430.00 31.15
29440.00 31.13
29450.00 31.12
29460.00 31.11
29470.00 31.10
29480.00 31.08
29490.00 31.07
29500.00 31.06
29510.00 31.05
29520.00 31.03
29530.00 31.02
29540.00 31.01
29550.00 31.00
29560.00 30.98
29570.00 30.97
29580.00 30.96
29590.00 30.94
29600.00 30.93
29610.00 30.92
29620.00 30.91
29630.00 30.89
29640.00 30.88
29650.00 30.87
29660.00 30.85
29670.00 30.84
29680.00 30.83
29690.00 30.82
29700.00 30.80
29710.00 30.79
29720.00 30.78
29730.00 30.76
29740.00 30.75
29750.00 30.74
29760.00 30.73
29770.00 30.71
29780.00 30.70
29790.00 30.69
29800.00 30.67
29810.00 30.66
29820.00 30.65
29830.00 30.63
29840.00 30.62
29850.00 30.61
29860.00 30.59
29870.00 30.58
29880.00 30.57
29890.00 30.56
29900.00 30.54
29910.00 30.53
29920.00 30.52
29930.00 30.50
29940.00 30.49
29950.00 30.48
29960.00 30.46
29970.00 30.45
29980.00 30.44
29990.00 30.42
30000.00 30.41
30010.00 30.40
30020.00 30.38
30030.00 30.37
30040.00 30.36
30050.00 30.34
30060.00 30.33
30070.00 30.31
30080.00 30.30
30090.00 30.29
30100.00 30.27
30110.00 30.26
30120.00 30.25
30130.00 30.23
30140.00 30.22
30150.00 30.21
30160.00 30.19
30170.00 30.18
30180.00 30.17
30190.00 30.15
30200.00 30.14
30210.00 30.12
30220.00 30.11
30230.00 30.10
30240.00 30.08
30250.00 30.07
30260.00 30.06
30270.00 30.04
30280.00 30.03
30290.00 30.01
30300.00 30.00
30310.00 29.99
30320.00 29.97
30330.00 29.96
30340.00 29.94
30350.00 29.93
30360.00 29.92
30370.00 29.90
30380.00 29.89
30390.00 29.88
30400.00 29.86
30410.00 29.85
30420.00 29.83
30430.00 29.82
30440.00 29.80
30450.00 29.79
30460.00 29.78
30470.00 29.76
30480.00 29.75
30490.00 29.73
30500.00 29.72
30510.00 29.71
30520.00 29.69
30530.00 29.68
30540.00 29.66
30550.00 29.65
30560.00 29.63
30570.00 29.62
30580.00 29.61
30590.00 29.59
30600.00 29.58
30610.00 29.56
30620.00 29.55
30630.00 29.53
30640.00 29.52
30650.00 29.51
30660.00 29.49
30670.00 29.48
30680.00 29.46
30690.00 29.45
30700.00 29.43
30710.00 29.42
30720.00 29.40
30730.00 29.39
30740.00 29.38
30750.00 29.36
30760.00 29.35
30770.00 29.33
30780.00 29.32
30790.00 29.30
30800.00 29.29
30810.00 29.27
30820.00 29.26
30830.00 29.24
30840.00 29.23
30850.00 29.21
30860.00 29.20
30870.00 29.19
30880.00 29.17
30890.00 29.16
30900.00 29.14
30910.00 29.13
30920.00 29.11
30930.00 29.10
30940.00 29.08
30950.00 29.07
30960.00 29.05
30970.00 29.04
30980.00 29.02
30990.00 29.01
31000.00 28.99
31010.00 28.98
31020.00 28.96
31030.00 28.95
31040.00 28.93
31050.00 28.92
31060.00 28.90
31070.00 28.89
31080.00 28.87
31090.00 28.86
31100.00 28.84
31110.00 28.83
31120.00 28.81
31130.00 28.80
31140.00 28.78
31150.00 28.77
31160.00 28.75
31170.00 28.74
31180.00 28.72
31190.00 28.71
31200.00 28.69
31210.00 28.67
31220.00 28.66
31230.00 28.64
31240.00 28.63
31250.00 28.61
31260.00 28.60
31270.00 28.58
31280.00 28.57
31290.00 28.55
31300.00 28.54
31310.00 28.52
31320.00 28.51
31330.00 28.49
31340.00 28.47
31350.00 28.46
31360.00 28.44
31370.00 28.43
31380.00 28.41
31390.00 28.40
31400.00 28.38
31410.00 28.37
31420.00 28.35
31430.00 28.33
31440.00 28.32
31450.00 28.30
31460.00 28.29
31470.00 28.27
31480.00 28.26
31490.00 28.24
31500.00 28.23
31510.00 28.21
31520.00 28.19
31530.00 28.18
31540.00 28.16
31550.00 28.15
31560.00 28.13
31570.00 28.11
31580.00 28.10
31590.00 28.08
31600.00 28.07
31610.00 28.05
31620.00 28.04
31630.00 28.02
31640.00 28.00
31650.00 27.99
31660.00 27.97
31670.00 27.96
31680.00 27.94
31690.00 27.92
31700.00 27.91
31710.00 27.89
31720.00 27.88
31730.00 27.86
31740.00 27.84
31750.00 27.83
31760.00 27.81
31770.00 27.79
31780.00 27.78
31790.00 27.76
31800.00 27.75
31810.00 27.73
31820.00 27.71
31830.00 27.70
31840.00 27.68
31850.00 27.66
31860.00 27.65
31870.00 27.63
31880.00 27.62
31890.00 27.60
31900.00 27.58
31910.00 27.57
31920.00 27.55
31930.00 27.53
31940.00 27.52
31950.00 27.50
31960.00 27.48
31970.00 27.47
31980.00 27.45
31990.00 27.44
32000.00 27.42
32010.00 27.40
32020.00 27.39
32030.00 27.37
32040.00 27.35
32050.00 27.34
32060.00 27.32
32070.00 27.30
32080.00 27.29
32090.00 27.27
32100.00 27.25
32110.00 27.24
32120.00 27.22
32130.00 27.20
32140.00 27.19
32150.00 27.17
32160.00 27.15
32170.00 27.14
32180.00 27.12
32190.00 27.10
32200.00 27.09
32210.00 27.07
32220.00 27.05
32230.00 27.03
32240.00 27.02
32250.00 27.00
32260.00 26.98
32270.00 26.97
32280.00 26.95
32290.00 26.93
32300.00 26.92
32310.00 26.90
32320.00 26.88
32330.00 26.87
32340.00 26.85
32350.00 26.83
32360.00 26.81
32370.00 26.80
32380.00 26.78
32390.00 26.76
32400.00 26.75
32410.00 26.73
32420.00 26.71
32430.00 26.69
32440.00 26.68
32450.00 26.66
32460.00 26.64
32470.00 26.63
32480.00 26.61
32490.00 26.59
32500.00 26.57
32510.00 26.56
32520.00 26.54
32530.00 26.52
32540.00 26.50
32550.00 26.49
32560.00 26.47
32570.00 26.45
32580.00 26.43
32590.00 26.42
32600.00 26.40
32610.00 26.38
32620.00 26.36
32630.00 26.35
32640.00 26.33
32650.00 26.31
32660.00 26.29
32670.00 26.28
32680.00 26.26
32690.00 26.24
32700.00 26.22
32710.00 26.21
32720.00 26.19
32730.00 26.17
32740.00 26.15
32750.00 26.14
32760.00 26.12
32770.00 26.10
32780.00 26.08
32790.00 26.07
32800.00 26.05
32810.00 26.03
32820.00 26.01
32830.00 25.99
32840.00 25.98
32850.00 25.96
32860.00 25.94
32870.00 25.92
32880.00 25.90
32890.00 25.89
32900.00 25.87
32910.00 25.85
32920.00 25.83
32930.00 25.81
32940.00 25.80
32950.00 25.78
32960.00 25.76
32970.00 25.74
32980.00 25.72
32990.00 25.71
33000.00 25.69
33010.00 25.67
33020.00 25.65
33030.00 25.63
33040.00 25.62
33050.00 25.60
33060.00 25.58
33070.00 25.56
33080.00 25.54
33090.00 25.53
33100.00 25.51
33110.00 25.49
33120.00 25.47
33130.00 25.45
33140.00 25.43
33150.00 25.42
33160.00 25.40
33170.00 25.38
33180.00 25.36
33190.00 25.34
33200.00 25.32
33210.00 25.31
33220.00 25.29
33230.00 25.27
33240.00 25.25
33250.00 25.23
33260.00 25.21
33270.00 25.19
33280.00 25.18
33290.00 25.16
33300.00 25.14
33310.00 25.12
33320.00 25.10
33330.00 25.08
33340.00 25.06
33350.00 25.05
33360.00 25.03
33370.00 25.01
33380.00 24.99
33390.00 24.97
33400.00 24.95
33410.00 24.93
33420.00 24.92
33430.00 24.90
33440.00 24.88
33450.00 24.86
33460.00 24.84
33470.00 24.82
33480.00 24.80
33490.00 24.78
33500.00 24.76
33510.00 24.75
33520.00 24.73
33530.00 24.71
33540.00 24.69
33550.00 24.67
33560.00 24.65
33570.00 24.63
33580.00 24.61
33590.00 24.59
33600.00 24.58
33610.00 24.56
33620.00 24.54
33630.00 24.52
33640.00 24.50
33650.00 24.48
33660.00 24.46
33670.00 24.44
33680.00 24.42
33690.00 24.40
33700.00 24.38
33710.00 24.37
33720.00 24.35
33730.00 24.33
33740.00 24.31
33750.00 24.29
33760.00 24.27
33770.00 24.25
33780.00 24.23
33790.00 24.21
33800.00 24.19
33810.00 24.17
33820.00 24.15
33830.00 24.13
33840.00 24.11
33850.00 24.09
33860.00 24.08
33870.00 24.06
33880.00 24.04
33890.00 24.02
33900.00 24.00
33910.00 23.98
33920.00 23.96
33930.00 23.94
33940.00 23.92
33950.00 23.90
33960.00 23.88
33970.00 23.86
33980.00 23.84
33990.00 23.82
34000.00 23.80
34010.00 23.78
34020.00 23.76
34030.00 23.74
34040.00 23.72
34050.00 23.70
34060.00 23.68
34070.00 23.66
34080.00 23.64
34090.00 23.62
34100.00 23.60
34110.00 23.58
34120.00 23.56
34130.00 23.55
34140.00 23.53
34150.00 23.51
34160.00 23.49
34170.00 23.47
34180.00 23.45
34190.00 23.43
34200.00 23.41
34210.00 23.39
34220.00 23.37
34230.00 23.35
34240.00 23.33
34250.00 23.31
34260.00 23.29
34270.00 23.27
34280.00 23.25
34290.00 23.23
34300.00 23.21
34310.00 23.19
34320.00 23.16
34330.00 23.14
34340.00 23.12
34350.00 23.10
34360.00 23.08
34370.00 23.06
34380.00 23.04
34390.00 23.02
34400.00 23.00
34410.00 22.98
34420.00 22.96
34430.00 22.94
34440.00 22.92
34450.00 22.90
34460.00 22.88
34470.00 22.86
34480.00 22.84
34490.00 22.82
34500.00 22.80
34510.00 22.78
34520.00 22.76
34530.00 22.74
34540.00 22.72
34550.00 22.70
34560.00 22.68
34570.00 22.66
34580.00 22.64
34590.00 22.62
34600.00 22.59
34610.00 22.57
34620.00 22.55
34630.00 22.53
34640.00 22.51
34650.00 22.49
34660.00 22.47
34670.00 22.45
34680.00 22.43
34690.00 22.41
34700.00 22.39
34710.00 22.37
34720.00 22.35
34730.00 22.33
34740.00 22.30
34750.00 22.28
34760.00 22.26
34770.00 22.24
34780.00 22.22
34790.00 22.20
34800.00 22.18
34810.00 22.16
34820.00 22.14
34830.00 22.12
34840.00 22.10
34850.00 22.07
34860.00 22.05
34870.00 22.03
34880.00 22.01
34890.00 21.99
34900.00 21.97
34910.00 21.95
34920.00 21.93
34930.00 21.91
34940.00 21.89
34950.00 21.86
34960.00 21.84
34970.00 21.82
34980.00 21.80
34990.00 21.78
35000.00 21.76
35010.00 21.74
35020.00 21.72
35030.00 21.69
35040.00 21.67
35050.00 21.65
35060.00 21.63
35070.00 21.61
35080.00 21.59
35090.00 21.57
35100.00 21.55
35110.00 21.52
35120.00 21.50
35130.00 21.48
35140.00 21.46
35150.00 21.44
35160.00 21.42
35170.00 21.40
35180.00 21.37
35190.00 21.35
35200.00 21.33
35210.00 21.31
35220.00 21.29
35230.00 21.27
35240.00 21.24
35250.00 21.22
35260.00 21.20
35270.00 21.18
35280.00 21.16
35290.00 21.14
35300.00 21.11
35310.00 21.09
35320.00 21.07
35330.00 21.05
35340.00 21.03
35350.00 21.01
35360.00 20.98
35370.00 20.96
35380.00 20.94
35390.00 20.92
35400.00 20.90
35410.00 20.87
35420.00 20.85
35430.00 20.83
35440.00 20.81
35450.00 20.79
35460.00 20.77
35470.00 20.74
35480.00 20.72
35490.00 20.70
35500.00 20.68
35510.00 20.66
35520.00 20.63
35530.00 20.61
35540.00 20.59
35550.00 20.57
35560.00 20.55
35570.00 20.52
35580.00 20.50
35590.00 20.48
35600.00 20.46
35610.00 20.43
35620.00 20.41
35630.00 20.39
35640.00 20.37
35650.00 20.35
35660.00 20.32
35670.00 20.30
35680.00 20.28
35690.00 20.26
35700.00 20.23
35710.00 20.21
35720.00 20.19
35730.00 20.17
35740.00 20.14
35750.00 20.12
35760.00 20.10
35770.00 20.08
35780.00 20.06
35790.00 20.03
35800.00 20.01
35810.00 19.99
35820.00 19.97
35830.00 19.94
35840.00 19.92
35850.00 19.90
35860.00 19.88
35870.00 19.85
35880.00 19.83
35890.00 19.81
35900.00 19.78
35910.00 19.76
35920.00 19.74
35930.00 19.72
35940.00 19.69
35950.00 19.67
35960.00 19.65
35970.00 19.63
35980.00 19.60
35990.00 19.58
36000.00 19.56
36010.00 19.53
36020.00 19.51
36030.00 19.49
36040.00 19.47
36050.00 19.44
36060.00 19.42
36070.00 19.40
36080.00 19.37
36090.00 19.35
36100.00 19.33
36110.00 19.31
36120.00 19.28
36130.00 19.26
36140.00 19.24
36150.00 19.21
36160.00 19.19
36170.00 19.17
36180.00 19.14
36190.00 19.12
36200.00 19.10
36210.00 19.08
36220.00 19.05
36230.00 19.03
36240.00 19.01
36250.00 18.98
36260.00 18.96
36270.00 18.94
36280.00 18.91
36290.00 18.89
36300.00 18.87
36310.00 18.84
36320.00 18.82
36330.00 18.80
36340.00 18.77
36350.00 18.75
36360.00 18.73
36370.00 18.70
36380.00 18.68
36390.00 18.66
36400.00 18.63
36410.00 18.61
36420.00 18.59
36430.00 18.56
36440.00 18.54
36450.00 18.52
36460.00 18.49
36470.00 18.47
36480.00 18.45
36490.00 18.42
36500.00 18.40
36510.00 18.38
36520.00 18.35
36530.00 18.33
36540.00 18.30
36550.00 18.28
36560.00 18.26
36570.00 18.23
36580.00 18.21
36590.00 18.19
36600.00 18.16
36610.00 18.14
36620.00 18.11
36630.00 18.09
36640.00 18.07
36650.00 18.04
36660.00 18.02
36670.00 18.00
36680.00 17.97
36690.00 17.95
36700.00 17.92
36710.00 17.90
36720.00 17.88
36730.00 17.85
36740.00 17.83
36750.00 17.80
36760.00 17.78
36770.00 17.76
36780.00 17.73
36790.00 17.71
36800.00 17.68
36810.00 17.66
36820.00 17.64
36830.00 17.61
36840.00 17.59
36850.00 17.56
36860.00 17.54
36870.00 17.52
36880.00 17.49
36890.00 17.47
36900.00 17.44
36910.00 17.42
36920.00 17.39
36930.00 17.37
36940.00 17.35
36950.00 17.32
36960.00 17.30
36970.00 17.27
36980.00 17.25
36990.00 17.22
37000.00 17.20
37010.00 17.18
37020.00 17.15
37030.00 17.13
37040.00 17.10
37050.00 17.08
37060.00 17.05
37070.00 17.03
37080.00 17.00
37090.00 16.98
37100.00 16.96
37110.00 16.93
37120.00 16.91
37130.00 16.88
37140.00 16.86
37150.00 16.83
37160.00 16.81
37170.00 16.78
37180.00 16.76
37190.00 16.73
37200.00 16.71
37210.00 16.69
37220.00 16.66
37230.00 16.64
37240.00 16.61
37250.00 16.59
37260.00 16.56
37270.00 16.54
37280.00 16.51
37290.00 16.49
37300.00 16.46
37310.00 16.44
37320.00 16.41
37330.00 16.39
37340.00 16.36
37350.00 16.34
37360.00 16.31
37370.00 16.29
37380.00 16.26
37390.00 16.24
37400.00 16.21
37410.00 16.19
37420.00 16.16
37430.00 16.14
37440.00 16.11
37450.00 16.09
37460.00 16.06
37470.00 16.04
37480.00 16.01
37490.00 15.99
37500.00 15.96
37510.00 15.94
37520.00 15.91
37530.00 15.89
37540.00 15.86
37550.00 15.84
37560.00 15.81
37570.00 15.79
37580.00 15.76
37590.00 15.74
37600.00 15.71
37610.00 15.69
37620.00 15.66
37630.00 15.63
37640.00 15.61
37650.00 15.58
37660.00 15.56
37670.00 15.53
37680.00 15.51
37690.00 15.48
37700.00 15.46
37710.00 15.43
37720.00 15.41
37730.00 15.38
37740.00 15.36
37750.00 15.33
37760.00 15.30
37770.00 15.28
37780.00 15.25
37790.00 15.23
37800.00 15.20
37810.00 15.18
37820.00 15.15
37830.00 15.12
37840.00 15.10
37850.00 15.07
37860.00 15.05
37870.00 15.02
37880.00 15.00
37890.00 14.97
37900.00 14.94
37910.00 14.92
37920.00 14.89
37930.00 14.87
37940.00 14.84
37950.00 14.82
37960.00 14.79
37970.00 14.76
37980.00 14.74
37990.00 14.71
38000.00 14.69
38010.00 14.66
38020.00 14.63
38030.00 14.61
38040.00 14.58
38050.00 14.56
38060.00 14.53
38070.00 14.50
38080.00 14.48
38090.00 14.45
38100.00 14.43
38110.00 14.40
38120.00 14.37
38130.00 14.35
38140.00 14.32
38150.00 14.30
38160.00 14.27
38170.00 14.24
38180.00 14.22
38190.00 14.19
38200.00 14.16
38210.00 14.14
38220.00 14.11
38230.00 14.09
38240.00 14.06
38250.00 14.03
38260.00 14.01
38270.00 13.98
38280.00 13.95
38290.00 13.93
38300.00 13.90
38310.00 13.88
38320.00 13.85
38330.00 13.82
38340.00 13.80
38350.00 13.77
38360.00 13.74
38370.00 13.72
38380.00 13.69
38390.00 13.66
38400.00 13.64
38410.00 13.61
38420.00 13.58
38430.00 13.56
38440.00 13.53
38450.00 13.50
38460.00 13.48
38470.00 13.45
38480.00 13.42
38490.00 13.40
38500.00 13.37
38510.00 13.34
38520.00 13.32
38530.00 13.29
38540.00 13.26
38550.00 13.24
38560.00 13.21
38570.00 13.18
38580.00 13.16
38590.00 13.13
38600.00 13.10
38610.00 13.08
38620.00 13.05
38630.00 13.02
38640.00 12.99
38650.00 12.97
38660.00 12.94
38670.00 12.91
38680.00 12.89
38690.00 12.86
38700.00 12.83
38710.00 12.81
38720.00 12.78
38730.00 12.75
38740.00 12.72
38750.00 12.70
38760.00 12.67
38770.00 12.64
38780.00 12.62
38790.00 12.59
38800.00 12.56
38810.00 12.53
38820.00 12.51
38830.00 12.48
38840.00 12.45
38850.00 12.43
38860.00 12.40
38870.00 12.37
38880.00 12.34
38890.00 12.32
38900.00 12.29
38910.00 12.26
38920.00 12.23
38930.00 12.21
38940.00 12.18
38950.00 12.15
38960.00 12.13
38970.00 12.10
38980.00 12.07
38990.00 12.04
39000.00 12.02
39010.00 11.99
39020.00 11.96
39030.00 11.93
39040.00 11.91
39050.00 11.88
39060.00 11.85
39070.00 11.82
39080.00 11.79
39090.00 11.77
39100.00 11.74
39110.00 11.71
39120.00 11.68
39130.00 11.66
39140.00 11.63
39150.00 11.60
39160.00 11.57
39170.00 11.55
39180.00 11.52
39190.00 11.49
39200.00 11.46
39210.00 11.43
39220.00 11.41
39230.00 11.38
39240.00 11.35
39250.00 11.32
39260.00 11.30
39270.00 11.27
39280.00 11.24
39290.00 11.21
39300.00 11.18
39310.00 11.16
39320.00 11.13
39330.00 11.10
39340.00 11.07
39350.00 11.04
39360.00 11.02
39370.00 10.99
39380.00 10.96
39390.00 10.93
39400.00 10.90
39410.00 10.88
39420.00 10.85
39430.00 10.82
39440.00 10.79
39450.00 10.76
39460.00 10.73
39470.00 10.71
39480.00 10.68
39490.00 10.65
39500.00 10.62
39510.00 10.59
39520.00 10.56
39530.00 10.54
39540.00 10.51
39550.00 10.48
39560.00 10.45
39570.00 10.42
39580.00 10.39
39590.00 10.37
39600.00 10.34
39610.00 10.31
39620.00 10.28
39630.00 10.25
39640.00 10.22
39650.00 10.20
39660.00 10.17
39670.00 10.14
39680.00 10.11
39690.00 10.08
39700.00 10.05
39710.00 10.02
39720.00 10.00
39730.00 9.97
39740.00 9.94
39750.00 9.91
39760.00 9.88
39770.00 9.85
39780.00 9.82
39790.00 9.79
39800.00 9.77
39810.00 9.74
39820.00 9.71
39830.00 9.68
39840.00 9.65
39850.00 9.62
39860.00 9.59
39870.00 9.56
39880.00 9.54
39890.00 9.51
39900.00 9.48
39910.00 9.45
39920.00 9.42
39930.00 9.39
39940.00 9.36
39950.00 9.33
39960.00 9.30
39970.00 9.27
39980.00 9.25
39990.00 9.22
40000.00 9.19
40010.00 9.16
40020.00 9.13
40030.00 9.10
40040.00 9.07
40050.00 9.04
40060.00 9.01
40070.00 8.98
40080.00 8.95
40090.00 8.93
40100.00 8.90
40110.00 8.87
40120.00 8.84
40130.00 8.81
40140.00 8.78
40150.00 8.75
40160.00 8.72
40170.00 8.69
40180.00 8.66
40190.00 8.63
40200.00 8.60
40210.00 8.57
40220.00 8.54
40230.00 8.52
40240.00 8.49
40250.00 8.46
40260.00 8.43
40270.00 8.40
40280.00 8.37
40290.00 8.34
40300.00 8.31
40310.00 8.28
40320.00 8.25
40330.00 8.22
40340.00 8.19
40350.00 8.16
40360.00 8.13
40370.00 8.10
40380.00 8.07
40390.00 8.04
40400.00 8.01
40410.00 7.98
40420.00 7.95
40430.00 7.92
40440.00 7.89
40450.00 7.86
40460.00 7.83
40470.00 7.80
40480.00 7.77
40490.00 7.74
40500.00 7.72
40510.00 7.69
40520.00 7.66
40530.00 7.63
40540.00 7.60
40550.00 7.57
40560.00 7.54
40570.00 7.51
40580.00 7.48
40590.00 7.45
40600.00 7.42
40610.00 7.39
40620.00 7.36
40630.00 7.33
40640.00 7.30
40650.00 7.27
40660.00 7.24
40670.00 7.21
40680.00 7.18
40690.00 7.15
40700.00 7.12
40710.00 7.08
40720.00 7.05
40730.00 7.02
40740.00 6.99
40750.00 6.96
40760.00 6.93
40770.00 6.90
40780.00 6.87
40790.00 6.84
40800.00 6.81
40810.00 6.78
40820.00 6.75
40830.00 6.72
40840.00 6.69
40850.00 6.66
40860.00 6.63
40870.00 6.60
40880.00 6.57
40890.00 6.54
40900.00 6.51
40910.00 6.48
40920.00 6.45
40930.00 6.42
40940.00 6.39
40950.00 6.36
40960.00 6.33
40970.00 6.30
40980.00 6.26
40990.00 6.23
41000.00 6.20
41010.00 6.17
41020.00 6.14
41030.00 6.11
41040.00 6.08
41050.00 6.05
41060.00 6.02
41070.00 5.99
41080.00 5.96
41090.00 5.93
41100.00 5.90
41110.00 5.87
41120.00 5.83
41130.00 5.80
41140.00 5.77
41150.00 5.74
41160.00 5.71
41170.00 5.68
41180.00 5.65
41190.00 5.62
41200.00 5.59
41210.00 5.56
41220.00 5.53
41230.00 5.49
41240.00 5.46
41250.00 5.43
41260.00 5.40
41270.00 5.37
41280.00 5.34
41290.00 5.31
41300.00 5.28
41310.00 5.25
41320.00 5.22
41330.00 5.18
41340.00 5.15
41350.00 5.12
41360.00 5.09
41370.00 5.06
41380.00 5.03
41390.00 5.00
41400.00 4.97
41410.00 4.93
41420.00 4.90
41430.00 4.87
41440.00 4.84
41450.00 4.81
41460.00 4.78
41470.00 4.75
41480.00 4.72
41490.00 4.68
41500.00 4.65
41510.00 4.62
41520.00 4.59
41530.00 4.56
41540.00 4.53
41550.00 4.50
41560.00 4.46
41570.00 4.43
41580.00 4.40
41590.00 4.37
41600.00 4.34
41610.00 4.31
41620.00 4.27
41630.00 4.24
41640.00 4.21
41650.00 4.18
41660.00 4.15
41670.00 4.12
41680.00 4.08
41690.00 4.05
41700.00 4.02
41710.00 3.99
41720.00 3.96
41730.00 3.93
41740.00 3.89
41750.00 3.86
41760.00 3.83
41770.00 3.80
41780.00 3.77
41790.00 3.73
41800.00 3.70
41810.00 3.67
41820.00 3.64
41830.00 3.61
41840.00 3.58
41850.00 3.54
41860.00 3.51
41870.00 3.48
41880.00 3.45
41890.00 3.42
41900.00 3.38
41910.00 3.35
41920.00 3.32
41930.00 3.29
41940.00 3.25
41950.00 3.22
41960.00 3.19
41970.00 3.16
41980.00 3.13
41990.00 3.09
42000.00 3.06
42010.00 3.03
42020.00 3.00
42030.00 2.97
42040.00 2.93
42050.00 2.90
42060.00 2.87
42070.00 2.84
42080.00 2.80
42090.00 2.77
42100.00 2.74
42110.00 2.71
42120.00 2.67
42130.00 2.64
42140.00 2.61
42150.00 2.58
42160.00 2.54
42170.00 2.51
42180.00 2.48
42190.00 2.45
42200.00 2.41
42210.00 2.38
42220.00 2.35
42230.00 2.32
42240.00 2.28
42250.00 2.25
42260.00 2.22
42270.00 2.19
42280.00 2.15
42290.00 2.12
42300.00 2.09
42310.00 2.06
42320.00 2.02
42330.00 1.99
42340.00 1.96
42350.00 1.93
42360.00 1.89
42370.00 1.86
42380.00 1.83
42390.00 1.79
42400.00 1.76
42410.00 1.73
42420.00 1.70
42430.00 1.66
42440.00 1.63
42450.00 1.60
42460.00 1.56
42470.00 1.53
42480.00 1.50
42490.00 1.47
42500.00 1.43
42510.00 1.40
42520.00 1.37
42530.00 1.33
42540.00 1.30
42550.00 1.27
42560.00 1.23
42570.00 1.20
42580.00 1.17
42590.00 1.14
42600.00 1.10
42610.00 1.07
42620.00 1.04
42630.00 1.00
42640.00 0.97
42650.00 0.94
42660.00 0.90
42670.00 0.87
42680.00 0.84
42690.00 0.80
42700.00 0.77
42710.00 0.74
42720.00 0.70
42730.00 0.67
42740.00 0.64
42750.00 0.60
42760.00 0.57
42770.00 0.54
42780.00 0.50
42790.00 0.47
42800.00 0.44
42810.00 0.40
42820.00 0.37
42830.00 0.34
42840.00 0.30
42850.00 0.27
42860.00 0.24
42870.00 0.20
42880.00 0.17
42890.00 0.13
42900.00 0.10
42910.00 0.07
42920.00 0.03
42930.00 0.00
