0.00 223.45
10.00 223.50
20.00 223.54
30.00 224.85
40.00 224.89
50.00 223.64
60.00 221.88
70.00 219.63
80.00 215.77
90.00 211.91
100.00 208.56
110.00 205.20
120.00 202.15
130.00 199.79
140.00 197.80
150.00 195.94
160.00 194.69
170.00 194.23
180.00 194.27
190.00 194.32
200.00 193.36
210.00 190.31
220.00 186.95
230.00 184.39
240.00 182.54
250.00 180.25
260.00 178.99
270.00 178.03
280.00 176.98
290.00 176.22
300.00 175.26
310.00 174.51
320.00 174.85
330.00 172.80
340.00 173.14
350.00 172.68
360.00 172.13
370.00 172.13
380.00 171.18
390.00 170.42
400.00 169.47
410.00 170.81
420.00 169.55
430.00 167.80
440.00 166.54
450.00 164.68
460.00 155.93
470.00 148.97
480.00 152.88
490.00 147.42
500.00 142.76
510.00 137.11
520.00 130.95
530.00 123.70
540.00 122.74
550.00 122.78
560.00 122.83
570.00 122.27
580.00 123.61
590.00 125.76
600.00 121.86
610.00 122.71
620.00 123.55
630.00 122.79
640.00 123.34
650.00 123.38
660.00 122.92
670.00 122.66
680.00 122.01
690.00 119.15
700.00 116.89
710.00 112.70
720.00 110.94
730.00 109.19
740.00 107.13
750.00 105.07
760.00 101.52
770.00 97.86
780.00 95.80
790.00 93.55
800.00 90.99
810.00 90.99
820.00 87.90
830.00 85.84
840.00 84.88
850.00 84.92
860.00 84.67
870.00 83.41
880.00 83.15
890.00 81.90
900.00 79.64
910.00 77.58
920.00 75.02
930.00 74.27
940.00 71.67
950.00 71.02
960.00 70.46
970.00 70.30
980.00 70.04
990.00 70.39
1000.00 71.23
1010.00 71.27
1020.00 70.72
1030.00 70.56
1040.00 70.30
1050.00 69.51
1060.00 69.55
1070.00 69.59
1080.00 69.43
1090.00 68.68
1100.00 67.72
1110.00 66.46
1120.00 63.80
1130.00 60.25
1140.00 58.19
1150.00 56.93
1160.00 55.14
1170.00 53.58
1180.00 52.32
1190.00 50.57
1200.00 50.61
1210.00 50.15
1220.00 49.39
1230.00 48.94
1240.00 48.98
1250.00 48.22
1260.00 47.76
1270.00 48.60
1280.00 48.61
1290.00 48.65
1300.00 48.69
1310.00 48.94
1320.00 49.28
1330.00 49.32
1340.00 49.36
1350.00 48.91
1360.00 49.15
1370.00 49.19
1380.00 49.23
1390.00 49.04
1400.00 47.28
1410.00 44.92
1420.00 42.16
1430.00 39.31
1440.00 36.45
1450.00 31.89
1460.00 27.43
1470.00 22.57
1480.00 17.12
1490.00 16.96
1500.00 15.20
1510.00 12.01
1520.00 10.55
1530.00 9.79
1540.00 8.53
1550.00 8.57
1560.00 9.11
1570.00 11.26
1580.00 12.60
1590.00 13.64
1600.00 14.28
1610.00 14.32
1620.00 12.23
1630.00 11.17
1640.00 10.51
1650.00 10.25
1660.00 10.00
1670.00 11.34
1680.00 11.98
1690.00 12.72
1700.00 12.76
1710.00 13.10
1720.00 13.14
1730.00 12.15
1740.00 11.89
1750.00 11.63
1760.00 11.17
1770.00 11.02
1780.00 9.96
1790.00 10.50
1800.00 10.54
1810.00 10.58
1820.00 10.62
1830.00 10.66
1840.00 10.71
1850.00 10.71
1860.00 8.15
1870.00 5.89
1880.00 4.14
1890.00 2.58
1900.00 1.32
1910.00 0.36
1920.00 0.00
1930.00 0.04
1940.00 0.08
1950.00 0.12
1960.00 0.13
1970.00 0.17
1980.00 0.21
1990.00 0.25
2000.00 0.29
2010.00 0.33
2020.00 0.38
2030.00 0.42
2040.00 0.46
2050.00 0.50
2060.00 0.54
2070.00 0.54
2080.00 0.59
2090.00 0.63
2100.00 0.67
2110.00 0.71
2120.00 0.75
2130.00 0.79
2140.00 0.83
2150.00 0.87
2160.00 0.91
2170.00 0.95
2180.00 0.99
2190.00 1.00
2200.00 1.04
2210.00 1.08
2220.00 1.12
2230.00 1.16
2240.00 1.20
2250.00 1.24
2260.00 1.28
2270.00 1.32
2280.00 1.37
2290.00 1.41
2300.00 1.41
2310.00 1.45
2320.00 1.49
2330.00 1.53
2340.00 1.57
2350.00 1.61
2360.00 1.65
2370.00 1.69
2380.00 1.73
2390.00 1.78
2400.00 1.82
2410.00 1.86
2420.00 1.86
2430.00 1.90
2440.00 1.94
2450.00 1.98
2460.00 2.02
2470.00 2.06
2480.00 2.10
2490.00 2.14
2500.00 2.18
2510.00 2.22
2520.00 2.26
2530.00 2.27
2540.00 2.31
2550.00 2.35
2560.00 2.39
2570.00 2.43
2580.00 2.47
2590.00 2.51
2600.00 2.55
2610.00 2.59
2620.00 2.63
2630.00 2.67
2640.00 2.67
2650.00 2.71
2660.00 2.75
2670.00 2.79
2680.00 2.83
2690.00 2.87
2700.00 2.91
2710.00 2.95
2720.00 2.99
2730.00 3.03
2740.00 3.07
2750.00 3.11
2760.00 3.12
2770.00 3.16
2780.00 3.20
2790.00 3.24
2800.00 3.28
2810.00 3.32
2820.00 3.36
2830.00 3.40
2840.00 3.44
2850.00 3.48
2860.00 3.52
2870.00 3.52
2880.00 3.56
2890.00 3.60
2900.00 3.64
2910.00 3.68
2920.00 3.72
2930.00 3.76
2940.00 3.80
2950.00 3.84
2960.00 3.88
2970.00 3.92
2980.00 3.92
2990.00 3.96
3000.00 4.00
3010.00 4.04
3020.00 4.08
3030.00 4.12
3040.00 4.16
3050.00 4.20
3060.00 4.23
3070.00 4.27
3080.00 4.31
3090.00 4.35
3100.00 4.36
3110.00 4.40
3120.00 4.43
3130.00 4.47
3140.00 4.51
3150.00 4.55
3160.00 4.59
3170.00 4.63
3180.00 4.67
3190.00 4.71
3200.00 4.75
3210.00 4.75
3220.00 4.79
3230.00 4.83
3240.00 4.87
3250.00 4.91
3260.00 4.95
3270.00 4.99
3280.00 5.03
3290.00 5.06
3300.00 5.10
3310.00 5.14
3320.00 5.18
3330.00 5.18
3340.00 5.22
3350.00 5.26
3360.00 5.30
3370.00 5.34
3380.00 5.38
3390.00 5.38
3400.00 5.42
3410.00 5.46
3420.00 5.50
3430.00 5.53
3440.00 5.54
3450.00 5.58
3460.00 5.62
3470.00 5.65
3480.00 5.69
3490.00 5.73
3500.00 5.77
3510.00 5.81
3520.00 5.85
3530.00 5.89
3540.00 5.93
3550.00 5.93
3560.00 5.97
3570.00 6.00
3580.00 6.04
3590.00 6.08
3600.00 6.12
3610.00 6.16
3620.00 6.20
3630.00 6.24
3640.00 6.27
3650.00 6.31
3660.00 6.35
3670.00 6.35
3680.00 6.39
3690.00 6.43
3700.00 6.47
3710.00 6.51
3720.00 6.55
3730.00 6.58
3740.00 6.62
3750.00 6.66
3760.00 6.70
3770.00 6.74
3780.00 6.74
3790.00 6.78
3800.00 6.82
3810.00 6.85
3820.00 6.89
3830.00 6.93
3840.00 6.97
3850.00 7.01
3860.00 7.05
3870.00 7.08
3880.00 7.12
3890.00 7.12
3900.00 7.16
3910.00 7.20
3920.00 7.24
3930.00 7.28
3940.00 7.31
3950.00 7.35
3960.00 7.39
3970.00 7.43
3980.00 7.47
3990.00 7.50
4000.00 7.54
4010.00 7.54
4020.00 7.58
4030.00 7.62
4040.00 7.66
4050.00 7.70
4060.00 7.73
4070.00 7.77
4080.00 7.81
4090.00 7.85
4100.00 7.89
4110.00 7.92
4120.00 7.92
4130.00 7.96
4140.00 8.00
4150.00 8.04
4160.00 8.08
4170.00 8.11
4180.00 8.15
4190.00 8.19
4200.00 8.23
4210.00 8.26
4220.00 8.30
4230.00 8.30
4240.00 8.34
4250.00 8.38
4260.00 8.42
4270.00 8.45
4280.00 8.49
4290.00 8.53
4300.00 8.57
4310.00 8.60
4320.00 8.64
4330.00 8.68
4340.00 8.72
4350.00 8.72
4360.00 8.75
4370.00 8.79
4380.00 8.83
4390.00 8.87
4400.00 8.90
4410.00 8.94
4420.00 8.98
4430.00 9.02
4440.00 9.05
4450.00 9.09
4460.00 9.09
4470.00 9.13
4480.00 9.16
4490.00 9.20
4500.00 9.24
4510.00 9.28
4520.00 9.31
4530.00 9.35
4540.00 9.39
4550.00 9.43
4560.00 9.46
4570.00 9.50
4580.00 9.50
4590.00 9.54
4600.00 9.57
4610.00 9.61
4620.00 9.65
4630.00 9.68
4640.00 9.72
4650.00 9.76
4660.00 9.80
4670.00 9.83
4680.00 9.87
4690.00 9.87
4700.00 9.91
4710.00 9.94
4720.00 9.98
4730.00 10.02
4740.00 10.05
4750.00 10.09
4760.00 10.13
4770.00 10.16
4780.00 10.20
4790.00 10.24
4800.00 10.24
4810.00 10.27
4820.00 10.31
4830.00 10.35
4840.00 10.38
4850.00 10.42
4860.00 10.46
4870.00 10.49
4880.00 10.53
4890.00 10.57
4900.00 10.60
4910.00 10.64
4920.00 10.64
4930.00 10.68
4940.00 10.71
4950.00 10.75
4960.00 10.79
4970.00 10.82
4980.00 10.86
4990.00 10.90
5000.00 10.93
5010.00 10.97
5020.00 11.01
5030.00 11.01
5040.00 11.04
5050.00 11.08
5060.00 11.11
5070.00 11.15
5080.00 11.19
5090.00 11.22
5100.00 11.26
5110.00 11.30
5120.00 11.33
5130.00 11.37
5140.00 11.37
5150.00 11.40
5160.00 11.44
5170.00 11.48
5180.00 11.51
5190.00 11.55
5200.00 11.58
5210.00 11.62
5220.00 11.66
5230.00 11.69
5240.00 11.73
5250.00 11.76
5260.00 11.76
5270.00 11.80
5280.00 11.84
5290.00 11.87
5300.00 11.91
5310.00 11.94
5320.00 11.98
5330.00 12.02
5340.00 12.05
5350.00 12.09
5360.00 12.12
5370.00 12.12
5380.00 12.16
5390.00 12.19
5400.00 12.23
5410.00 12.27
5420.00 12.30
5430.00 12.34
5440.00 12.37
5450.00 12.41
5460.00 12.44
5470.00 12.48
5480.00 12.52
5490.00 12.51
5500.00 12.55
5510.00 12.59
5520.00 12.62
5530.00 12.66
5540.00 12.69
5550.00 12.73
5560.00 12.76
5570.00 12.80
5580.00 12.83
5590.00 12.87
5600.00 12.87
5610.00 12.90
5620.00 12.94
5630.00 12.98
5640.00 13.01
5650.00 13.05
5660.00 13.08
5670.00 13.12
5680.00 13.15
5690.00 13.19
5700.00 13.22
5710.00 13.22
5720.00 13.26
5730.00 13.29
5740.00 13.33
5750.00 13.36
5760.00 13.40
5770.00 13.43
5780.00 13.47
5790.00 13.50
5800.00 13.54
5810.00 13.57
5820.00 13.61
5830.00 13.61
5840.00 13.64
5850.00 13.68
5860.00 13.71
5870.00 13.75
5880.00 13.78
5890.00 13.82
5900.00 13.85
5910.00 13.89
5920.00 13.92
5930.00 13.96
5940.00 13.96
5950.00 13.99
5960.00 14.03
5970.00 14.06
5980.00 14.06
5990.00 14.09
6000.00 14.13
6010.00 14.16
6020.00 14.20
6030.00 14.23
6040.00 14.27
6050.00 14.27
6060.00 14.30
6070.00 14.34
6080.00 14.37
6090.00 14.41
6100.00 14.44
6110.00 14.48
6120.00 14.51
6130.00 14.54
6140.00 14.58
6150.00 14.61
6160.00 14.65
6170.00 14.65
6180.00 14.68
6190.00 14.72
6200.00 14.75
6210.00 14.78
6220.00 14.82
6230.00 14.85
6240.00 14.89
6250.00 14.92
6260.00 14.96
6270.00 14.99
6280.00 14.99
6290.00 15.02
6300.00 15.06
6310.00 15.09
6320.00 15.13
6330.00 15.16
6340.00 15.20
6350.00 15.23
6360.00 15.26
6370.00 15.30
6380.00 15.33
6390.00 15.37
6400.00 15.36
6410.00 15.40
6420.00 15.43
6430.00 15.47
6440.00 15.50
6450.00 15.53
6460.00 15.57
6470.00 15.60
6480.00 15.64
6490.00 15.67
6500.00 15.71
6510.00 15.70
6520.00 15.74
6530.00 15.77
6540.00 15.80
6550.00 15.84
6560.00 15.87
6570.00 15.91
6580.00 15.94
6590.00 15.97
6600.00 16.01
6610.00 16.04
6620.00 16.04
6630.00 16.07
6640.00 16.11
6650.00 16.14
6660.00 16.17
6670.00 16.21
6680.00 16.24
6690.00 16.28
6700.00 16.31
6710.00 16.34
6720.00 16.38
6730.00 16.41
6740.00 16.41
6750.00 16.44
6760.00 16.48
6770.00 16.51
6780.00 16.54
6790.00 16.58
6800.00 16.61
6810.00 16.64
6820.00 16.68
6830.00 16.71
6840.00 16.74
6850.00 16.74
6860.00 16.77
6870.00 16.81
6880.00 16.84
6890.00 16.87
6900.00 16.91
6910.00 16.94
6920.00 16.97
6930.00 17.01
6940.00 17.04
6950.00 17.08
6960.00 17.07
6970.00 17.10
6980.00 17.14
6990.00 17.17
7000.00 17.20
7010.00 17.24
7020.00 17.27
7030.00 17.30
7040.00 17.34
7050.00 17.37
7060.00 17.40
7070.00 17.44
7080.00 17.43
7090.00 17.47
7100.00 17.50
7110.00 17.53
7120.00 17.57
7130.00 17.60
7140.00 17.63
7150.00 17.67
7160.00 17.70
7170.00 17.73
7180.00 17.76
7190.00 17.76
7200.00 17.79
7210.00 17.83
7220.00 17.86
7230.00 17.89
7240.00 17.93
7250.00 17.96
7260.00 17.99
7270.00 18.02
7280.00 18.06
7290.00 18.09
7300.00 18.12
7310.00 18.12
7320.00 18.15
7330.00 18.18
7340.00 18.22
7350.00 18.25
7360.00 18.28
7370.00 18.31
7380.00 18.35
7390.00 18.38
7400.00 18.41
7410.00 18.45
7420.00 18.44
7430.00 18.47
7440.00 18.51
7450.00 18.54
7460.00 18.57
7470.00 18.60
7480.00 18.64
7490.00 18.67
7500.00 18.70
7510.00 18.73
7520.00 18.77
7530.00 18.76
7540.00 18.79
7550.00 18.83
7560.00 18.86
7570.00 18.89
7580.00 18.92
7590.00 18.96
7600.00 18.99
7610.00 19.02
7620.00 19.05
7630.00 19.09
7640.00 19.12
7650.00 19.11
7660.00 19.15
7670.00 19.18
7680.00 19.21
7690.00 19.24
7700.00 19.27
7710.00 19.31
7720.00 19.34
7730.00 19.37
7740.00 19.40
7750.00 19.44
7760.00 19.43
7770.00 19.46
7780.00 19.49
7790.00 19.53
7800.00 19.56
7810.00 19.59
7820.00 19.62
7830.00 19.65
7840.00 19.69
7850.00 19.72
7860.00 19.75
7870.00 19.75
7880.00 19.78
7890.00 19.81
7900.00 19.84
7910.00 19.87
7920.00 19.90
7930.00 19.94
7940.00 19.97
7950.00 20.00
7960.00 20.03
7970.00 20.06
7980.00 20.10
7990.00 20.09
8000.00 20.12
8010.00 20.15
8020.00 20.19
8030.00 20.22
8040.00 20.25
8050.00 20.28
8060.00 20.31
8070.00 20.34
8080.00 20.37
8090.00 20.41
8100.00 20.40
8110.00 20.43
8120.00 20.46
8130.00 20.50
8140.00 20.53
8150.00 20.56
8160.00 20.59
8170.00 20.62
8180.00 20.65
8190.00 20.68
8200.00 20.72
8210.00 20.71
8220.00 20.74
8230.00 20.77
8240.00 20.80
8250.00 20.84
8260.00 20.87
8270.00 20.90
8280.00 20.93
8290.00 20.96
8300.00 20.99
8310.00 21.02
8320.00 21.05
8330.00 21.05
8340.00 21.08
8350.00 21.11
8360.00 21.14
8370.00 21.17
8380.00 21.20
8390.00 21.24
8400.00 21.27
8410.00 21.30
8420.00 21.33
8430.00 21.36
8440.00 21.35
8450.00 21.38
8460.00 21.42
8470.00 21.45
8480.00 21.48
8490.00 21.51
8500.00 21.54
8510.00 21.57
8520.00 21.60
8530.00 21.63
8540.00 21.66
8550.00 21.69
8560.00 21.66
8570.00 21.69
8580.00 21.72
8590.00 21.75
8600.00 21.78
8610.00 21.81
8620.00 21.84
8630.00 21.87
8640.00 21.90
8650.00 21.93
8660.00 21.96
8670.00 21.96
8680.00 21.99
8690.00 22.02
8700.00 22.05
8710.00 22.08
8720.00 22.11
8730.00 22.14
8740.00 22.17
8750.00 22.20
8760.00 22.23
8770.00 22.26
8780.00 22.26
8790.00 22.29
8800.00 22.32
8810.00 22.35
8820.00 22.38
8830.00 22.41
8840.00 22.44
8850.00 22.47
8860.00 22.50
8870.00 22.53
8880.00 22.56
8890.00 22.59
8900.00 22.59
8910.00 22.62
8920.00 22.65
8930.00 22.68
8940.00 22.71
8950.00 22.74
8960.00 22.77
8970.00 22.80
8980.00 22.83
8990.00 22.86
9000.00 22.89
9010.00 22.88
9020.00 22.91
9030.00 22.94
9040.00 22.97
9050.00 23.00
9060.00 23.03
9070.00 23.06
9080.00 23.09
9090.00 23.12
9100.00 23.15
9110.00 23.18
9120.00 23.17
9130.00 23.20
9140.00 23.23
9150.00 23.26
9160.00 23.29
9170.00 23.32
9180.00 23.35
9190.00 23.38
9200.00 23.41
9210.00 23.44
9220.00 23.47
9230.00 23.50
9240.00 23.50
9250.00 23.52
9260.00 23.55
9270.00 23.58
9280.00 23.61
9290.00 23.64
9300.00 23.67
9310.00 23.70
9320.00 23.73
9330.00 23.76
9340.00 23.79
9350.00 23.78
9360.00 23.81
9370.00 23.84
9380.00 23.87
9390.00 23.90
9400.00 23.93
9410.00 23.96
9420.00 23.99
9430.00 24.02
9440.00 24.05
9450.00 24.08
9460.00 24.11
9470.00 24.10
9480.00 24.13
9490.00 24.16
9500.00 24.19
9510.00 24.22
9520.00 24.25
9530.00 24.28
9540.00 24.31
9550.00 24.34
9560.00 24.37
9570.00 24.39
9580.00 24.39
9590.00 24.42
9600.00 24.45
9610.00 24.47
9620.00 24.50
9630.00 24.53
9640.00 24.56
9650.00 24.59
9660.00 24.62
9670.00 24.65
9680.00 24.68
9690.00 24.67
9700.00 24.70
9710.00 24.73
9720.00 24.76
9730.00 24.79
9740.00 24.82
9750.00 24.84
9760.00 24.87
9770.00 24.90
9780.00 24.93
9790.00 24.96
9800.00 24.99
9810.00 24.98
9820.00 25.01
9830.00 25.04
9840.00 25.07
9850.00 25.10
9860.00 25.13
9870.00 25.15
9880.00 25.18
9890.00 25.21
9900.00 25.24
9910.00 25.27
9920.00 25.26
9930.00 25.29
9940.00 25.32
9950.00 25.35
9960.00 25.38
9970.00 25.40
9980.00 25.43
9990.00 25.46
10000.00 25.49
10010.00 25.52
10020.00 25.55
10030.00 25.54
10040.00 25.57
10050.00 25.59
10060.00 25.62
10070.00 25.65
10080.00 25.68
10090.00 25.71
10100.00 25.74
10110.00 25.77
10120.00 25.79
10130.00 25.82
10140.00 25.85
10150.00 25.84
10160.00 25.87
10170.00 25.90
10180.00 25.93
10190.00 25.96
10200.00 25.98
10210.00 26.01
10220.00 26.04
10230.00 26.07
10240.00 26.10
10250.00 26.12
10260.00 26.12
10270.00 26.14
10280.00 26.17
10290.00 26.20
10300.00 26.23
10310.00 26.26
10320.00 26.28
10330.00 26.31
10340.00 26.34
10350.00 26.37
10360.00 26.40
10370.00 26.42
10380.00 26.42
10390.00 26.44
10400.00 26.47
10410.00 26.50
10420.00 26.53
10430.00 26.55
10440.00 26.58
10450.00 26.61
10460.00 26.64
10470.00 26.67
10480.00 26.69
10490.00 26.68
10500.00 26.71
10510.00 26.74
10520.00 26.77
10530.00 26.80
10540.00 26.82
10550.00 26.85
10560.00 26.88
10570.00 26.91
10580.00 26.93
10590.00 26.96
10600.00 26.95
10610.00 26.98
10620.00 27.01
10630.00 27.04
10640.00 27.06
10650.00 27.09
10660.00 27.12
10670.00 27.15
10680.00 27.17
10690.00 27.20
10700.00 27.23
10710.00 27.26
10720.00 27.25
10730.00 27.27
10740.00 27.30
10750.00 27.33
10760.00 27.36
10770.00 27.38
10780.00 27.41
10790.00 27.44
10800.00 27.46
10810.00 27.49
10820.00 27.52
10830.00 27.51
10840.00 27.54
10850.00 27.56
10860.00 27.59
10870.00 27.62
10880.00 27.65
10890.00 27.67
10900.00 27.70
10910.00 27.73
10920.00 27.75
10930.00 27.78
10940.00 27.77
10950.00 27.80
10960.00 27.83
10970.00 27.85
10980.00 27.88
10990.00 27.91
11000.00 27.93
11010.00 27.96
11020.00 27.99
11030.00 28.01
11040.00 28.04
11050.00 28.07
11060.00 28.06
11070.00 28.08
11080.00 28.11
11090.00 28.14
11100.00 28.17
11110.00 28.19
11120.00 28.22
11130.00 28.25
11140.00 28.25
11150.00 28.27
11160.00 28.30
11170.00 28.29
11180.00 28.32
11190.00 28.34
11200.00 28.37
11210.00 28.40
11220.00 28.42
11230.00 28.45
11240.00 28.48
11250.00 28.50
11260.00 28.53
11270.00 28.56
11280.00 28.58
11290.00 28.57
11300.00 28.60
11310.00 28.62
11320.00 28.65
11330.00 28.68
11340.00 28.70
11350.00 28.73
11360.00 28.76
11370.00 28.78
11380.00 28.81
11390.00 28.84
11400.00 28.83
11410.00 28.85
11420.00 28.88
11430.00 28.90
11440.00 28.93
11450.00 28.96
11460.00 28.98
11470.00 29.01
11480.00 29.04
11490.00 29.06
11500.00 29.09
11510.00 29.08
11520.00 29.10
11530.00 29.13
11540.00 29.16
11550.00 29.18
11560.00 29.21
11570.00 29.23
11580.00 29.26
11590.00 29.29
11600.00 29.31
11610.00 29.34
11620.00 29.36
11630.00 29.35
11640.00 29.38
11650.00 29.41
11660.00 29.43
11670.00 29.46
11680.00 29.48
11690.00 29.51
11700.00 29.54
11710.00 29.56
11720.00 29.59
11730.00 29.61
11740.00 29.60
11750.00 29.63
11760.00 29.65
11770.00 29.68
11780.00 29.70
11790.00 29.73
11800.00 29.76
11810.00 29.78
11820.00 29.81
11830.00 29.83
11840.00 29.86
11850.00 29.85
11860.00 29.87
11870.00 29.90
11880.00 29.92
11890.00 29.95
11900.00 29.98
11910.00 30.00
11920.00 30.03
11930.00 30.05
11940.00 30.08
11950.00 30.10
11960.00 30.13
11970.00 30.12
11980.00 30.14
11990.00 30.17
12000.00 30.19
12010.00 30.22
12020.00 30.24
12030.00 30.27
12040.00 30.30
12050.00 30.32
12060.00 30.35
12070.00 30.37
12080.00 30.36
12090.00 30.38
12100.00 30.41
12110.00 30.44
12120.00 30.46
12130.00 30.49
12140.00 30.51
12150.00 30.54
12160.00 30.56
12170.00 30.59
12180.00 30.61
12190.00 30.60
12200.00 30.62
12210.00 30.65
12220.00 30.67
12230.00 30.70
12240.00 30.73
12250.00 30.75
12260.00 30.78
12270.00 30.80
12280.00 30.83
12290.00 30.85
12300.00 30.88
12310.00 30.86
12320.00 30.89
12330.00 30.91
12340.00 30.94
12350.00 30.96
12360.00 30.99
12370.00 31.01
12380.00 31.04
12390.00 31.06
12400.00 31.09
12410.00 31.11
12420.00 31.10
12430.00 31.12
12440.00 31.15
12450.00 31.17
12460.00 31.20
12470.00 31.22
12480.00 31.25
12490.00 31.27
12500.00 31.30
12510.00 31.32
12520.00 31.35
12530.00 31.37
12540.00 31.36
12550.00 31.38
12560.00 31.41
12570.00 31.43
12580.00 31.46
12590.00 31.48
12600.00 31.51
12610.00 31.53
12620.00 31.55
12630.00 31.58
12640.00 31.60
12650.00 31.59
12660.00 31.61
12670.00 31.64
12680.00 31.66
12690.00 31.69
12700.00 31.71
12710.00 31.74
12720.00 31.76
12730.00 31.78
12740.00 31.81
12750.00 31.83
12760.00 31.82
12770.00 31.84
12780.00 31.87
12790.00 31.89
12800.00 31.92
12810.00 31.94
12820.00 31.97
12830.00 31.99
12840.00 32.01
12850.00 32.04
12860.00 32.06
12870.00 32.09
12880.00 32.07
12890.00 32.10
12900.00 32.12
12910.00 32.14
12920.00 32.17
12930.00 32.19
12940.00 32.22
12950.00 32.24
12960.00 32.26
12970.00 32.29
12980.00 32.31
12990.00 32.30
13000.00 32.32
13010.00 32.35
13020.00 32.37
13030.00 32.39
13040.00 32.42
13050.00 32.44
13060.00 32.47
13070.00 32.49
13080.00 32.51
13090.00 32.54
13100.00 32.52
13110.00 32.55
13120.00 32.57
13130.00 32.59
13140.00 32.62
13150.00 32.64
13160.00 32.67
13170.00 32.69
13180.00 32.71
13190.00 32.74
13200.00 32.76
13210.00 32.78
13220.00 32.77
13230.00 32.79
13240.00 32.82
13250.00 32.84
13260.00 32.86
13270.00 32.89
13280.00 32.91
13290.00 32.93
13300.00 32.96
13310.00 32.98
13320.00 33.00
13330.00 32.99
13340.00 33.01
13350.00 33.04
13360.00 33.06
13370.00 33.08
13380.00 33.11
13390.00 33.13
13400.00 33.15
13410.00 33.18
13420.00 33.20
13430.00 33.22
13440.00 33.25
13450.00 33.23
13460.00 33.25
13470.00 33.28
13480.00 33.30
13490.00 33.32
13500.00 33.35
13510.00 33.37
13520.00 33.39
13530.00 33.42
13540.00 33.44
13550.00 33.46
13560.00 33.45
13570.00 33.47
13580.00 33.49
13590.00 33.52
13600.00 33.54
13610.00 33.56
13620.00 33.59
13630.00 33.61
13640.00 33.63
13650.00 33.65
13660.00 33.68
13670.00 33.66
13680.00 33.68
13690.00 33.71
13700.00 33.73
13710.00 33.75
13720.00 33.75
13730.00 33.78
13740.00 33.80
13750.00 33.82
13760.00 33.84
13770.00 33.87
13780.00 33.89
13790.00 33.87
13800.00 33.90
13810.00 33.92
13820.00 33.94
13830.00 33.96
13840.00 33.99
13850.00 34.01
13860.00 34.03
13870.00 34.05
13880.00 34.08
13890.00 34.10
13900.00 34.08
13910.00 34.11
13920.00 34.13
13930.00 34.15
13940.00 34.17
13950.00 34.20
13960.00 34.22
13970.00 34.24
13980.00 34.26
13990.00 34.29
14000.00 34.31
14010.00 34.29
14020.00 34.32
14030.00 34.34
14040.00 34.36
14050.00 34.38
14060.00 34.40
14070.00 34.43
14080.00 34.45
14090.00 34.47
14100.00 34.49
14110.00 34.52
14120.00 34.54
14130.00 34.52
14140.00 34.54
14150.00 34.57
14160.00 34.59
14170.00 34.61
14180.00 34.63
14190.00 34.65
14200.00 34.68
14210.00 34.70
14220.00 34.72
14230.00 34.74
14240.00 34.73
14250.00 34.75
14260.00 34.77
14270.00 34.79
14280.00 34.81
14290.00 34.84
14300.00 34.86
14310.00 34.88
14320.00 34.90
14330.00 34.92
14340.00 34.95
14350.00 34.97
14360.00 34.95
14370.00 34.97
14380.00 34.99
14390.00 35.02
14400.00 35.04
14410.00 35.06
14420.00 35.08
14430.00 35.10
14440.00 35.13
14450.00 35.15
14460.00 35.17
14470.00 35.15
14480.00 35.17
14490.00 35.20
14500.00 35.22
14510.00 35.24
14520.00 35.26
14530.00 35.28
14540.00 35.30
14550.00 35.32
14560.00 35.35
14570.00 35.37
14580.00 35.35
14590.00 35.37
14600.00 35.39
14610.00 35.42
14620.00 35.44
14630.00 35.46
14640.00 35.48
14650.00 35.50
14660.00 35.52
14670.00 35.54
14680.00 35.56
14690.00 35.59
14700.00 35.57
14710.00 35.59
14720.00 35.61
14730.00 35.63
14740.00 35.65
14750.00 35.67
14760.00 35.70
14770.00 35.72
14780.00 35.74
14790.00 35.76
14800.00 35.78
14810.00 35.76
14820.00 35.78
14830.00 35.81
14840.00 35.83
14850.00 35.85
14860.00 35.87
14870.00 35.89
14880.00 35.91
14890.00 35.93
14900.00 35.95
14910.00 35.97
14920.00 35.96
14930.00 35.98
14940.00 36.00
14950.00 36.02
14960.00 36.04
14970.00 36.06
14980.00 36.08
14990.00 36.10
15000.00 36.12
15010.00 36.14
15020.00 36.46
15030.00 36.69
15040.00 37.07
15050.00 36.49
15060.00 36.21
15070.00 36.23
15080.00 36.25
15090.00 36.27
15100.00 36.29
15110.00 36.31
15120.00 36.33
15130.00 36.35
15140.00 36.37
15150.00 36.36
15160.00 36.38
15170.00 36.40
15180.00 36.42
15190.00 36.44
15200.00 36.46
15210.00 36.48
15220.00 36.50
15230.00 36.52
15240.00 36.54
15250.00 36.56
15260.00 36.58
15270.00 36.56
15280.00 36.58
15290.00 36.60
15300.00 36.63
15310.00 36.85
15320.00 37.57
15330.00 38.19
15340.00 37.71
15350.00 39.73
15360.00 38.85
15370.00 40.27
15380.00 42.35
15390.00 44.67
15400.00 46.29
15410.00 46.71
15420.00 47.83
15430.00 47.85
15440.00 47.87
15450.00 48.29
15460.00 50.51
15470.00 52.83
15480.00 54.45
15490.00 53.33
15500.00 56.15
15510.00 56.47
15520.00 56.09
15530.00 55.01
15540.00 55.43
15550.00 58.45
15560.00 63.07
15570.00 64.39
15580.00 65.01
15590.00 64.53
15600.00 62.95
15610.00 59.03
15620.00 57.55
15630.00 56.47
15640.00 55.79
15650.00 54.71
15660.00 54.33
15670.00 54.85
15680.00 55.27
15690.00 55.29
15700.00 55.31
15710.00 55.33
15720.00 55.71
15730.00 55.93
15740.00 56.25
15750.00 56.37
15760.00 56.39
15770.00 56.41
15780.00 56.43
15790.00 56.45
15800.00 56.47
15810.00 56.49
15820.00 56.51
15830.00 56.49
15840.00 56.51
15850.00 56.53
15860.00 56.55
15870.00 56.57
15880.00 56.49
15890.00 55.91
15900.00 55.22
15910.00 54.64
15920.00 53.96
15930.00 53.38
15940.00 53.00
15950.00 52.18
15960.00 51.90
15970.00 51.52
15980.00 51.24
15990.00 50.96
16000.00 48.78
16010.00 48.00
16020.00 48.22
16030.00 48.14
16040.00 48.56
16050.00 48.87
16060.00 49.06
16070.00 49.88
16080.00 50.69
16090.00 51.61
16100.00 52.83
16110.00 54.15
16120.00 55.37
16130.00 56.59
16140.00 57.91
16150.00 59.53
16160.00 62.25
16170.00 64.63
16180.00 66.55
16190.00 68.06
16200.00 67.08
16210.00 67.10
16220.00 67.12
16230.00 68.84
16240.00 69.56
16250.00 72.18
16260.00 76.30
16270.00 80.32
16280.00 88.73
16290.00 95.71
16300.00 95.71
16310.00 99.23
16320.00 99.85
16330.00 101.87
16340.00 104.29
16350.00 105.71
16360.00 106.13
16370.00 105.45
16380.00 102.46
16390.00 99.48
16400.00 98.06
16410.00 97.18
16420.00 95.90
16430.00 93.92
16440.00 92.04
16450.00 90.16
16460.00 88.77
16470.00 87.49
16480.00 87.51
16490.00 87.93
16500.00 86.05
16510.00 83.67
16520.00 81.35
16530.00 80.07
16540.00 78.88
16550.00 79.60
16560.00 79.62
16570.00 78.24
16580.00 74.96
16590.00 72.78
16600.00 70.79
16610.00 69.31
16620.00 69.73
16630.00 65.21
16640.00 62.03
16650.00 57.95
16660.00 51.56
16670.00 47.48
16680.00 44.70
16690.00 42.52
16700.00 40.64
16710.00 38.86
16720.00 38.87
16730.00 40.49
16740.00 41.87
16750.00 41.89
16760.00 41.91
16770.00 41.93
16780.00 41.94
16790.00 40.56
16800.00 39.98
16810.00 39.30
16820.00 39.12
16830.00 39.03
16840.00 39.05
16850.00 39.27
16860.00 39.45
16870.00 41.27
16880.00 44.18
16890.00 47.50
16900.00 49.52
16910.00 51.14
16920.00 52.86
16930.00 54.47
16940.00 55.89
16950.00 57.91
16960.00 59.13
16970.00 60.31
16980.00 59.52
16990.00 60.54
17000.00 60.66
17010.00 60.98
17020.00 60.99
17030.00 60.91
17040.00 60.63
17050.00 60.45
17060.00 60.46
17070.00 60.48
17080.00 60.46
17090.00 58.58
17100.00 56.70
17110.00 53.81
17120.00 51.43
17130.00 49.55
17140.00 48.57
17150.00 47.28
17160.00 46.30
17170.00 45.72
17180.00 44.94
17190.00 43.95
17200.00 42.33
17210.00 41.75
17220.00 40.57
17230.00 40.58
17240.00 41.00
17250.00 40.12
17260.00 39.64
17270.00 39.65
17280.00 39.67
17290.00 39.69
17300.00 39.71
17310.00 39.68
17320.00 39.70
17330.00 39.72
17340.00 39.74
17350.00 39.75
17360.00 39.77
17370.00 39.79
17380.00 39.80
17390.00 39.82
17400.00 39.84
17410.00 39.85
17420.00 39.87
17430.00 39.85
17440.00 39.87
17450.00 39.88
17460.00 39.90
17470.00 39.92
17480.00 39.94
17490.00 39.95
17500.00 39.97
17510.00 39.99
17520.00 40.00
17530.00 40.02
17540.00 40.00
17550.00 40.01
17560.00 40.03
17570.00 40.05
17580.00 40.06
17590.00 40.08
17600.00 40.10
17610.00 40.11
17620.00 40.13
17630.00 40.15
17640.00 40.16
17650.00 40.14
17660.00 40.16
17670.00 40.18
17680.00 40.19
17690.00 40.21
17700.00 40.23
17710.00 40.24
17720.00 40.26
17730.00 40.28
17740.00 40.29
17750.00 40.31
17760.00 40.33
17770.00 40.30
17780.00 40.32
17790.00 40.34
17800.00 40.35
17810.00 40.37
17820.00 40.39
17830.00 40.40
17840.00 40.42
17850.00 40.43
17860.00 40.45
17870.00 40.47
17880.00 40.44
17890.00 40.46
17900.00 40.48
17910.00 40.49
17920.00 40.51
17930.00 40.53
17940.00 40.54
17950.00 40.56
17960.00 40.57
17970.00 40.59
17980.00 40.61
17990.00 40.58
18000.00 40.60
18010.00 40.62
18020.00 40.63
18030.00 40.65
18040.00 40.66
18050.00 40.68
18060.00 40.70
18070.00 40.71
18080.00 40.73
18090.00 40.74
18100.00 40.76
18110.00 40.74
18120.00 40.75
18130.00 40.77
18140.00 40.79
18150.00 40.80
18160.00 40.82
18170.00 40.83
18180.00 40.85
18190.00 40.86
18200.00 40.88
18210.00 40.90
18220.00 40.87
18230.00 40.89
18240.00 40.90
18250.00 40.92
18260.00 40.94
18270.00 40.95
18280.00 40.97
18290.00 40.98
18300.00 41.00
18310.00 41.01
18320.00 41.03
18330.00 41.05
18340.00 41.02
18350.00 41.04
18360.00 41.05
18370.00 41.07
18380.00 41.08
18390.00 41.10
18400.00 41.12
18410.00 41.13
18420.00 41.15
18430.00 41.16
18440.00 41.18
18450.00 41.15
18460.00 41.17
18470.00 41.18
18480.00 41.20
18490.00 41.22
18500.00 41.23
18510.00 41.25
18520.00 41.26
18530.00 41.28
18540.00 41.29
18550.00 41.31
18560.00 41.28
18570.00 41.30
18580.00 41.31
18590.00 41.33
18600.00 41.34
18610.00 41.36
18620.00 41.37
18630.00 41.39
18640.00 41.40
18650.00 41.42
18660.00 41.44
18670.00 41.45
18680.00 41.43
18690.00 41.44
18700.00 41.46
18710.00 41.47
18720.00 41.49
18730.00 41.50
18740.00 41.52
18750.00 41.53
18760.00 41.55
18770.00 41.56
18780.00 41.58
18790.00 41.55
18800.00 41.57
18810.00 41.58
18820.00 41.60
18830.00 41.61
18840.00 41.63
18850.00 41.64
18860.00 41.66
18870.00 41.67
18880.00 41.67
18890.00 41.69
18900.00 41.66
18910.00 41.68
18920.00 41.69
18930.00 41.71
18940.00 41.72
18950.00 41.73
18960.00 41.75
18970.00 41.76
18980.00 41.78
18990.00 41.79
19000.00 41.81
19010.00 41.82
19020.00 41.80
19030.00 41.81
19040.00 41.83
19050.00 41.84
19060.00 41.86
19070.00 41.87
19080.00 41.88
19090.00 41.90
19100.00 41.91
19110.00 41.93
19120.00 41.94
19130.00 41.92
19140.00 41.93
19150.00 41.95
19160.00 41.96
19170.00 41.97
19180.00 41.99
19190.00 42.00
19200.00 42.02
19210.00 42.03
19220.00 42.05
19230.00 42.06
19240.00 42.07
19250.00 42.05
19260.00 42.06
19270.00 42.08
19280.00 42.09
19290.00 42.11
19300.00 42.12
19310.00 42.13
19320.00 42.15
19330.00 42.16
19340.00 42.18
19350.00 42.19
19360.00 42.17
19370.00 42.18
19380.00 42.19
19390.00 42.21
19400.00 42.22
19410.00 42.24
19420.00 42.25
19430.00 42.26
19440.00 42.28
19450.00 42.29
19460.00 42.30
19470.00 42.28
19480.00 42.29
19490.00 42.31
19500.00 42.32
19510.00 42.33
19520.00 42.35
19530.00 42.36
19540.00 42.38
19550.00 42.39
19560.00 42.40
19570.00 42.42
19580.00 42.43
19590.00 42.41
19600.00 42.42
19610.00 42.43
19620.00 42.45
19630.00 42.46
19640.00 42.47
19650.00 42.49
19660.00 42.50
19670.00 42.51
19680.00 42.53
19690.00 42.54
19700.00 42.52
19710.00 42.53
19720.00 42.54
19730.00 42.56
19740.00 42.57
19750.00 42.58
19760.00 42.60
19770.00 42.61
19780.00 42.62
19790.00 42.64
19800.00 42.65
19810.00 42.62
19820.00 42.64
19830.00 42.65
19840.00 42.66
19850.00 42.68
19860.00 42.69
19870.00 42.70
19880.00 42.72
19890.00 42.73
19900.00 42.74
19910.00 42.76
19920.00 42.77
19930.00 42.74
19940.00 42.76
19950.00 42.77
19960.00 42.78
19970.00 42.79
19980.00 42.81
19990.00 42.82
20000.00 42.83
20010.00 42.85
20020.00 42.86
20030.00 42.87
20040.00 42.85
20050.00 42.86
20060.00 42.87
20070.00 42.89
20080.00 42.90
20090.00 42.91
20100.00 42.92
20110.00 42.94
20120.00 42.95
20130.00 42.96
20140.00 42.97
20150.00 42.99
20160.00 42.96
20170.00 42.97
20180.00 42.99
20190.00 43.00
20200.00 43.01
20210.00 43.02
20220.00 43.04
20230.00 43.05
20240.00 43.06
20250.00 43.08
20260.00 43.09
20270.00 43.06
20280.00 43.07
20290.00 43.09
20300.00 43.10
20310.00 43.11
20320.00 43.12
20330.00 43.14
20340.00 43.15
20350.00 43.16
20360.00 43.17
20370.00 43.19
20380.00 43.16
20390.00 43.17
20400.00 43.18
20410.00 43.20
20420.00 43.21
20430.00 43.22
20440.00 43.23
20450.00 43.25
20460.00 43.26
20470.00 43.27
20480.00 43.28
20490.00 43.29
20500.00 43.27
20510.00 43.28
20520.00 43.29
20530.00 43.30
20540.00 43.32
20550.00 43.33
20560.00 43.34
20570.00 43.35
20580.00 43.37
20590.00 43.38
20600.00 43.39
20610.00 44.16
20620.00 45.37
20630.00 45.99
20640.00 47.20
20650.00 49.41
20660.00 51.62
20670.00 52.83
20680.00 53.05
20690.00 54.46
20700.00 54.47
20710.00 52.88
20720.00 52.25
20730.00 50.27
20740.00 48.08
20750.00 46.29
20760.00 46.50
20770.00 45.31
20780.00 44.53
20790.00 43.74
20800.00 43.55
20810.00 43.56
20820.00 43.57
20830.00 43.58
20840.00 43.56
20850.00 43.57
20860.00 43.58
20870.00 43.59
20880.00 43.60
20890.00 43.61
20900.00 43.63
20910.00 43.64
20920.00 43.65
20930.00 43.66
20940.00 43.67
20950.00 43.64
20960.00 43.66
20970.00 43.67
20980.00 43.68
20990.00 43.69
21000.00 43.70
21010.00 43.71
21020.00 43.72
21030.00 43.74
21040.00 43.75
21050.00 43.76
21060.00 43.73
21070.00 43.74
21080.00 43.75
21090.00 43.76
21100.00 43.78
21110.00 43.79
21120.00 43.80
21130.00 43.81
21140.00 43.82
21150.00 43.83
21160.00 43.84
21170.00 43.85
21180.00 43.83
21190.00 43.84
21200.00 43.85
21210.00 43.86
21220.00 43.87
21230.00 43.88
21240.00 43.89
21250.00 43.90
21260.00 43.91
21270.00 43.93
21280.00 43.94
21290.00 43.91
21300.00 43.92
21310.00 43.93
21320.00 43.94
21330.00 43.95
21340.00 43.96
21350.00 43.97
21360.00 43.98
21370.00 44.00
21380.00 44.01
21390.00 44.02
21400.00 44.03
21410.00 44.00
21420.00 44.01
21430.00 44.02
21440.00 44.03
21450.00 44.04
21460.00 44.04
21470.00 44.05
21480.00 44.06
21490.00 44.07
21500.00 44.09
21510.00 44.10
21520.00 44.07
21530.00 44.08
21540.00 44.09
21550.00 44.10
21560.00 44.11
21570.00 44.12
21580.00 44.13
21590.00 44.14
21600.00 44.15
21610.00 44.16
21620.00 44.17
21630.00 44.14
21640.00 44.15
21650.00 44.17
21660.00 44.18
21670.00 44.19
21680.00 44.20
21690.00 44.21
21700.00 44.22
21710.00 44.23
21720.00 44.24
21730.00 44.25
21740.00 44.26
21750.00 44.23
21760.00 44.24
21770.00 44.25
21780.00 44.26
21790.00 44.27
21800.00 44.28
21810.00 44.29
21820.00 44.30
21830.00 44.31
21840.00 44.32
21850.00 44.33
21860.00 44.30
21870.00 44.31
21880.00 44.32
21890.00 44.33
21900.00 44.34
21910.00 44.35
21920.00 44.36
21930.00 44.37
21940.00 44.38
21950.00 44.39
21960.00 44.40
21970.00 44.37
21980.00 44.38
21990.00 44.39
22000.00 44.40
22010.00 44.41
22020.00 44.42
22030.00 44.43
22040.00 44.44
22050.00 44.45
22060.00 44.46
22070.00 44.47
22080.00 44.48
22090.00 44.45
22100.00 44.46
22110.00 44.47
22120.00 44.48
22130.00 44.49
22140.00 44.50
22150.00 44.51
22160.00 44.52
22170.00 44.53
22180.00 44.54
22190.00 44.55
22200.00 44.52
22210.00 44.53
22220.00 44.54
22230.00 44.55
22240.00 44.56
22250.00 44.56
22260.00 44.57
22270.00 44.58
22280.00 44.59
22290.00 44.60
22300.00 44.61
22310.00 44.62
22320.00 44.59
22330.00 44.60
22340.00 44.61
22350.00 44.62
22360.00 44.63
22370.00 44.64
22380.00 44.65
22390.00 44.66
22400.00 44.67
22410.00 44.67
22420.00 44.68
22430.00 44.65
22440.00 44.66
22450.00 44.67
22460.00 44.68
22470.00 44.69
22480.00 44.70
22490.00 44.71
22500.00 44.72
22510.00 44.73
22520.00 44.74
22530.00 44.74
22540.00 44.71
22550.00 44.72
22560.00 44.73
22570.00 44.74
22580.00 44.75
22590.00 44.76
22600.00 44.77
22610.00 44.78
22620.00 44.79
22630.00 44.80
22640.00 44.80
22650.00 44.81
22660.00 44.78
22670.00 44.79
22680.00 44.80
22690.00 44.81
22700.00 44.82
22710.00 44.83
22720.00 44.84
22730.00 44.84
22740.00 44.85
22750.00 44.86
22760.00 44.87
22770.00 44.84
22780.00 44.85
22790.00 44.86
22800.00 44.87
22810.00 44.87
22820.00 44.88
22830.00 44.89
22840.00 44.90
22850.00 44.91
22860.00 44.92
22870.00 44.92
22880.00 44.89
22890.00 44.90
22900.00 44.91
22910.00 44.92
22920.00 44.93
22930.00 44.94
22940.00 44.94
22950.00 44.95
22960.00 44.96
22970.00 44.97
22980.00 44.98
22990.00 44.99
23000.00 44.96
23010.00 44.96
23020.00 44.97
23030.00 44.98
23040.00 44.99
23050.00 45.00
23060.00 45.00
23070.00 45.01
23080.00 45.02
23090.00 45.03
23100.00 45.04
23110.00 45.01
23120.00 45.01
23130.00 45.02
23140.00 45.03
23150.00 45.04
23160.00 45.05
23170.00 45.05
23180.00 45.06
23190.00 45.07
23200.00 45.08
23210.00 45.09
23220.00 45.09
23230.00 45.06
23240.00 45.07
23250.00 45.08
23260.00 45.09
23270.00 45.09
23280.00 45.10
23290.00 45.11
23300.00 45.12
23310.00 45.13
23320.00 45.13
23330.00 45.14
23340.00 45.11
23350.00 45.12
23360.00 45.13
23370.00 45.13
23380.00 45.14
23390.00 45.15
23400.00 45.16
23410.00 45.16
23420.00 45.17
23430.00 45.18
23440.00 45.19
23450.00 45.15
23460.00 45.16
23470.00 45.17
23480.00 45.18
23490.00 45.18
23500.00 45.19
23510.00 45.20
23520.00 45.21
23530.00 45.21
23540.00 45.22
23550.00 45.23
23560.00 45.24
23570.00 45.20
23580.00 45.21
23590.00 45.22
23600.00 45.23
23610.00 45.23
23620.00 45.24
23630.00 45.25
23640.00 45.26
23650.00 45.26
23660.00 45.27
23670.00 45.28
23680.00 45.25
23690.00 45.25
23700.00 45.26
23710.00 45.27
23720.00 45.27
23730.00 45.28
23740.00 45.29
23750.00 45.30
23760.00 45.30
23770.00 45.31
23780.00 45.32
23790.00 45.28
23800.00 45.29
23810.00 45.30
23820.00 45.31
23830.00 45.31
23840.00 45.32
23850.00 45.33
23860.00 45.33
23870.00 45.34
23880.00 45.35
23890.00 45.35
23900.00 45.36
23910.00 45.33
23920.00 45.34
23930.00 45.34
23940.00 45.35
23950.00 45.36
23960.00 45.36
23970.00 45.37
23980.00 45.38
23990.00 45.38
24000.00 45.39
24010.00 45.40
24020.00 45.36
24030.00 45.37
24040.00 45.37
24050.00 45.38
24060.00 45.38
24070.00 45.39
24080.00 45.40
24090.00 45.40
24100.00 46.51
24110.00 48.82
24120.00 51.52
24130.00 53.33
24140.00 56.50
24150.00 55.10
24160.00 53.71
24170.00 51.52
24180.00 51.92
24190.00 52.83
24200.00 54.24
24210.00 55.54
24220.00 57.85
24230.00 58.75
24240.00 63.76
24250.00 74.13
24260.00 81.43
24270.00 86.44
24280.00 86.45
24290.00 84.65
24300.00 84.66
24310.00 86.47
24320.00 87.37
24330.00 88.68
24340.00 89.68
24350.00 90.59
24360.00 93.26
24370.00 94.56
24380.00 95.47
24390.00 96.48
24400.00 96.48
24410.00 96.49
24420.00 98.29
24430.00 99.20
24440.00 102.81
24450.00 106.01
24460.00 111.92
24470.00 122.72
24480.00 125.89
24490.00 129.10
24500.00 131.80
24510.00 135.41
24520.00 140.41
24530.00 145.02
24540.00 148.13
24550.00 156.83
24560.00 162.64
24570.00 166.34
24580.00 175.35
24590.00 192.12
24600.00 198.92
24610.00 203.93
24620.00 213.03
24630.00 218.44
24640.00 217.04
24650.00 222.55
24660.00 230.26
24670.00 238.86
24680.00 243.37
24690.00 247.47
24700.00 254.74
24710.00 256.94
24720.00 258.85
24730.00 258.36
24740.00 256.56
24750.00 254.27
24760.00 252.07
24770.00 247.08
24780.00 243.38
24790.00 239.79
24800.00 237.09
24810.00 235.30
24820.00 231.67
24830.00 229.77
24840.00 227.98
24850.00 226.18
24860.00 226.69
24870.00 226.69
24880.00 223.50
24890.00 216.70
24900.00 214.91
24910.00 214.91
24920.00 214.92
24930.00 214.38
24940.00 213.49
24950.00 215.30
24960.00 214.90
24970.00 212.21
24980.00 208.11
24990.00 203.52
25000.00 195.82
25010.00 194.53
25020.00 193.13
25030.00 191.74
25040.00 190.40
25050.00 189.51
25060.00 188.11
25070.00 186.82
25080.00 185.02
25090.00 183.13
25100.00 180.93
25110.00 179.14
25120.00 178.64
25130.00 178.25
25140.00 177.25
25150.00 177.26
25160.00 175.92
25170.00 175.43
25180.00 174.53
25190.00 174.54
25200.00 174.54
25210.00 174.55
25220.00 174.55
25230.00 175.46
25240.00 175.96
25250.00 176.87
25260.00 177.77
25270.00 176.84
25280.00 182.74
25290.00 184.15
25300.00 184.55
25310.00 184.55
25320.00 185.46
25330.00 186.36
25340.00 188.17
25350.00 190.47
25360.00 193.18
25370.00 195.88
25380.00 201.39
25390.00 199.55
25400.00 203.16
25410.00 205.46
25420.00 206.77
25430.00 206.77
25440.00 206.37
25450.00 207.28
25460.00 207.68
25470.00 209.49
25480.00 211.79
25490.00 214.10
25500.00 214.06
25510.00 217.17
25520.00 220.37
25530.00 223.07
25540.00 224.98
25550.00 226.78
25560.00 228.59
25570.00 232.19
25580.00 234.90
25590.00 234.90
25600.00 234.90
25610.00 236.67
25620.00 236.67
25630.00 237.18
25640.00 240.38
25650.00 243.49
25660.00 243.99
25670.00 239.89
25680.00 242.60
25690.00 241.30
25700.00 239.91
25710.00 237.21
25720.00 236.71
25730.00 230.38
25740.00 230.38
25750.00 232.19
25760.00 235.39
25770.00 236.69
25780.00 236.70
25790.00 234.90
25800.00 234.91
25810.00 234.51
25820.00 234.91
25830.00 234.92
25840.00 235.38
25850.00 234.89
25860.00 234.89
25870.00 234.89
25880.00 234.90
25890.00 234.90
25900.00 235.80
25910.00 236.71
25920.00 239.51
25930.00 243.12
25940.00 244.92
25950.00 244.38
25960.00 244.39
25970.00 244.39
25980.00 244.89
25990.00 244.40
26000.00 244.00
26010.00 244.01
26020.00 244.01
26030.00 244.01
26040.00 244.02
26050.00 244.42
26060.00 244.92
26070.00 246.69
26080.00 244.89
26090.00 244.89
26100.00 244.90
26110.00 246.70
26120.00 245.80
26130.00 247.21
26140.00 249.01
26150.00 252.61
26160.00 256.22
26170.00 262.62
26180.00 267.58
26190.00 271.59
26200.00 274.79
26210.00 277.09
26220.00 276.60
26230.00 276.60
26240.00 276.60
26250.00 273.01
26260.00 271.21
26270.00 269.81
26280.00 271.62
26290.00 274.82
26300.00 272.98
26310.00 276.59
26320.00 277.49
26330.00 277.99
26340.00 278.90
26350.00 276.60
26360.00 273.50
26370.00 271.20
26380.00 268.91
26390.00 265.81
26400.00 264.81
26410.00 258.98
26420.00 259.38
26430.00 258.48
26440.00 258.49
26450.00 259.39
26460.00 260.29
26470.00 260.79
26480.00 261.70
26490.00 260.80
26500.00 260.30
26510.00 259.40
26520.00 255.77
26530.00 253.97
26540.00 252.57
26550.00 251.18
26560.00 249.38
26570.00 248.08
26580.00 247.58
26590.00 246.29
26600.00 244.89
26610.00 245.79
26620.00 245.79
26630.00 245.79
26640.00 246.66
26650.00 247.16
26660.00 247.56
26670.00 248.47
26680.00 249.37
26690.00 249.87
26700.00 252.57
26710.00 254.88
26720.00 256.68
26730.00 256.68
26740.00 256.68
26750.00 258.45
26760.00 256.65
26770.00 256.65
26780.00 255.75
26790.00 255.26
26800.00 252.16
26810.00 248.96
26820.00 247.56
26830.00 247.16
26840.00 246.27
26850.00 246.27
26860.00 244.83
26870.00 243.93
26880.00 242.54
26890.00 240.34
26900.00 237.54
26910.00 235.74
26920.00 235.74
26930.00 235.35
26940.00 233.95
26950.00 232.15
26960.00 230.75
26970.00 230.76
26980.00 230.72
26990.00 233.92
27000.00 236.22
27010.00 238.92
27020.00 241.63
27030.00 242.53
27040.00 242.53
27050.00 243.43
27060.00 244.33
27070.00 246.64
27080.00 247.14
27090.00 239.80
27100.00 239.40
27110.00 238.90
27120.00 236.60
27130.00 235.71
27140.00 228.01
27150.00 225.71
27160.00 223.51
27170.00 223.51
27180.00 223.52
27190.00 223.92
27200.00 224.92
27210.00 223.88
27220.00 226.68
27230.00 235.68
27240.00 240.29
27250.00 244.29
27260.00 244.79
27270.00 244.79
27280.00 246.59
27290.00 246.59
27300.00 246.60
27310.00 246.60
27320.00 240.26
27330.00 235.66
27340.00 230.66
27350.00 225.66
27360.00 221.66
27370.00 219.37
27380.00 216.67
27390.00 214.87
27400.00 213.47
27410.00 213.47
27420.00 213.47
27430.00 213.43
27440.00 214.34
27450.00 222.94
27460.00 226.64
27470.00 225.64
27480.00 226.14
27490.00 226.64
27500.00 226.64
27510.00 224.85
27520.00 224.85
27530.00 228.45
27540.00 232.95
27550.00 236.51
27560.00 235.21
27570.00 234.31
27580.00 233.41
27590.00 230.61
27600.00 227.52
27610.00 226.62
27620.00 224.32
27630.00 221.12
27640.00 217.02
27650.00 213.42
27660.00 212.98
27670.00 209.78
27680.00 206.58
27690.00 206.58
27700.00 202.49
27710.00 197.09
27720.00 192.59
27730.00 187.59
27740.00 181.69
27750.00 174.89
27760.00 172.19
27770.00 167.55
27780.00 159.45
27790.00 155.35
27800.00 151.75
27810.00 146.26
27820.00 142.16
27830.00 139.06
27840.00 135.86
27850.00 131.76
27860.00 127.66
27870.00 122.66
27880.00 117.26
27890.00 112.22
27900.00 105.92
27910.00 101.32
27920.00 97.72
27930.00 94.52
27940.00 93.22
27950.00 89.62
27960.00 86.82
27970.00 84.63
27980.00 83.73
27990.00 80.93
28000.00 77.79
28010.00 75.49
28020.00 74.59
28030.00 74.59
28040.00 73.19
28050.00 70.49
28060.00 67.79
28070.00 65.99
28080.00 64.19
28090.00 62.39
28100.00 60.49
28110.00 59.19
28120.00 54.55
28130.00 56.45
28140.00 55.05
28150.00 51.85
28160.00 48.25
28170.00 46.85
28180.00 45.35
28190.00 45.35
28200.00 45.35
28210.00 45.35
28220.00 45.35
28230.00 45.31
28240.00 45.31
28250.00 45.31
28260.00 45.31
28270.00 45.31
28280.00 45.31
28290.00 45.31
28300.00 45.31
28310.00 45.31
28320.00 45.31
28330.00 45.31
28340.00 45.27
28350.00 45.27
28360.00 45.27
28370.00 45.27
28380.00 45.27
28390.00 45.27
28400.00 45.27
28410.00 45.27
28420.00 45.27
28430.00 45.27
28440.00 45.27
28450.00 45.27
28460.00 45.23
28470.00 45.23
28480.00 45.23
28490.00 45.23
28500.00 45.23
28510.00 45.23
28520.00 45.23
28530.00 45.23
28540.00 45.23
28550.00 45.23
28560.00 45.23
28570.00 45.19
28580.00 45.19
28590.00 45.19
28600.00 45.19
28610.00 45.19
28620.00 45.19
28630.00 45.18
28640.00 45.18
28650.00 45.18
28660.00 45.18
28670.00 45.18
28680.00 45.14
28690.00 45.14
28700.00 45.14
28710.00 45.14
28720.00 45.14
28730.00 45.14
28740.00 45.14
28750.00 45.14
28760.00 45.14
28770.00 45.14
28780.00 45.13
28790.00 45.13
28800.00 45.09
28810.00 45.09
28820.00 45.09
28830.00 45.09
28840.00 45.09
28850.00 45.09
28860.00 45.09
28870.00 45.09
28880.00 45.09
28890.00 45.09
28900.00 45.08
28910.00 45.04
28920.00 45.04
28930.00 45.04
28940.00 45.04
28950.00 45.04
28960.00 45.04
28970.00 45.04
28980.00 45.04
28990.00 45.04
29000.00 45.03
29010.00 45.03
29020.00 44.99
29030.00 44.99
29040.00 44.99
29050.00 44.99
29060.00 44.99
29070.00 44.99
29080.00 44.98
29090.00 44.98
29100.00 44.98
29110.00 44.98
29120.00 44.98
29130.00 44.98
29140.00 44.94
29150.00 44.94
29160.00 44.93
29170.00 44.93
29180.00 44.93
29190.00 44.93
29200.00 44.93
29210.00 44.93
29220.00 44.93
29230.00 44.93
29240.00 44.92
29250.00 44.88
29260.00 44.88
29270.00 44.88
29280.00 44.88
29290.00 44.88
29300.00 44.87
29310.00 44.87
29320.00 44.87
29330.00 44.87
29340.00 44.87
29350.00 44.87
29360.00 44.87
29370.00 44.82
29380.00 44.82
29390.00 44.82
29400.00 44.82
29410.00 44.82
29420.00 44.81
29430.00 44.81
29440.00 44.81
29450.00 44.81
29460.00 44.81
29470.00 44.81
29480.00 44.76
29490.00 44.76
29500.00 44.76
29510.00 44.76
29520.00 44.76
29530.00 44.75
29540.00 44.75
29550.00 44.75
29560.00 44.75
29570.00 44.75
29580.00 44.74
29590.00 44.70
29600.00 44.70
29610.00 44.70
29620.00 44.70
29630.00 44.69
29640.00 44.69
29650.00 44.69
29660.00 44.69
29670.00 44.69
29680.00 44.68
29690.00 44.68
29700.00 44.68
29710.00 44.64
29720.00 44.63
29730.00 44.73
29740.00 45.23
29750.00 45.23
29760.00 45.23
29770.00 45.22
29780.00 45.22
29790.00 45.22
29800.00 46.42
29810.00 46.41
29820.00 46.97
29830.00 48.07
29840.00 49.27
29850.00 50.96
29860.00 49.86
29870.00 48.06
29880.00 46.96
29890.00 46.95
29900.00 46.95
29910.00 46.95
29920.00 47.55
29930.00 46.30
29940.00 46.90
29950.00 46.90
29960.00 46.90
29970.00 46.89
29980.00 46.29
29990.00 46.29
30000.00 46.89
30010.00 46.88
30020.00 46.28
30030.00 46.28
30040.00 46.27
30050.00 46.23
30060.00 46.23
30070.00 46.23
30080.00 46.22
30090.00 46.22
30100.00 46.22
30110.00 46.22
30120.00 46.21
30130.00 46.21
30140.00 46.21
30150.00 46.20
30160.00 46.16
30170.00 46.16
30180.00 46.15
30190.00 46.15
30200.00 46.15
30210.00 46.15
30220.00 46.14
30230.00 46.74
30240.00 47.84
30250.00 49.63
30260.00 51.33
30270.00 52.53
30280.00 57.08
30290.00 68.08
30300.00 75.58
30310.00 75.57
30320.00 75.57
30330.00 75.57
30340.00 73.87
30350.00 72.16
30360.00 70.36
30370.00 68.66
30380.00 66.35
30390.00 64.01
30400.00 62.81
30410.00 62.80
30420.00 62.20
30430.00 62.20
30440.00 62.19
30450.00 62.79
30460.00 62.79
30470.00 62.78
30480.00 62.78
30490.00 65.08
30500.00 76.03
30510.00 82.43
30520.00 85.92
30530.00 89.42
30540.00 91.72
30550.00 94.01
30560.00 92.81
30570.00 94.01
30580.00 98.00
30590.00 102.70
30600.00 105.00
30610.00 104.99
30620.00 104.35
30630.00 106.65
30640.00 107.84
30650.00 109.54
30660.00 111.33
30670.00 112.43
30680.00 113.63
30690.00 114.22
30700.00 115.32
30710.00 116.52
30720.00 115.31
30730.00 114.67
30740.00 114.16
30750.00 112.96
30760.00 112.96
30770.00 114.65
30780.00 117.05
30790.00 116.44
30800.00 115.24
30810.00 115.24
30820.00 115.23
30830.00 115.23
30840.00 115.18
30850.00 116.38
30860.00 116.38
30870.00 114.07
30880.00 111.17
30890.00 108.26
30900.00 104.76
30910.00 103.06
30920.00 101.25
30930.00 98.95
30940.00 96.64
30950.00 93.74
30960.00 91.40
30970.00 88.49
30980.00 86.09
30990.00 88.48
31000.00 92.48
31010.00 93.07
31020.00 93.67
31030.00 91.87
31040.00 89.06
31050.00 86.06
31060.00 82.65
31070.00 82.01
31080.00 80.80
31090.00 77.40
31100.00 74.49
31110.00 72.69
31120.00 72.09
31130.00 70.98
31140.00 69.78
31150.00 68.67
31160.00 67.47
31170.00 66.86
31180.00 66.36
31190.00 65.71
31200.00 65.71
31210.00 65.71
31220.00 65.70
31230.00 66.30
31240.00 66.79
31250.00 68.59
31260.00 70.28
31270.00 70.88
31280.00 71.97
31290.00 73.17
31300.00 77.22
31310.00 79.52
31320.00 79.51
31330.00 81.21
31340.00 81.80
31350.00 81.80
31360.00 80.09
31370.00 78.29
31380.00 81.78
31390.00 84.68
31400.00 82.37
31410.00 84.63
31420.00 84.62
31430.00 85.22
31440.00 86.32
31450.00 88.11
31460.00 89.21
31470.00 91.50
31480.00 94.40
31490.00 97.29
31500.00 100.79
31510.00 105.48
31520.00 112.38
31530.00 119.83
31540.00 122.22
31550.00 124.52
31560.00 126.81
31570.00 129.11
31580.00 132.00
31590.00 134.90
31600.00 137.79
31610.00 141.29
31620.00 144.68
31630.00 149.38
31640.00 156.23
31650.00 159.13
31660.00 162.02
31670.00 164.92
31680.00 166.71
31690.00 169.01
31700.00 170.70
31710.00 173.00
31720.00 174.79
31730.00 177.68
31740.00 181.08
31750.00 188.03
31760.00 193.83
31770.00 199.62
31780.00 204.82
31790.00 204.82
31800.00 208.31
31810.00 210.01
31820.00 209.40
31830.00 211.20
31840.00 211.69
31850.00 212.88
31860.00 211.68
31870.00 205.33
31880.00 202.43
31890.00 201.22
31900.00 201.82
31910.00 204.11
31920.00 203.00
31930.00 204.70
31940.00 206.39
31950.00 208.79
31960.00 210.48
31970.00 213.98
31980.00 213.93
31990.00 213.92
32000.00 213.92
32010.00 213.31
32020.00 215.01
32030.00 216.20
32040.00 216.79
32050.00 219.09
32060.00 221.98
32070.00 223.08
32080.00 224.27
32090.00 225.47
32100.00 227.12
32110.00 228.31
32120.00 229.41
32130.00 230.60
32140.00 232.90
32150.00 236.89
32160.00 242.68
32170.00 246.78
32180.00 250.87
32190.00 255.46
32200.00 261.86
32210.00 262.91
32220.00 265.21
32230.00 267.60
32240.00 269.89
32250.00 272.19
32260.00 275.08
32270.00 277.38
32280.00 280.27
32290.00 283.76
32300.00 288.36
32310.00 292.95
32320.00 297.60
32330.00 302.20
32340.00 309.69
32350.00 315.48
32360.00 318.98
32370.00 320.17
32380.00 320.17
32390.00 321.26
32400.00 320.15
32410.00 317.25
32420.00 314.34
32430.00 313.13
32440.00 314.29
32450.00 313.68
32460.00 314.27
32470.00 316.57
32480.00 318.86
32490.00 321.15
32500.00 321.75
32510.00 323.44
32520.00 323.43
32530.00 323.43
32540.00 323.42
32550.00 321.67
32560.00 320.57
32570.00 319.96
32580.00 317.65
32590.00 314.75
32600.00 313.54
32610.00 312.33
32620.00 312.33
32630.00 311.82
32640.00 311.21
32650.00 310.61
32660.00 311.16
32670.00 311.15
32680.00 311.74
32690.00 313.44
32700.00 313.43
32710.00 313.42
32720.00 313.42
32730.00 312.81
32740.00 313.40
32750.00 314.00
32760.00 313.39
32770.00 313.38
32780.00 317.93
32790.00 320.33
32800.00 320.82
32810.00 320.31
32820.00 318.51
32830.00 317.90
32840.00 314.49
32850.00 311.59
32860.00 309.18
32870.00 306.87
32880.00 305.76
32890.00 309.72
32900.00 310.31
32910.00 310.30
32920.00 310.29
32930.00 309.69
32940.00 307.98
32950.00 307.97
32960.00 308.57
32970.00 308.56
32980.00 307.95
32990.00 307.34
33000.00 310.20
33010.00 310.19
33020.00 311.88
33030.00 313.67
33040.00 315.97
33050.00 315.96
33060.00 315.35
33070.00 312.44
33080.00 311.84
33090.00 311.83
33100.00 312.42
33110.00 311.81
33120.00 314.67
33130.00 312.36
33140.00 311.75
33150.00 311.74
33160.00 310.04
33170.00 308.33
33180.00 307.12
33190.00 305.91
33200.00 305.40
33210.00 304.20
33220.00 302.49
33230.00 303.54
33240.00 301.83
33250.00 298.93
33260.00 295.42
33270.00 291.91
33280.00 292.50
33290.00 290.19
33300.00 289.69
33310.00 286.18
33320.00 282.07
33330.00 278.06
33340.00 275.15
33350.00 278.01
33360.00 275.70
33370.00 273.89
33380.00 272.18
33390.00 270.37
33400.00 268.67
33410.00 267.46
33420.00 268.05
33430.00 266.34
33440.00 265.13
33450.00 262.83
33460.00 266.28
33470.00 266.27
33480.00 266.26
33490.00 264.55
33500.00 262.75
33510.00 266.24
33520.00 269.13
33530.00 268.52
33540.00 265.61
33550.00 266.20
33560.00 267.30
33570.00 274.25
33580.00 277.14
33590.00 278.83
33600.00 278.82
33610.00 278.81
33620.00 280.61
33630.00 281.70
33640.00 282.29
33650.00 280.58
33660.00 278.17
33670.00 276.46
33680.00 275.36
33690.00 279.31
33700.00 279.30
33710.00 280.99
33720.00 282.18
33730.00 282.77
33740.00 282.76
33750.00 281.56
33760.00 280.45
33770.00 280.44
33780.00 279.83
33790.00 279.22
33800.00 282.07
33810.00 283.26
33820.00 284.95
33830.00 285.55
33840.00 284.94
33850.00 284.93
33860.00 286.12
33870.00 284.91
33880.00 285.50
33890.00 284.29
33900.00 283.18
33910.00 286.04
33920.00 285.43
33930.00 285.42
33940.00 284.81
33950.00 285.40
33960.00 285.99
33970.00 287.68
33980.00 286.47
33990.00 283.06
34000.00 277.76
34010.00 271.45
34020.00 269.14
34030.00 269.09
34040.00 267.28
34050.00 267.27
34060.00 267.86
34070.00 268.45
34080.00 270.14
34090.00 269.53
34100.00 269.52
34110.00 268.42
34120.00 268.41
34130.00 266.10
34140.00 267.15
34150.00 264.84
34160.00 261.33
34170.00 257.32
34180.00 255.01
34190.00 253.20
34200.00 251.49
34210.00 251.48
34220.00 252.57
34230.00 253.76
34240.00 253.16
34250.00 251.45
34260.00 246.20
34270.00 243.29
34280.00 242.08
34290.00 239.77
34300.00 236.86
34310.00 233.95
34320.00 229.94
34330.00 227.53
34340.00 227.02
34350.00 225.81
34360.00 224.70
34370.00 220.56
34380.00 218.85
34390.00 218.24
34400.00 214.13
34410.00 208.32
34420.00 203.11
34430.00 200.20
34440.00 200.19
34450.00 200.18
34460.00 199.67
34470.00 194.36
34480.00 191.41
34490.00 190.30
34500.00 190.90
34510.00 190.29
34520.00 189.08
34530.00 187.37
34540.00 182.66
34550.00 180.35
34560.00 179.24
34570.00 175.73
34580.00 174.02
34590.00 173.41
34600.00 180.86
34610.00 178.55
34620.00 176.84
34630.00 174.53
34640.00 173.92
34650.00 173.31
34660.00 173.90
34670.00 173.29
34680.00 172.08
34690.00 171.47
34700.00 170.36
34710.00 177.21
34720.00 176.70
34730.00 175.49
34740.00 174.88
34750.00 174.87
34760.00 171.96
34770.00 169.65
34780.00 161.54
34790.00 154.03
34800.00 140.12
34810.00 129.71
34820.00 116.25
34830.00 111.64
34840.00 109.93
34850.00 110.52
34860.00 109.91
34870.00 109.90
34880.00 110.99
34890.00 110.98
34900.00 108.07
34910.00 107.46
34920.00 105.75
34930.00 104.64
34940.00 105.09
34950.00 103.38
34960.00 100.47
34970.00 98.76
34980.00 97.55
34990.00 96.44
35000.00 95.23
35010.00 94.62
35020.00 94.01
35030.00 94.00
35040.00 93.49
35050.00 93.43
35060.00 91.62
35070.00 89.91
35080.00 88.10
35090.00 88.69
35100.00 86.98
35110.00 85.27
35120.00 84.06
35130.00 83.45
35140.00 82.34
35150.00 81.13
35160.00 81.12
35170.00 82.76
35180.00 83.35
35190.00 83.94
35200.00 83.93
35210.00 83.92
35220.00 83.91
35230.00 83.90
35240.00 83.89
35250.00 83.88
35260.00 83.27
35270.00 82.66
35280.00 83.20
35290.00 81.49
35300.00 80.28
35310.00 79.17
35320.00 77.96
35330.00 77.95
35340.00 80.24
35350.00 79.63
35360.00 79.62
35370.00 79.61
35380.00 79.09
35390.00 79.54
35400.00 79.03
35410.00 80.12
35420.00 81.31
35430.00 83.00
35440.00 84.79
35450.00 86.48
35460.00 88.76
35470.00 91.05
35480.00 94.54
35490.00 97.43
35500.00 97.42
35510.00 99.07
35520.00 101.36
35530.00 103.14
35540.00 105.43
35550.00 107.72
35560.00 109.51
35570.00 111.80
35580.00 113.49
35590.00 114.68
35600.00 115.17
35610.00 114.65
35620.00 116.90
35630.00 119.19
35640.00 121.48
35650.00 124.97
35660.00 128.96
35670.00 131.34
35680.00 133.63
35690.00 135.92
35700.00 138.81
35710.00 141.10
35720.00 141.09
35730.00 141.63
35740.00 142.22
35750.00 143.91
35760.00 148.00
35770.00 159.49
35780.00 161.28
35790.00 163.56
35800.00 167.05
35810.00 172.24
35820.00 179.13
35830.00 184.32
35840.00 186.60
35850.00 202.25
35860.00 205.74
35870.00 204.53
35880.00 206.22
35890.00 209.70
35900.00 210.89
35910.00 211.48
35920.00 217.17
35930.00 228.16
35940.00 240.94
35950.00 251.33
35960.00 266.38
35970.00 272.67
35980.00 273.86
35990.00 275.54
36000.00 279.03
36010.00 281.92
36020.00 286.01
36030.00 288.30
36040.00 285.38
36050.00 283.57
36060.00 283.06
36070.00 285.95
36080.00 299.69
36090.00 308.98
36100.00 315.37
36110.00 319.36
36120.00 321.74
36130.00 324.03
36140.00 325.72
36150.00 326.31
36160.00 326.30
36170.00 328.58
36180.00 328.57
36190.00 328.52
36200.00 328.51
36210.00 325.59
36220.00 322.68
36230.00 319.17
36240.00 316.86
36250.00 313.94
36260.00 311.03
36270.00 307.52
36280.00 303.51
36290.00 298.29
36300.00 296.44
36310.00 292.43
36320.00 287.21
36330.00 282.00
36340.00 275.59
36350.00 270.38
36360.00 265.16
36370.00 258.75
36380.00 251.84
36390.00 244.83
36400.00 241.31
36410.00 240.20
36420.00 241.25
36430.00 238.93
36440.00 236.02
36450.00 233.11
36460.00 230.20
36470.00 226.78
36480.00 222.67
36490.00 218.06
36500.00 212.85
36510.00 204.73
36520.00 198.92
36530.00 195.97
36540.00 191.85
36550.00 188.34
36560.00 183.73
36570.00 179.11
36580.00 175.60
36590.00 172.09
36600.00 169.77
36610.00 169.16
36620.00 168.55
36630.00 166.24
36640.00 163.28
36650.00 156.37
36660.00 146.56
36670.00 141.84
36680.00 134.93
36690.00 130.82
36700.00 125.60
36710.00 119.19
36720.00 113.98
36730.00 109.36
36740.00 105.25
36750.00 103.54
36760.00 100.58
36770.00 97.67
36780.00 94.76
36790.00 92.44
36800.00 90.73
36810.00 88.92
36820.00 87.80
36830.00 85.39
36840.00 85.38
36850.00 85.96
36860.00 85.35
36870.00 85.89
36880.00 85.88
36890.00 85.27
36900.00 84.75
36910.00 84.14
36920.00 84.13
36930.00 84.11
36940.00 84.10
36950.00 84.10
36960.00 84.09
36970.00 84.07
36980.00 84.62
36990.00 84.61
37000.00 85.09
37010.00 85.68
37020.00 85.66
37030.00 85.65
37040.00 85.64
37050.00 85.02
37060.00 84.51
37070.00 83.30
37080.00 82.68
37090.00 81.57
37100.00 82.61
37110.00 82.10
37120.00 80.89
37130.00 79.17
37140.00 78.56
37150.00 77.94
37160.00 76.73
37170.00 76.72
37180.00 76.70
37190.00 76.69
37200.00 74.98
37210.00 74.92
37220.00 74.91
37230.00 74.89
37240.00 74.88
37250.00 74.86
37260.00 74.85
37270.00 74.84
37280.00 76.02
37290.00 77.71
37300.00 79.99
37310.00 81.78
37320.00 83.47
37330.00 88.01
37340.00 90.90
37350.00 92.68
37360.00 94.37
37370.00 94.95
37380.00 95.54
37390.00 94.93
37400.00 94.91
37410.00 93.70
37420.00 91.98
37430.00 90.17
37440.00 94.81
37450.00 94.20
37460.00 94.18
37470.00 94.17
37480.00 94.76
37490.00 95.34
37500.00 97.03
37510.00 99.31
37520.00 101.60
37530.00 104.48
37540.00 106.77
37550.00 113.71
37560.00 115.40
37570.00 118.88
37580.00 121.77
37590.00 122.86
37600.00 125.24
37610.00 127.53
37620.00 132.71
37630.00 135.00
37640.00 134.38
37650.00 133.27
37660.00 127.45
37670.00 122.70
37680.00 119.28
37690.00 120.37
37700.00 125.05
37710.00 127.94
37720.00 129.62
37730.00 131.91
37740.00 132.49
37750.00 130.78
37760.00 128.36
37770.00 130.15
37780.00 139.29
37790.00 139.28
37800.00 140.46
37810.00 137.55
37820.00 133.43
37830.00 132.92
37840.00 135.20
37850.00 135.19
37860.00 135.77
37870.00 135.76
37880.00 134.54
37890.00 139.69
37900.00 137.37
37910.00 135.06
37920.00 133.24
37930.00 131.53
37940.00 128.61
37950.00 128.60
37960.00 129.18
37970.00 127.97
37980.00 124.55
37990.00 123.94
38000.00 123.32
38010.00 126.17
38020.00 124.95
38030.00 123.24
38040.00 123.22
38050.00 123.21
38060.00 123.19
38070.00 123.77
38080.00 123.76
38090.00 124.34
38100.00 124.33
38110.00 123.11
38120.00 124.26
38130.00 124.24
38140.00 127.13
38150.00 131.71
38160.00 135.20
38170.00 140.98
38180.00 146.66
38190.00 154.25
38200.00 160.03
38210.00 163.42
38220.00 165.70
38230.00 168.09
38240.00 173.23
38250.00 173.21
38260.00 172.00
38270.00 174.28
38280.00 174.27
38290.00 171.35
38300.00 171.94
38310.00 173.12
38320.00 174.20
38330.00 175.39
38340.00 174.77
38350.00 180.42
38360.00 178.10
38370.00 179.78
38380.00 183.77
38390.00 184.35
38400.00 183.24
38410.00 180.92
38420.00 178.01
38430.00 176.89
38440.00 172.77
38450.00 172.76
38460.00 179.10
38470.00 178.49
38480.00 179.07
38490.00 183.55
38500.00 187.64
38510.00 192.12
38520.00 195.01
38530.00 194.39
38540.00 194.37
38550.00 191.56
38560.00 190.34
38570.00 188.63
38580.00 185.67
38590.00 182.85
38600.00 181.14
38610.00 180.52
38620.00 179.90
38630.00 180.49
38640.00 182.17
38650.00 183.85
38660.00 185.04
38670.00 189.02
38680.00 191.31
38690.00 191.75
38700.00 187.73
38710.00 184.32
38720.00 182.00
38730.00 181.98
38740.00 186.57
38750.00 192.25
38760.00 191.63
38770.00 191.62
38780.00 193.90
38790.00 193.88
38800.00 193.83
38810.00 191.01
38820.00 188.69
38830.00 185.18
38840.00 182.86
38850.00 178.34
38860.00 172.53
38870.00 165.71
38880.00 161.10
38890.00 156.48
38900.00 152.46
38910.00 148.95
38920.00 147.19
38930.00 145.47
38940.00 144.25
38950.00 143.14
38960.00 143.72
38970.00 141.40
38980.00 141.39
38990.00 142.47
39000.00 142.45
39010.00 142.44
39020.00 142.42
39030.00 142.36
39040.00 142.35
39050.00 142.33
39060.00 142.31
39070.00 142.29
39080.00 142.28
39090.00 142.26
39100.00 142.24
39110.00 142.83
39120.00 143.41
39130.00 143.89
39140.00 144.48
39150.00 143.82
39160.00 144.40
39170.00 144.98
39180.00 144.97
39190.00 144.95
39200.00 144.33
39210.00 144.32
39220.00 144.30
39230.00 142.58
39240.00 142.56
39250.00 142.55
39260.00 141.89
39270.00 140.77
39280.00 140.75
39290.00 140.74
39300.00 143.02
39310.00 143.00
39320.00 142.99
39330.00 142.97
39340.00 142.95
39350.00 142.93
39360.00 142.92
39370.00 142.86
39380.00 140.54
39390.00 140.52
39400.00 140.51
39410.00 140.49
39420.00 140.47
39430.00 140.45
39440.00 140.44
39450.00 140.42
39460.00 140.40
39470.00 140.38
39480.00 140.37
39490.00 140.31
39500.00 140.29
39510.00 140.27
39520.00 144.25
39530.00 144.25
39540.00 150.54
39550.00 155.12
39560.00 157.90
39570.00 160.18
39580.00 161.37
39590.00 160.15
39600.00 160.09
39610.00 160.07
39620.00 160.05
39630.00 162.34
39640.00 162.32
39650.00 162.30
39660.00 162.28
39670.00 162.27
39680.00 162.25
39690.00 162.23
39700.00 162.21
39710.00 161.05
39720.00 161.04
39730.00 161.02
39740.00 161.60
39750.00 163.28
39760.00 164.36
39770.00 166.05
39780.00 168.33
39790.00 171.21
39800.00 173.49
39810.00 176.37
39820.00 180.36
39830.00 190.00
39840.00 193.98
39850.00 198.56
39860.00 203.14
39870.00 208.32
39880.00 212.81
39890.00 217.99
39900.00 219.17
39910.00 224.85
39920.00 230.03
39930.00 233.41
39940.00 239.66
39950.00 236.24
39960.00 231.62
39970.00 227.60
39980.00 223.48
39990.00 221.76
40000.00 220.65
40010.00 221.23
40020.00 220.61
40030.00 219.99
40040.00 218.87
40050.00 217.05
40060.00 215.89
40070.00 214.18
40080.00 212.36
40090.00 210.14
40100.00 208.32
40110.00 206.00
40120.00 203.18
40130.00 200.26
40140.00 197.95
40150.00 195.63
40160.00 193.91
40170.00 193.85
40180.00 190.93
40190.00 190.41
40200.00 189.79
40210.00 189.77
40220.00 189.76
40230.00 192.04
40240.00 192.02
40250.00 192.00
40260.00 191.98
40270.00 191.36
40280.00 193.60
40290.00 192.98
40300.00 193.56
40310.00 195.25
40320.00 195.83
40330.00 196.41
40340.00 198.09
40350.00 199.17
40360.00 199.75
40370.00 200.33
40380.00 201.41
40390.00 202.00
40400.00 205.93
40410.00 207.12
40420.00 208.20
40430.00 208.18
40440.00 208.16
40450.00 207.54
40460.00 205.82
40470.00 205.20
40480.00 204.68
40490.00 204.66
40500.00 205.14
40510.00 210.28
40520.00 214.86
40530.00 218.25
40540.00 229.73
40550.00 240.61
40560.00 245.79
40570.00 253.17
40580.00 255.45
40590.00 256.03
40600.00 258.31
40610.00 260.59
40620.00 265.03
40630.00 268.51
40640.00 271.89
40650.00 275.37
40660.00 279.95
40670.00 279.93
40680.00 277.62
40690.00 277.60
40700.00 277.58
40710.00 277.56
40720.00 281.54
40730.00 290.12
40740.00 313.56
40750.00 328.44
40760.00 333.02
40770.00 339.30
40780.00 341.58
40790.00 342.06
40800.00 344.94
40810.00 347.22
40820.00 347.80
40830.00 347.78
40840.00 347.16
40850.00 350.50
40860.00 349.98
40870.00 350.46
40880.00 351.04
40890.00 353.92
40900.00 355.60
40910.00 356.68
40920.00 357.26
40930.00 356.64
40940.00 353.22
40950.00 348.00
40960.00 349.14
40970.00 346.82
40980.00 347.90
40990.00 346.78
41000.00 347.86
41010.00 349.64
41020.00 350.72
41030.00 349.60
41040.00 347.78
41050.00 348.96
41060.00 347.74
41070.00 348.92
41080.00 352.26
41090.00 351.74
41100.00 352.22
41110.00 354.50
41120.00 357.38
41130.00 360.76
41140.00 363.04
41150.00 364.72
41160.00 366.50
41170.00 368.18
41180.00 369.86
41190.00 373.80
41200.00 373.78
41210.00 373.16
41220.00 372.64
41230.00 371.42
41240.00 369.70
41250.00 368.58
41260.00 367.96
41270.00 367.34
41280.00 367.32
41290.00 367.30
41300.00 366.18
41310.00 368.41
41320.00 363.19
41330.00 360.27
41340.00 357.95
41350.00 356.23
41360.00 355.11
41370.00 356.79
41380.00 353.87
41390.00 351.05
41400.00 348.73
41410.00 347.51
41420.00 349.15
41430.00 348.63
41440.00 347.41
41450.00 343.39
41460.00 338.76
41470.00 338.14
41480.00 337.62
41490.00 337.00
41500.00 335.88
41510.00 333.56
41520.00 331.24
41530.00 332.28
41540.00 332.86
41550.00 335.14
41560.00 337.92
41570.00 338.50
41580.00 336.77
41590.00 334.45
41600.00 335.63
41610.00 336.71
41620.00 333.79
41630.00 330.37
41640.00 326.95
41650.00 327.99
41660.00 325.67
41670.00 321.05
41680.00 314.72
41690.00 307.30
41700.00 299.18
41710.00 292.36
41720.00 287.14
41730.00 285.92
41740.00 281.40
41750.00 276.18
41760.00 276.11
41770.00 274.99
41780.00 272.07
41790.00 269.15
41800.00 266.33
41810.00 263.41
41820.00 260.49
41830.00 257.67
41840.00 254.75
41850.00 251.32
41860.00 248.40
41870.00 250.64
41880.00 250.02
41890.00 248.90
41900.00 247.68
41910.00 246.55
41920.00 245.33
41930.00 243.61
41940.00 241.29
41950.00 237.87
41960.00 236.65
41970.00 236.03
41980.00 238.31
41990.00 242.34
42000.00 248.62
42010.00 253.10
42020.00 254.88
42030.00 254.86
42040.00 253.03
42050.00 249.61
42060.00 246.19
42070.00 243.87
42080.00 242.65
42090.00 242.13
42100.00 243.76
42110.00 243.76
42120.00 241.44
42130.00 239.12
42140.00 236.80
42150.00 236.78
42160.00 236.76
42170.00 233.83
42180.00 229.81
42190.00 225.79
42200.00 226.37
42210.00 222.85
42220.00 213.68
42230.00 214.16
42240.00 213.64
42250.00 209.52
42260.00 204.40
42270.00 199.17
42280.00 195.15
42290.00 191.73
42300.00 188.81
42310.00 185.89
42320.00 183.56
42330.00 185.80
42340.00 185.78
42350.00 185.76
42360.00 182.33
42370.00 178.31
42380.00 176.59
42390.00 174.77
42400.00 172.55
42410.00 169.62
42420.00 166.70
42430.00 164.38
42440.00 162.62
42450.00 158.59
42460.00 155.67
42470.00 153.95
42480.00 152.83
42490.00 153.31
42500.00 154.48
42510.00 154.46
42520.00 153.84
42530.00 153.82
42540.00 154.39
42550.00 153.17
42560.00 151.41
42570.00 147.39
42580.00 142.76
42590.00 138.14
42600.00 134.72
42610.00 131.80
42620.00 127.17
42630.00 123.15
42640.00 119.13
42650.00 115.71
42660.00 112.78
42670.00 112.12
42680.00 110.40
42690.00 106.38
42700.00 103.45
42710.00 100.63
42720.00 98.31
42730.00 95.98
42740.00 93.06
42750.00 90.74
42760.00 87.92
42770.00 85.59
42780.00 83.73
42790.00 80.31
42800.00 77.38
42810.00 75.06
42820.00 72.74
42830.00 69.92
42840.00 66.99
42850.00 64.67
42860.00 63.55
42870.00 63.53
42880.00 63.50
42890.00 65.18
42900.00 69.71
42910.00 71.39
42920.00 71.97
42930.00 71.95
42940.00 71.92
42950.00 73.00
42960.00 73.58
42970.00 72.35
42980.00 71.23
42990.00 70.01
43000.00 67.79
43010.00 67.72
43020.00 67.10
43030.00 65.87
43040.00 64.75
43050.00 60.13
43060.00 56.71
43070.00 56.08
43080.00 56.06
43090.00 54.94
43100.00 54.91
43110.00 57.09
43120.00 58.87
43130.00 57.60
43140.00 59.28
43150.00 61.06
43160.00 61.53
43170.00 61.51
43180.00 61.49
43190.00 62.66
43200.00 62.64
43210.00 62.62
43220.00 62.59
43230.00 61.37
43240.00 61.30
43250.00 61.28
43260.00 61.26
43270.00 63.53
43280.00 63.51
43290.00 63.49
43300.00 60.66
43310.00 61.74
43320.00 61.12
43330.00 60.79
43340.00 60.47
43350.00 57.30
43360.00 56.78
43370.00 57.96
43380.00 57.93
43390.00 56.71
43400.00 54.29
43410.00 52.46
43420.00 50.74
43430.00 49.51
43440.00 47.69
43450.00 49.47
43460.00 51.74
43470.00 51.08
43480.00 53.45
43490.00 55.23
43500.00 57.01
43510.00 56.98
43520.00 56.36
43530.00 54.53
43540.00 54.51
43550.00 56.29
43560.00 56.26
43570.00 55.64
43580.00 52.57
43590.00 52.55
43600.00 49.63
43610.00 47.20
43620.00 43.68
43630.00 40.05
43640.00 39.43
43650.00 40.01
43660.00 39.38
43670.00 39.96
43680.00 42.33
43690.00 42.27
43700.00 40.44
43710.00 39.82
43720.00 37.40
43730.00 36.27
43740.00 35.05
43750.00 35.02
43760.00 35.00
43770.00 34.97
43780.00 34.95
43790.00 34.33
43800.00 34.30
43810.00 33.04
43820.00 33.01
43830.00 32.39
43840.00 32.36
43850.00 31.74
43860.00 31.11
43870.00 30.49
43880.00 29.37
43890.00 29.84
43900.00 29.32
43910.00 28.69
43920.00 28.03
43930.00 28.00
43940.00 27.98
43950.00 27.95
43960.00 28.53
43970.00 27.90
43980.00 27.88
43990.00 27.85
44000.00 27.83
44010.00 27.80
44020.00 27.78
44030.00 27.76
44040.00 27.69
44050.00 27.66
44060.00 27.64
44070.00 28.21
44080.00 28.79
44090.00 28.77
44100.00 38.14
44110.00 44.62
44120.00 47.59
44130.00 48.17
44140.00 45.74
44150.00 49.17
44160.00 49.15
44170.00 50.93
44180.00 54.50
44190.00 57.98
44200.00 60.35
44210.00 60.93
44220.00 61.50
44230.00 62.58
44240.00 63.15
44250.00 65.53
44260.00 70.16
44270.00 79.03
44280.00 88.51
44290.00 100.28
44300.00 108.56
44310.00 111.43
44320.00 110.81
44330.00 109.68
44340.00 116.66
44350.00 117.23
44360.00 114.31
44370.00 109.58
44380.00 103.52
44390.00 98.79
44400.00 95.87
44410.00 95.84
44420.00 94.02
44430.00 93.39
44440.00 92.16
44450.00 92.14
44460.00 91.51
44470.00 91.49
44480.00 90.86
44490.00 90.20
44500.00 90.17
44510.00 88.35
44520.00 87.22
44530.00 85.39
44540.00 83.57
44550.00 82.34
44560.00 81.22
44570.00 79.99
44580.00 79.37
44590.00 78.14
44600.00 76.27
44610.00 75.05
44620.00 73.92
44630.00 72.10
44640.00 71.47
44650.00 70.85
44660.00 70.22
44670.00 69.60
44680.00 69.57
44690.00 69.57
44700.00 69.54
44710.00 69.52
44720.00 68.85
44730.00 70.62
44740.00 73.00
44750.00 75.87
44760.00 78.25
44770.00 79.42
44780.00 81.20
44790.00 83.47
44800.00 87.04
44810.00 87.02
44820.00 92.29
44830.00 97.53
44840.00 101.10
44850.00 103.97
44860.00 106.35
44870.00 109.22
44880.00 109.20
44890.00 109.17
44900.00 109.14
44910.00 109.12
44920.00 108.49
44930.00 110.87
44940.00 110.20
44950.00 115.47
44960.00 120.85
44970.00 126.12
44980.00 131.99
44990.00 137.27
45000.00 143.14
45010.00 150.21
45020.00 156.69
45030.00 163.16
45040.00 169.04
45050.00 176.11
45060.00 178.44
45070.00 183.12
45080.00 186.69
45090.00 189.06
45100.00 190.74
45110.00 191.91
45120.00 193.68
45130.00 195.46
45140.00 195.93
45150.00 198.31
45160.00 198.28
45170.00 198.21
45180.00 198.18
45190.00 197.56
45200.00 198.73
45210.00 200.50
45220.00 201.68
45230.00 202.75
45240.00 205.13
45250.00 208.10
45260.00 209.17
45270.00 210.95
45280.00 212.12
45290.00 211.45
45300.00 212.02
45310.00 213.80
45320.00 214.97
45330.00 216.04
45340.00 216.02
45350.00 215.99
45360.00 215.96
45370.00 215.44
45380.00 214.81
45390.00 213.58
45400.00 211.71
45410.00 210.49
45420.00 209.26
45430.00 207.53
45440.00 206.31
45450.00 205.68
45460.00 203.25
45470.00 200.93
45480.00 199.10
45490.00 197.27
45500.00 194.85
45510.00 194.78
45520.00 194.75
45530.00 193.62
45540.00 191.20
45550.00 187.67
45560.00 183.44
45570.00 179.92
45580.00 178.09
45590.00 177.46
45600.00 178.03
45610.00 180.31
45620.00 181.48
45630.00 177.91
45640.00 176.68
45650.00 176.06
45660.00 175.43
45670.00 174.20
45680.00 174.17
45690.00 174.15
45700.00 174.12
45710.00 174.09
45720.00 174.07
45730.00 174.04
45740.00 174.57
45750.00 171.64
45760.00 168.01
45770.00 165.69
45780.00 165.06
45790.00 166.23
45800.00 166.21
45810.00 166.18
45820.00 166.15
45830.00 163.12
45840.00 161.30
45850.00 158.93
45860.00 156.50
45870.00 154.67
45880.00 153.44
45890.00 151.72
45900.00 149.89
45910.00 146.86
45920.00 143.93
45930.00 141.51
45940.00 139.08
45950.00 137.35
45960.00 136.12
45970.00 134.25
45980.00 134.23
45990.00 136.00
46000.00 135.97
46010.00 136.54
46020.00 136.51
46030.00 134.69
46040.00 133.46
46050.00 132.23
46060.00 131.10
46070.00 129.28
46080.00 125.61
46090.00 124.48
46100.00 123.85
46110.00 122.62
46120.00 120.79
46130.00 119.57
46140.00 118.94
46150.00 118.31
46160.00 117.78
46170.00 117.75
46180.00 117.73
46190.00 118.20
46200.00 116.43
46210.00 116.40
46220.00 116.37
46230.00 115.74
46240.00 115.12
46250.00 114.49
46260.00 115.06
46270.00 115.03
46280.00 112.00
46290.00 110.28
46300.00 107.85
46310.00 105.38
46320.00 104.15
46330.00 103.62
46340.00 103.59
46350.00 104.66
46360.00 104.64
46370.00 102.31
46380.00 101.68
46390.00 100.45
46400.00 99.82
46410.00 99.79
46420.00 98.52
46430.00 97.89
46440.00 96.67
46450.00 95.54
46460.00 93.11
46470.00 94.28
46480.00 90.05
46490.00 87.12
46500.00 82.90
46510.00 81.17
46520.00 79.34
46530.00 77.51
46540.00 75.14
46550.00 72.11
46560.00 69.08
46570.00 65.55
46580.00 61.43
46590.00 59.00
46600.00 55.37
46610.00 52.44
46620.00 53.61
46630.00 53.58
46640.00 51.15
46650.00 43.38
46660.00 45.75
46670.00 51.02
46680.00 52.20
46690.00 52.77
46700.00 53.34
46710.00 53.91
46720.00 54.48
46730.00 54.95
46740.00 56.12
46750.00 57.29
46760.00 57.82
46770.00 60.19
46780.00 63.07
46790.00 66.64
46800.00 69.51
46810.00 73.08
46820.00 76.55
46830.00 79.52
46840.00 81.19
46850.00 81.16
46860.00 80.63
46870.00 78.20
46880.00 74.63
46890.00 73.40
46900.00 73.97
46910.00 74.55
46920.00 75.02
46930.00 76.19
46940.00 77.36
46950.00 78.53
46960.00 80.30
46970.00 81.97
46980.00 83.74
46990.00 85.47
47000.00 87.84
47010.00 89.51
47020.00 90.08
47030.00 90.05
47040.00 90.02
47050.00 91.19
47060.00 93.56
47070.00 96.43
47080.00 100.01
47090.00 102.28
47100.00 104.65
47110.00 103.37
47120.00 105.15
47130.00 106.32
47140.00 107.49
47150.00 108.56
47160.00 107.43
47170.00 106.80
47180.00 108.47
47190.00 110.84
47200.00 112.61
47210.00 113.78
47220.00 112.51
47230.00 114.78
47240.00 117.15
47250.00 119.52
47260.00 121.79
47270.00 122.96
47280.00 122.96
47290.00 123.53
47300.00 122.90
47310.00 121.67
47320.00 120.54
47330.00 119.27
47340.00 119.24
47350.00 119.21
47360.00 119.18
47370.00 120.35
47380.00 123.22
47390.00 126.79
47400.00 129.06
47410.00 129.63
47420.00 132.60
47430.00 135.47
47440.00 137.24
47450.00 138.97
47460.00 138.34
47470.00 138.31
47480.00 138.28
47490.00 138.25
47500.00 138.22
47510.00 137.59
47520.00 137.56
47530.00 138.13
47540.00 139.30
47550.00 142.77
47560.00 146.29
47570.00 148.56
47580.00 150.93
47590.00 153.30
47600.00 155.57
47610.00 157.94
47620.00 159.71
47630.00 161.38
47640.00 163.15
47650.00 164.92
47660.00 166.09
47670.00 167.72
47680.00 169.49
47690.00 170.06
47700.00 172.43
47710.00 174.70
47720.00 176.47
47730.00 178.24
47740.00 179.41
47750.00 180.58
47760.00 181.05
47770.00 182.22
47780.00 183.99
47790.00 186.31
47800.00 187.98
47810.00 189.15
47820.00 190.92
47830.00 193.89
47840.00 196.76
47850.00 199.73
47860.00 198.50
47870.00 200.77
47880.00 202.54
47890.00 203.11
47900.00 204.23
47910.00 204.80
47920.00 206.57
47930.00 208.84
47940.00 211.81
47950.00 214.68
47960.00 217.05
47970.00 218.22
47980.00 219.99
47990.00 222.86
48000.00 224.63
48010.00 225.80
48020.00 228.02
48030.00 226.89
48040.00 226.86
48050.00 226.83
48060.00 226.80
48070.00 226.77
48080.00 226.74
48090.00 226.71
48100.00 226.67
48110.00 227.14
48120.00 225.41
48130.00 219.44
48140.00 216.41
48150.00 215.78
48160.00 215.15
48170.00 213.91
48180.00 214.48
48190.00 214.45
48200.00 213.82
48210.00 212.69
48220.00 210.86
48230.00 209.63
48240.00 206.05
48250.00 204.82
48260.00 202.99
48270.00 199.96
48280.00 198.23
48290.00 197.60
48300.00 195.77
48310.00 193.94
48320.00 192.20
48330.00 190.37
48340.00 186.74
48350.00 184.01
48360.00 177.74
48370.00 178.90
48380.00 180.07
48390.00 182.34
48400.00 183.41
48410.00 183.98
48420.00 186.85
48430.00 191.52
48440.00 193.18
48450.00 192.55
48460.00 193.12
48470.00 189.55
48480.00 186.02
48490.00 182.58
48500.00 178.45
48510.00 174.92
48520.00 171.39
48530.00 166.76
48540.00 163.23
48550.00 160.29
48560.00 157.96
48570.00 156.23
48580.00 152.66
48590.00 152.02
48600.00 151.39
48610.00 150.26
48620.00 149.63
48630.00 147.80
48640.00 145.47
48650.00 143.73
48660.00 141.40
48670.00 139.57
48680.00 137.24
48690.00 136.61
48700.00 133.63
48710.00 129.60
48720.00 125.47
48730.00 121.94
48740.00 118.40
48750.00 115.47
48760.00 110.84
48770.00 106.71
48780.00 104.98
48790.00 103.74
48800.00 103.21
48810.00 101.94
48820.00 99.60
48830.00 97.77
48840.00 96.64
48850.00 95.41
48860.00 94.78
48870.00 93.64
48880.00 93.61
48890.00 93.58
48900.00 93.55
48910.00 94.12
48920.00 92.84
48930.00 92.21
48940.00 91.58
48950.00 92.14
48960.00 91.51
48970.00 89.18
48980.00 88.05
48990.00 87.41
49000.00 87.38
49010.00 85.55
49020.00 85.02
49030.00 84.38
49040.00 83.71
49050.00 83.08
49060.00 84.24
49070.00 85.31
49080.00 85.28
49090.00 85.25
49100.00 82.31
49110.00 80.58
49120.00 78.25
49130.00 75.82
49140.00 74.08
49150.00 70.51
49160.00 68.18
49170.00 66.44
49180.00 64.11
49190.00 62.88
49200.00 61.15
49210.00 59.31
49220.00 57.58
49230.00 55.75
49240.00 54.01
49250.00 52.78
49260.00 51.65
49270.00 50.97
49280.00 49.24
49290.00 48.01
49300.00 46.77
49310.00 45.64
49320.00 45.01
49330.00 44.38
49340.00 43.74
49350.00 43.21
49360.00 43.18
49370.00 32.04
49380.00 31.47
49390.00 31.44
49400.00 36.00
49410.00 46.37
49420.00 51.04
49430.00 54.50
49440.00 57.37
49450.00 59.04
49460.00 61.90
49470.00 67.67
49480.00 71.14
49490.00 75.06
49500.00 75.63
49510.00 76.80
49520.00 77.86
49530.00 80.23
49540.00 83.10
49550.00 88.76
49560.00 95.13
49570.00 103.20
49580.00 106.16
49590.00 109.03
49600.00 113.60
49610.00 117.62
49620.00 122.19
49630.00 124.45
49640.00 127.32
49650.00 129.59
49660.00 130.15
49670.00 130.72
49680.00 130.69
49690.00 129.45
49700.00 130.62
49710.00 132.89
49720.00 132.81
49730.00 135.68
49740.00 137.94
49750.00 139.71
49760.00 141.38
49770.00 143.64
49780.00 146.01
49790.00 144.77
49800.00 141.84
49810.00 138.91
49820.00 138.27
49830.00 133.00
49840.00 132.96
49850.00 134.13
49860.00 134.13
49870.00 135.80
49880.00 136.36
49890.00 135.13
49900.00 133.39
49910.00 130.46
49920.00 126.93
49930.00 123.39
49940.00 121.66
49950.00 119.78
49960.00 119.25
49970.00 119.22
49980.00 120.28
49990.00 121.45
50000.00 123.11
50010.00 124.88
50020.00 127.15
50030.00 127.71
50040.00 129.98
50050.00 132.24
50060.00 129.27
50070.00 129.23
50080.00 129.20
50090.00 130.36
50100.00 131.43
50110.00 133.70
50120.00 137.16
50130.00 140.03
50140.00 142.89
50150.00 145.16
50160.00 147.53
50170.00 150.39
50180.00 149.71
50190.00 150.78
50200.00 151.95
50210.00 152.51
50220.00 152.48
50230.00 154.74
50240.00 157.61
50250.00 159.87
50260.00 162.74
50270.00 165.61
50280.00 168.47
50290.00 167.79
50300.00 170.16
50310.00 171.82
50320.00 172.99
50330.00 174.66
50340.00 176.32
50350.00 178.09
50360.00 177.45
50370.00 176.22
50380.00 176.78
50390.00 179.05
50400.00 180.17
50410.00 183.04
50420.00 185.90
50430.00 188.17
50440.00 189.33
50450.00 189.90
50460.00 189.26
50470.00 188.03
50480.00 189.19
50490.00 190.26
50500.00 192.02
50510.00 193.09
50520.00 193.01
50530.00 195.28
50540.00 196.44
50550.00 197.01
50560.00 198.67
50570.00 200.94
50580.00 201.50
50590.00 202.67
50600.00 204.93
50610.00 207.20
50620.00 208.96
50630.00 208.29
50640.00 210.55
50650.00 213.42
50660.00 216.28
50670.00 219.15
50680.00 222.01
50690.00 224.88
50700.00 228.94
50710.00 231.21
50720.00 232.87
50730.00 234.04
50740.00 232.76
50750.00 235.62
50760.00 239.69
50770.00 244.25
50780.00 248.92
50790.00 252.88
50800.00 256.35
50810.00 259.81
50820.00 261.48
50830.00 262.04
50840.00 261.41
50850.00 260.77
50860.00 258.39
50870.00 260.66
50880.00 263.02
50890.00 265.89
50900.00 268.75
50910.00 271.02
50920.00 270.38
50930.00 271.55
50940.00 273.21
50950.00 276.07
50960.00 280.14
50970.00 280.56
50980.00 285.83
50990.00 290.39
51000.00 293.25
51010.00 296.72
51020.00 300.68
51030.00 304.15
51040.00 306.41
51050.00 309.28
51060.00 312.14
51070.00 315.61
51080.00 318.47
51090.00 317.79
51100.00 321.26
51110.00 324.72
51120.00 329.88
51130.00 332.75
51140.00 335.01
51150.00 337.88
51160.00 341.34
51170.00 343.61
51180.00 345.37
51190.00 348.23
51200.00 345.85
51210.00 347.52
51220.00 349.18
51230.00 352.65
51240.00 354.41
51250.00 357.28
51260.00 360.64
51270.00 365.30
51280.00 367.57
51290.00 369.23
51300.00 370.40
51310.00 366.82
51320.00 369.08
51330.00 371.44
51340.00 372.51
51350.00 373.67
51360.00 374.24
51370.00 375.30
51380.00 377.06
51390.00 378.73
51400.00 380.39
51410.00 381.56
51420.00 382.72
51430.00 380.24
51440.00 384.30
51450.00 388.87
51460.00 392.93
51470.00 395.20
51480.00 396.96
51490.00 398.02
51500.00 399.79
51510.00 402.65
51520.00 405.51
51530.00 408.88
51540.00 403.00
51550.00 406.06
51560.00 411.13
51570.00 413.89
51580.00 415.05
51590.00 415.12
51600.00 415.58
51610.00 417.64
51620.00 418.41
51630.00 419.97
51640.00 422.83
51650.00 420.85
51660.00 422.72
51670.00 425.78
51680.00 428.04
51690.00 430.81
51700.00 432.97
51710.00 435.13
51720.00 436.80
