0.00 0.00
10.00 0.04
20.00 0.08
30.00 0.12
40.00 0.16
50.00 0.20
60.00 0.24
70.00 0.28
80.00 0.32
90.00 0.36
100.00 0.40
110.00 0.45
120.00 0.49
130.00 0.53
140.00 0.57
150.00 0.61
160.00 0.65
170.00 0.69
180.00 0.73
190.00 0.77
200.00 0.81
210.00 0.85
220.00 0.89
230.00 0.93
240.00 0.97
250.00 1.01
260.00 1.05
270.00 1.09
280.00 1.13
290.00 1.17
300.00 1.21
310.00 1.25
320.00 1.29
330.00 1.33
340.00 1.37
350.00 1.41
360.00 1.45
370.00 1.49
380.00 1.53
390.00 1.57
400.00 1.61
410.00 1.65
420.00 1.69
430.00 1.73
440.00 1.77
450.00 1.81
460.00 1.85
470.00 1.89
480.00 1.93
490.00 1.97
500.00 2.01
510.00 2.05
520.00 2.09
530.00 2.13
540.00 2.17
550.00 2.21
560.00 2.25
570.00 2.29
580.00 2.33
590.00 2.36
600.00 2.40
610.00 2.44
620.00 2.48
630.00 2.52
640.00 2.56
650.00 2.60
660.00 2.64
670.00 2.68
680.00 2.72
690.00 2.76
700.00 2.80
710.00 2.84
720.00 2.88
730.00 2.92
740.00 2.96
750.00 3.00
760.00 3.04
770.00 3.08
780.00 3.11
790.00 3.15
800.00 3.19
810.00 3.23
820.00 3.27
830.00 3.31
840.00 3.35
850.00 3.39
860.00 3.43
870.00 3.47
880.00 3.51
890.00 3.55
900.00 3.59
910.00 3.62
920.00 3.66
930.00 3.70
940.00 3.74
950.00 3.78
960.00 3.82
970.00 3.86
980.00 3.90
990.00 3.94
1000.00 3.98
1010.00 4.02
1020.00 4.05
1030.00 4.09
1040.00 4.13
1050.00 4.17
1060.00 4.21
1070.00 4.25
1080.00 4.29
1090.00 4.33
1100.00 4.37
1110.00 4.40
1120.00 4.44
1130.00 4.48
1140.00 4.52
1150.00 4.56
1160.00 4.60
1170.00 4.64
1180.00 4.68
1190.00 4.71
1200.00 4.75
1210.00 4.79
1220.00 4.83
1230.00 4.87
1240.00 4.91
1250.00 4.95
1260.00 4.98
1270.00 5.02
1280.00 5.06
1290.00 5.10
1300.00 5.14
1310.00 5.18
1320.00 5.22
1330.00 5.25
1340.00 5.29
1350.00 5.33
1360.00 5.37
1370.00 5.41
1380.00 5.45
1390.00 5.48
1400.00 5.52
1410.00 5.56
1420.00 5.60
1430.00 5.64
1440.00 5.68
1450.00 5.71
1460.00 5.75
1470.00 5.79
1480.00 5.83
1490.00 5.87
1500.00 5.91
1510.00 5.94
1520.00 5.98
1530.00 6.02
1540.00 6.06
1550.00 6.10
1560.00 6.13
1570.00 6.17
1580.00 6.21
1590.00 6.25
1600.00 6.29
1610.00 6.32
1620.00 6.36
1630.00 6.40
1640.00 6.44
1650.00 6.48
1660.00 6.51
1670.00 6.55
1680.00 6.59
1690.00 6.63
1700.00 6.67
1710.00 6.70
1720.00 6.74
1730.00 6.78
1740.00 6.82
1750.00 6.86
1760.00 6.89
1770.00 6.93
1780.00 6.97
1790.00 7.01
1800.00 7.04
1810.00 7.08
1820.00 7.12
1830.00 7.16
1840.00 7.19
1850.00 7.23
1860.00 7.27
1870.00 7.31
1880.00 7.35
1890.00 7.38
1900.00 7.42
1910.00 7.46
1920.00 7.50
1930.00 7.53
1940.00 7.57
1950.00 7.61
1960.00 7.65
1970.00 7.68
1980.00 7.72
1990.00 7.76
2000.00 7.80
2010.00 7.83
2020.00 7.87
2030.00 7.91
2040.00 7.94
2050.00 7.98
2060.00 8.02
2070.00 8.06
2080.00 8.09
2090.00 8.13
2100.00 8.17
2110.00 8.21
2120.00 8.24
2130.00 8.28
2140.00 8.32
2150.00 8.35
2160.00 8.39
2170.00 8.43
2180.00 8.47
2190.00 8.50
2200.00 8.54
2210.00 8.58
2220.00 8.61
2230.00 8.65
2240.00 8.69
2250.00 8.73
2260.00 8.76
2270.00 8.80
2280.00 8.84
2290.00 8.87
2300.00 8.91
2310.00 8.95
2320.00 8.98
2330.00 9.02
2340.00 9.06
2350.00 9.10
2360.00 9.13
2370.00 9.17
2380.00 9.21
2390.00 9.24
2400.00 9.28
2410.00 9.32
2420.00 9.35
2430.00 9.39
2440.00 9.43
2450.00 9.46
2460.00 9.50
2470.00 9.54
2480.00 9.57
2490.00 9.61
2500.00 9.65
2510.00 9.68
2520.00 9.72
2530.00 9.76
2540.00 9.79
2550.00 9.83
2560.00 9.87
2570.00 9.90
2580.00 9.94
2590.00 9.98
2600.00 10.01
2610.00 10.05
2620.00 10.08
2630.00 10.12
2640.00 10.16
2650.00 10.19
2660.00 10.23
2670.00 10.27
2680.00 10.30
2690.00 10.34
2700.00 10.38
2710.00 10.41
2720.00 10.45
2730.00 10.48
2740.00 10.52
2750.00 10.56
2760.00 10.59
2770.00 10.63
2780.00 10.67
2790.00 10.70
2800.00 10.74
2810.00 10.77
2820.00 10.81
2830.00 10.85
2840.00 10.88
2850.00 10.92
2860.00 10.95
2870.00 10.99
2880.00 11.03
2890.00 11.06
2900.00 11.10
2910.00 11.13
2920.00 11.17
2930.00 11.21
2940.00 11.24
2950.00 11.28
2960.00 11.31
2970.00 11.35
2980.00 11.39
2990.00 11.42
3000.00 11.46
3010.00 11.49
3020.00 11.53
3030.00 11.57
3040.00 11.60
3050.00 11.64
3060.00 11.67
3070.00 11.71
3080.00 11.74
3090.00 11.78
3100.00 11.82
3110.00 11.85
3120.00 11.89
3130.00 11.92
3140.00 11.96
3150.00 11.99
3160.00 12.03
3170.00 12.07
3180.00 12.10
3190.00 12.14
3200.00 12.17
3210.00 12.21
3220.00 12.24
3230.00 12.28
3240.00 12.31
3250.00 12.35
3260.00 12.38
3270.00 12.42
3280.00 12.46
3290.00 12.49
3300.00 12.53
3310.00 12.56
3320.00 12.60
3330.00 12.63
3340.00 12.67
3350.00 12.70
3360.00 12.74
3370.00 12.77
3380.00 12.81
3390.00 12.84
3400.00 12.88
3410.00 12.91
3420.00 12.95
3430.00 12.98
3440.00 13.02
3450.00 13.06
3460.00 13.09
3470.00 13.13
3480.00 13.16
3490.00 13.20
3500.00 13.23
3510.00 13.27
3520.00 13.30
3530.00 13.34
3540.00 13.37
3550.00 13.41
3560.00 13.44
3570.00 13.48
3580.00 13.51
3590.00 13.55
3600.00 13.58
3610.00 13.62
3620.00 13.65
3630.00 13.68
3640.00 13.72
3650.00 13.75
3660.00 13.79
3670.00 13.82
3680.00 13.86
3690.00 13.89
3700.00 13.93
3710.00 13.96
3720.00 14.00
3730.00 14.03
3740.00 14.07
3750.00 14.10
3760.00 14.14
3770.00 14.17
3780.00 14.21
3790.00 14.24
3800.00 14.28
3810.00 14.31
3820.00 14.34
3830.00 14.38
3840.00 14.41
3850.00 14.45
3860.00 14.48
3870.00 14.52
3880.00 14.55
3890.00 14.59
3900.00 14.62
3910.00 14.65
3920.00 14.69
3930.00 14.72
3940.00 14.76
3950.00 14.79
3960.00 14.83
3970.00 14.86
3980.00 14.90
3990.00 14.93
4000.00 14.96
4010.00 15.00
4020.00 15.03
4030.00 15.07
4040.00 15.10
4050.00 15.13
4060.00 15.17
4070.00 15.20
4080.00 15.24
4090.00 15.27
4100.00 15.31
4110.00 15.34
4120.00 15.37
4130.00 15.41
4140.00 15.44
4150.00 15.48
4160.00 15.51
4170.00 15.54
4180.00 15.58
4190.00 15.61
4200.00 15.65
4210.00 15.68
4220.00 15.71
4230.00 15.75
4240.00 15.78
4250.00 15.82
4260.00 15.85
4270.00 15.88
4280.00 15.92
4290.00 15.95
4300.00 15.98
4310.00 16.02
4320.00 16.05
4330.00 16.09
4340.00 16.12
4350.00 16.15
4360.00 16.19
4370.00 16.22
4380.00 16.25
4390.00 16.29
4400.00 16.32
4410.00 16.36
4420.00 16.39
4430.00 16.42
4440.00 16.46
4450.00 16.49
4460.00 16.52
4470.00 16.56
4480.00 16.59
4490.00 16.62
4500.00 16.66
4510.00 16.69
4520.00 16.72
4530.00 16.76
4540.00 16.79
4550.00 16.83
4560.00 16.86
4570.00 16.89
4580.00 16.93
4590.00 16.96
4600.00 16.99
4610.00 17.03
4620.00 17.06
4630.00 17.09
4640.00 17.13
4650.00 17.16
4660.00 17.19
4670.00 17.22
4680.00 17.26
4690.00 17.29
4700.00 17.32
4710.00 17.36
4720.00 17.39
4730.00 17.42
4740.00 17.46
4750.00 17.49
4760.00 17.52
4770.00 17.56
4780.00 17.59
4790.00 17.62
4800.00 17.66
4810.00 17.69
4820.00 17.72
4830.00 17.75
4840.00 17.79
4850.00 17.82
4860.00 17.85
4870.00 17.89
4880.00 17.92
4890.00 17.95
4900.00 17.98
4910.00 18.02
4920.00 18.05
4930.00 18.08
4940.00 18.12
4950.00 18.15
4960.00 18.18
4970.00 18.21
4980.00 18.25
4990.00 18.28
5000.00 18.31
5010.00 18.35
5020.00 18.38
5030.00 18.41
5040.00 18.44
5050.00 18.48
5060.00 18.51
5070.00 18.54
5080.00 18.57
5090.00 18.61
5100.00 18.64
5110.00 18.67
5120.00 18.70
5130.00 18.74
5140.00 18.77
5150.00 18.80
5160.00 18.83
5170.00 18.87
5180.00 18.90
5190.00 18.93
5200.00 18.96
5210.00 19.00
5220.00 19.03
5230.00 19.06
5240.00 19.09
5250.00 19.13
5260.00 19.16
5270.00 19.19
5280.00 19.22
5290.00 19.25
5300.00 19.29
5310.00 19.32
5320.00 19.35
5330.00 19.38
5340.00 19.42
5350.00 19.45
5360.00 19.48
5370.00 19.51
5380.00 19.54
5390.00 19.58
5400.00 19.61
5410.00 19.64
5420.00 19.67
5430.00 19.70
5440.00 19.74
5450.00 19.77
5460.00 19.80
5470.00 19.83
5480.00 19.86
5490.00 19.90
5500.00 19.93
5510.00 19.96
5520.00 19.99
5530.00 20.02
5540.00 20.06
5550.00 20.09
5560.00 20.12
5570.00 20.15
5580.00 20.18
5590.00 20.22
5600.00 20.25
5610.00 20.28
5620.00 20.31
5630.00 20.34
5640.00 20.37
5650.00 20.41
5660.00 20.44
5670.00 20.47
5680.00 20.50
5690.00 20.53
5700.00 20.56
5710.00 20.60
5720.00 20.63
5730.00 20.66
5740.00 20.69
5750.00 20.72
5760.00 20.75
5770.00 20.78
5780.00 20.82
5790.00 20.85
5800.00 20.88
5810.00 20.91
5820.00 20.94
5830.00 20.97
5840.00 21.00
5850.00 21.04
5860.00 21.07
5870.00 21.10
5880.00 21.13
5890.00 21.16
5900.00 21.19
5910.00 21.22
5920.00 21.26
5930.00 21.29
5940.00 21.32
5950.00 21.35
5960.00 21.38
5970.00 21.41
5980.00 21.44
5990.00 21.47
6000.00 21.50
6010.00 21.54
6020.00 21.57
6030.00 21.60
6040.00 21.63
6050.00 21.66
6060.00 21.69
6070.00 21.72
6080.00 21.75
6090.00 21.78
6100.00 21.82
6110.00 21.85
6120.00 21.88
6130.00 21.91
6140.00 21.94
6150.00 21.97
6160.00 22.00
6170.00 22.03
6180.00 22.06
6190.00 22.09
6200.00 22.12
6210.00 22.16
6220.00 22.19
6230.00 22.22
6240.00 22.25
6250.00 22.28
6260.00 22.31
6270.00 22.34
6280.00 22.37
6290.00 22.40
6300.00 22.43
6310.00 22.46
6320.00 22.49
6330.00 22.52
6340.00 22.55
6350.00 22.59
6360.00 22.62
6370.00 22.65
6380.00 22.68
6390.00 22.71
6400.00 22.74
6410.00 22.77
6420.00 22.80
6430.00 22.83
6440.00 22.86
6450.00 22.89
6460.00 22.92
6470.00 22.95
6480.00 22.98
6490.00 23.01
6500.00 23.04
6510.00 23.07
6520.00 23.10
6530.00 23.13
6540.00 23.16
6550.00 23.19
6560.00 23.22
6570.00 23.25
6580.00 23.28
6590.00 23.31
6600.00 23.35
6610.00 23.38
6620.00 23.41
6630.00 23.44
6640.00 23.47
6650.00 23.50
6660.00 23.53
6670.00 23.56
6680.00 23.59
6690.00 23.62
6700.00 23.65
6710.00 23.68
6720.00 23.71
6730.00 23.74
6740.00 23.77
6750.00 23.80
6760.00 23.83
6770.00 23.86
6780.00 23.89
6790.00 23.92
6800.00 23.95
6810.00 23.98
6820.00 24.01
6830.00 24.04
6840.00 24.07
6850.00 24.10
6860.00 24.12
6870.00 24.15
6880.00 24.18
6890.00 24.21
6900.00 24.24
6910.00 24.27
6920.00 24.30
6930.00 24.33
6940.00 24.36
6950.00 24.39
6960.00 24.42
6970.00 24.45
6980.00 24.48
6990.00 24.51
7000.00 24.54
7010.00 24.57
7020.00 24.60
7030.00 24.63
7040.00 24.66
7050.00 24.69
7060.00 24.72
7070.00 24.75
7080.00 24.78
7090.00 24.81
7100.00 24.84
7110.00 24.86
7120.00 24.89
7130.00 24.92
7140.00 24.95
7150.00 24.98
7160.00 25.01
7170.00 25.04
7180.00 25.07
7190.00 25.10
7200.00 25.13
7210.00 25.16
7220.00 25.19
7230.00 25.22
7240.00 25.25
7250.00 25.27
7260.00 25.30
7270.00 25.33
7280.00 25.36
7290.00 25.39
7300.00 25.42
7310.00 25.45
7320.00 25.48
7330.00 25.51
7340.00 25.54
7350.00 25.57
7360.00 25.59
7370.00 25.62
7380.00 25.65
7390.00 25.68
7400.00 25.71
7410.00 25.74
7420.00 25.77
7430.00 25.80
7440.00 25.83
7450.00 25.86
7460.00 25.88
7470.00 25.91
7480.00 25.94
7490.00 25.97
7500.00 26.00
7510.00 26.03
7520.00 26.06
7530.00 26.09
7540.00 26.11
7550.00 26.14
7560.00 26.17
7570.00 26.20
7580.00 26.23
7590.00 26.26
7600.00 26.29
7610.00 26.31
7620.00 26.34
7630.00 26.37
7640.00 26.40
7650.00 26.43
7660.00 26.46
7670.00 26.49
7680.00 26.51
7690.00 26.54
7700.00 26.57
7710.00 26.60
7720.00 26.63
7730.00 26.66
7740.00 26.69
7750.00 26.71
7760.00 26.74
7770.00 26.77
7780.00 26.80
7790.00 26.83
7800.00 26.86
7810.00 26.88
7820.00 26.91
7830.00 26.94
7840.00 26.97
7850.00 27.00
7860.00 27.03
7870.00 27.05
7880.00 27.08
7890.00 27.11
7900.00 27.14
7910.00 27.17
7920.00 27.19
7930.00 27.22
7940.00 27.25
7950.00 27.28
7960.00 27.31
7970.00 27.33
7980.00 27.36
7990.00 27.39
8000.00 27.42
8010.00 27.45
8020.00 27.47
8030.00 27.50
8040.00 27.53
8050.00 27.56
8060.00 27.59
8070.00 27.61
8080.00 27.64
8090.00 27.67
8100.00 27.70
8110.00 27.73
8120.00 27.75
8130.00 27.78
8140.00 27.81
8150.00 27.84
8160.00 27.87
8170.00 27.89
8180.00 27.92
8190.00 27.95
8200.00 27.98
8210.00 28.00
8220.00 28.03
8230.00 28.06
8240.00 28.09
8250.00 28.11
8260.00 28.14
8270.00 28.17
8280.00 28.20
8290.00 28.22
8300.00 28.25
8310.00 28.28
8320.00 28.31
8330.00 28.33
8340.00 28.36
8350.00 28.39
8360.00 28.42
8370.00 28.44
8380.00 28.47
8390.00 28.50
8400.00 28.53
8410.00 28.55
8420.00 28.58
8430.00 28.61
8440.00 28.64
8450.00 28.66
8460.00 28.69
8470.00 28.72
8480.00 28.75
8490.00 28.77
8500.00 28.80
8510.00 28.83
8520.00 28.85
8530.00 28.88
8540.00 28.91
8550.00 28.94
8560.00 28.96
8570.00 28.99
8580.00 29.02
8590.00 29.04
8600.00 29.07
8610.00 29.10
8620.00 29.12
8630.00 29.15
8640.00 29.18
8650.00 29.21
8660.00 29.23
8670.00 29.26
8680.00 29.29
8690.00 29.31
8700.00 29.34
8710.00 29.37
8720.00 29.39
8730.00 29.42
8740.00 29.45
8750.00 29.48
8760.00 29.50
8770.00 29.53
8780.00 29.56
8790.00 29.58
8800.00 29.61
8810.00 29.64
8820.00 29.66
8830.00 29.69
8840.00 29.72
8850.00 29.74
8860.00 29.77
8870.00 29.80
8880.00 29.82
8890.00 29.85
8900.00 29.88
8910.00 29.90
8920.00 29.93
8930.00 29.96
8940.00 29.98
8950.00 30.01
8960.00 30.03
8970.00 30.06
8980.00 30.09
8990.00 30.11
9000.00 30.14
9010.00 30.17
9020.00 30.19
9030.00 30.22
9040.00 30.25
9050.00 30.27
9060.00 30.30
9070.00 30.33
9080.00 30.35
9090.00 30.38
9100.00 30.40
9110.00 30.43
9120.00 30.46
9130.00 30.48
9140.00 30.51
9150.00 30.54
9160.00 30.56
9170.00 30.59
9180.00 30.61
9190.00 30.64
9200.00 30.67
9210.00 30.69
9220.00 30.72
9230.00 30.74
9240.00 30.77
9250.00 30.80
9260.00 30.82
9270.00 30.85
9280.00 30.87
9290.00 30.90
9300.00 30.93
9310.00 30.95
9320.00 30.98
9330.00 31.00
9340.00 31.03
9350.00 31.06
9360.00 31.08
9370.00 31.11
9380.00 31.13
9390.00 31.16
9400.00 31.19
9410.00 31.21
9420.00 31.24
9430.00 31.26
9440.00 31.29
9450.00 31.31
9460.00 31.34
9470.00 31.37
9480.00 31.39
9490.00 31.42
9500.00 31.44
9510.00 31.47
9520.00 31.49
9530.00 31.52
9540.00 31.55
9550.00 31.57
9560.00 31.60
9570.00 31.62
9580.00 31.65
9590.00 31.67
9600.00 31.70
9610.00 31.72
9620.00 31.75
9630.00 31.78
9640.00 31.80
9650.00 31.83
9660.00 31.85
9670.00 31.88
9680.00 31.90
9690.00 31.93
9700.00 31.95
9710.00 31.98
9720.00 32.00
9730.00 32.03
9740.00 32.05
9750.00 32.08
9760.00 32.10
9770.00 32.13
9780.00 32.15
9790.00 32.18
9800.00 32.21
9810.00 32.23
9820.00 32.26
9830.00 32.28
9840.00 32.31
9850.00 32.33
9860.00 32.36
9870.00 32.38
9880.00 32.41
9890.00 32.43
9900.00 32.46
9910.00 32.48
9920.00 32.51
9930.00 32.53
9940.00 32.56
9950.00 32.58
9960.00 32.61
9970.00 32.63
9980.00 32.66
9990.00 32.68
10000.00 32.71
10010.00 32.73
10020.00 32.76
10030.00 32.78
10040.00 32.81
10050.00 32.83
10060.00 32.85
10070.00 32.88
10080.00 32.90
10090.00 32.93
10100.00 32.95
10110.00 32.98
10120.00 33.00
10130.00 33.03
10140.00 33.05
10150.00 33.08
10160.00 33.10
10170.00 33.13
10180.00 33.15
10190.00 33.18
10200.00 33.20
10210.00 33.22
10220.00 33.25
10230.00 33.27
10240.00 33.30
10250.00 33.32
10260.00 33.35
10270.00 33.37
10280.00 33.40
10290.00 33.42
10300.00 33.44
10310.00 33.47
10320.00 33.49
10330.00 33.52
10340.00 33.54
10350.00 33.57
10360.00 33.59
10370.00 33.62
10380.00 33.64
10390.00 33.66
10400.00 33.69
10410.00 33.71
10420.00 33.74
10430.00 33.76
10440.00 33.78
10450.00 33.81
10460.00 33.83
10470.00 33.86
10480.00 33.88
10490.00 33.91
10500.00 33.93
10510.00 33.95
10520.00 33.98
10530.00 34.00
10540.00 34.03
10550.00 34.05
10560.00 34.07
10570.00 34.10
10580.00 34.12
10590.00 34.15
10600.00 34.17
10610.00 34.19
10620.00 34.22
10630.00 34.24
10640.00 34.27
10650.00 34.29
10660.00 34.31
10670.00 34.34
10680.00 34.36
10690.00 34.38
10700.00 34.41
10710.00 34.43
10720.00 34.46
10730.00 34.48
10740.00 34.50
10750.00 34.53
10760.00 34.55
10770.00 34.57
10780.00 34.60
10790.00 34.62
10800.00 34.64
10810.00 34.67
10820.00 34.69
10830.00 34.72
10840.00 34.74
10850.00 34.76
10860.00 34.79
10870.00 34.81
10880.00 34.83
10890.00 34.86
10900.00 34.88
10910.00 34.90
10920.00 34.93
10930.00 34.95
10940.00 34.97
10950.00 35.00
10960.00 35.02
10970.00 35.04
10980.00 35.07
10990.00 35.09
11000.00 35.11
11010.00 35.14
11020.00 35.16
11030.00 35.18
11040.00 35.21
11050.00 35.23
11060.00 35.25
11070.00 35.28
11080.00 35.30
11090.00 35.32
11100.00 35.35
11110.00 35.37
11120.00 35.39
11130.00 35.42
11140.00 35.44
11150.00 35.46
11160.00 35.48
11170.00 35.51
11180.00 35.53
11190.00 35.55
11200.00 35.58
11210.00 35.60
11220.00 35.62
11230.00 35.65
11240.00 35.67
11250.00 35.69
11260.00 35.71
11270.00 35.74
11280.00 35.76
11290.00 35.78
11300.00 35.81
11310.00 35.83
11320.00 35.85
11330.00 35.87
11340.00 35.90
11350.00 35.92
11360.00 35.94
11370.00 35.97
11380.00 35.99
11390.00 36.01
11400.00 36.03
11410.00 36.06
11420.00 36.08
11430.00 36.10
11440.00 36.12
11450.00 36.15
11460.00 36.17
11470.00 36.19
11480.00 36.21
11490.00 36.24
11500.00 36.26
11510.00 36.28
11520.00 36.30
11530.00 36.33
11540.00 36.35
11550.00 36.37
11560.00 36.39
11570.00 36.42
11580.00 36.44
11590.00 36.46
11600.00 36.48
11610.00 36.51
11620.00 36.53
11630.00 36.55
11640.00 36.57
11650.00 36.60
11660.00 36.62
11670.00 36.64
11680.00 36.66
11690.00 36.68
11700.00 36.71
11710.00 36.73
11720.00 36.75
11730.00 36.77
11740.00 36.80
11750.00 36.82
11760.00 36.84
11770.00 36.86
11780.00 36.88
11790.00 36.91
11800.00 36.93
11810.00 36.95
11820.00 36.97
11830.00 36.99
11840.00 37.02
11850.00 37.04
11860.00 37.06
11870.00 37.08
11880.00 37.10
11890.00 37.13
11900.00 37.15
11910.00 37.17
11920.00 37.19
11930.00 37.21
11940.00 37.23
11950.00 37.26
11960.00 37.28
11970.00 37.30
11980.00 37.32
11990.00 37.34
12000.00 37.37
12010.00 37.39
12020.00 37.41
12030.00 37.43
12040.00 37.45
12050.00 37.47
12060.00 37.50
12070.00 37.52
12080.00 37.54
12090.00 37.56
12100.00 37.58
12110.00 37.60
12120.00 37.63
12130.00 37.65
12140.00 37.67
12150.00 37.69
12160.00 37.71
12170.00 37.73
12180.00 37.75
12190.00 37.78
12200.00 37.80
12210.00 37.82
12220.00 37.84
12230.00 37.86
12240.00 37.88
12250.00 37.90
12260.00 37.93
12270.00 37.95
12280.00 37.97
12290.00 37.99
12300.00 38.01
12310.00 38.03
12320.00 38.05
12330.00 38.07
12340.00 38.10
12350.00 38.12
12360.00 38.14
12370.00 38.16
12380.00 38.18
12390.00 38.20
12400.00 38.22
12410.00 38.24
12420.00 38.26
12430.00 38.29
12440.00 38.31
12450.00 38.33
12460.00 38.35
12470.00 38.37
12480.00 38.39
12490.00 38.41
12500.00 38.43
12510.00 38.45
12520.00 38.47
12530.00 38.50
12540.00 38.52
12550.00 38.54
12560.00 38.56
12570.00 38.58
12580.00 38.60
12590.00 38.62
12600.00 38.64
12610.00 38.66
12620.00 38.68
12630.00 38.70
12640.00 38.72
12650.00 38.74
12660.00 38.77
12670.00 38.79
12680.00 38.81
12690.00 38.83
12700.00 38.85
12710.00 38.87
12720.00 38.89
12730.00 38.91
12740.00 38.93
12750.00 38.95
12760.00 38.97
12770.00 38.99
12780.00 39.01
12790.00 39.03
12800.00 39.05
12810.00 39.07
12820.00 39.09
12830.00 39.12
12840.00 39.14
12850.00 39.16
12860.00 39.18
12870.00 39.20
12880.00 39.22
12890.00 39.24
12900.00 39.26
12910.00 39.28
12920.00 39.30
12930.00 39.32
12940.00 39.34
12950.00 39.36
12960.00 39.38
12970.00 39.40
12980.00 39.42
12990.00 39.44
13000.00 39.46
13010.00 39.48
13020.00 39.50
13030.00 39.52
13040.00 39.54
13050.00 39.56
13060.00 39.58
13070.00 39.60
13080.00 39.62
13090.00 39.64
13100.00 39.66
13110.00 39.68
13120.00 39.70
13130.00 39.72
13140.00 39.74
13150.00 39.76
13160.00 39.78
13170.00 39.80
13180.00 39.82
13190.00 39.84
13200.00 39.86
13210.00 39.88
13220.00 39.90
13230.00 39.92
13240.00 39.94
13250.00 39.96
13260.00 39.98
13270.00 40.00
13280.00 40.02
13290.00 40.04
13300.00 40.06
13310.00 40.08
13320.00 40.10
13330.00 40.12
13340.00 40.14
13350.00 40.16
13360.00 40.18
13370.00 40.20
13380.00 40.22
13390.00 40.23
13400.00 40.25
13410.00 40.27
13420.00 40.29
13430.00 40.31
13440.00 40.33
13450.00 40.35
13460.00 40.37
13470.00 40.39
13480.00 40.41
13490.00 40.43
13500.00 40.45
13510.00 40.47
13520.00 40.49
13530.00 40.51
13540.00 40.53
13550.00 40.55
13560.00 40.56
13570.00 40.58
13580.00 40.60
13590.00 40.62
13600.00 40.64
13610.00 40.66
13620.00 40.68
13630.00 40.70
13640.00 40.72
13650.00 40.74
13660.00 40.76
13670.00 40.78
13680.00 40.80
13690.00 40.81
13700.00 40.83
13710.00 40.85
13720.00 40.87
13730.00 40.89
13740.00 40.91
13750.00 40.93
13760.00 40.95
13770.00 40.97
13780.00 40.99
13790.00 41.00
13800.00 41.02
13810.00 41.04
13820.00 41.06
13830.00 41.08
13840.00 41.10
13850.00 41.12
13860.00 41.14
13870.00 41.16
13880.00 41.17
13890.00 41.19
13900.00 41.21
13910.00 41.23
13920.00 41.25
13930.00 41.27
13940.00 41.29
13950.00 41.30
13960.00 41.32
13970.00 41.34
13980.00 41.36
13990.00 41.38
14000.00 41.40
14010.00 41.42
14020.00 41.44
14030.00 41.45
14040.00 41.47
14050.00 41.49
14060.00 41.51
14070.00 41.53
14080.00 41.55
14090.00 41.56
14100.00 41.58
14110.00 41.60
14120.00 41.62
14130.00 41.64
14140.00 41.66
14150.00 41.68
14160.00 41.69
14170.00 41.71
14180.00 41.73
14190.00 41.75
14200.00 41.77
14210.00 41.79
14220.00 41.80
14230.00 41.82
14240.00 41.84
14250.00 41.86
14260.00 41.88
14270.00 41.89
14280.00 41.91
14290.00 41.93
14300.00 41.95
14310.00 41.97
14320.00 41.99
14330.00 42.00
14340.00 42.02
14350.00 42.04
14360.00 42.06
14370.00 42.08
14380.00 42.09
14390.00 42.11
14400.00 42.13
14410.00 42.15
14420.00 42.17
14430.00 42.18
14440.00 42.20
14450.00 42.22
14460.00 42.24
14470.00 42.25
14480.00 42.27
14490.00 42.29
14500.00 42.31
14510.00 42.33
14520.00 42.34
14530.00 42.36
14540.00 42.38
14550.00 42.40
14560.00 42.41
14570.00 42.43
14580.00 42.45
14590.00 42.47
14600.00 42.49
14610.00 42.50
14620.00 42.52
14630.00 42.54
14640.00 42.56
14650.00 42.57
14660.00 42.59
14670.00 42.61
14680.00 42.63
14690.00 42.64
14700.00 42.66
14710.00 42.68
14720.00 42.70
14730.00 42.71
14740.00 42.73
14750.00 42.75
14760.00 42.77
14770.00 42.78
14780.00 42.80
14790.00 42.82
14800.00 42.84
14810.00 42.85
14820.00 42.87
14830.00 42.89
14840.00 42.90
14850.00 42.92
14860.00 42.94
14870.00 42.96
14880.00 42.97
14890.00 42.99
14900.00 43.01
14910.00 43.03
14920.00 43.04
14930.00 43.06
14940.00 43.08
14950.00 43.09
14960.00 43.11
14970.00 43.13
14980.00 43.15
14990.00 43.16
15000.00 43.18
15010.00 43.20
15020.00 43.21
15030.00 43.23
15040.00 43.25
15050.00 43.26
15060.00 43.28
15070.00 43.30
15080.00 43.31
15090.00 43.33
15100.00 43.35
15110.00 43.37
15120.00 43.38
15130.00 43.40
15140.00 43.42
15150.00 43.43
15160.00 43.45
15170.00 43.47
15180.00 43.48
15190.00 43.50
15200.00 43.52
15210.00 43.53
15220.00 43.55
15230.00 43.57
15240.00 43.58
15250.00 43.60
15260.00 43.62
15270.00 43.63
15280.00 43.65
15290.00 43.67
15300.00 43.68
15310.00 43.70
15320.00 43.72
15330.00 43.73
15340.00 43.75
15350.00 43.77
15360.00 43.78
15370.00 43.80
15380.00 43.81
15390.00 43.83
15400.00 43.85
15410.00 43.86
15420.00 43.88
15430.00 43.90
15440.00 43.91
15450.00 43.93
15460.00 43.95
15470.00 43.96
15480.00 43.98
15490.00 43.99
15500.00 44.01
15510.00 44.03
15520.00 44.04
15530.00 44.06
15540.00 44.08
15550.00 44.09
15560.00 44.11
15570.00 44.12
15580.00 44.14
15590.00 44.16
15600.00 44.17
15610.00 44.19
15620.00 44.20
15630.00 44.22
15640.00 44.24
15650.00 44.25
15660.00 44.27
15670.00 44.28
15680.00 44.30
15690.00 44.32
15700.00 44.33
15710.00 44.35
15720.00 44.36
15730.00 44.38
15740.00 44.40
15750.00 44.41
15760.00 44.43
15770.00 44.44
15780.00 44.46
15790.00 44.48
15800.00 44.49
15810.00 44.51
15820.00 44.52
15830.00 44.54
15840.00 44.55
15850.00 44.57
15860.00 44.59
15870.00 44.60
15880.00 44.62
15890.00 44.63
15900.00 44.65
15910.00 44.66
15920.00 44.68
15930.00 44.69
15940.00 44.71
15950.00 44.73
15960.00 44.74
15970.00 44.76
15980.00 44.77
15990.00 44.79
16000.00 44.80
16010.00 44.82
16020.00 44.83
16030.00 44.85
16040.00 44.87
16050.00 44.88
16060.00 44.90
16070.00 44.91
16080.00 44.93
16090.00 44.94
16100.00 44.96
16110.00 44.97
16120.00 44.99
16130.00 45.00
16140.00 45.02
16150.00 45.03
16160.00 45.05
16170.00 45.06
16180.00 45.08
16190.00 45.09
16200.00 45.11
16210.00 45.12
16220.00 45.14
16230.00 45.15
16240.00 45.17
16250.00 45.19
16260.00 45.20
16270.00 45.22
16280.00 45.23
16290.00 45.25
16300.00 45.26
16310.00 45.28
16320.00 45.29
16330.00 45.31
16340.00 45.32
16350.00 45.33
16360.00 45.35
16370.00 45.36
16380.00 45.38
16390.00 45.39
16400.00 45.41
16410.00 45.42
16420.00 45.44
16430.00 45.45
16440.00 45.47
16450.00 45.48
16460.00 45.50
16470.00 45.51
16480.00 45.53
16490.00 45.54
16500.00 45.56
16510.00 45.57
16520.00 45.59
16530.00 45.60
16540.00 45.62
16550.00 45.63
16560.00 45.64
16570.00 45.66
16580.00 45.67
16590.00 45.69
16600.00 45.70
16610.00 45.72
16620.00 45.73
16630.00 45.75
16640.00 45.76
16650.00 45.78
16660.00 45.79
16670.00 45.80
16680.00 45.82
16690.00 45.83
16700.00 45.85
16710.00 45.86
16720.00 45.88
16730.00 45.89
16740.00 45.90
16750.00 45.92
16760.00 45.93
16770.00 45.95
16780.00 45.96
16790.00 45.98
16800.00 45.99
16810.00 46.00
16820.00 46.02
16830.00 46.03
16840.00 46.05
16850.00 46.06
16860.00 46.08
16870.00 46.09
16880.00 46.10
16890.00 46.12
16900.00 46.13
16910.00 46.15
16920.00 46.16
16930.00 46.17
16940.00 46.19
16950.00 46.20
16960.00 46.22
16970.00 46.23
16980.00 46.24
16990.00 46.26
17000.00 46.27
17010.00 46.28
17020.00 46.30
17030.00 46.31
17040.00 46.33
17050.00 46.34
17060.00 46.35
17070.00 46.37
17080.00 46.38
17090.00 46.40
17100.00 46.41
17110.00 46.42
17120.00 46.44
17130.00 46.45
17140.00 46.46
17150.00 46.48
17160.00 46.49
17170.00 46.50
17180.00 46.52
17190.00 46.53
17200.00 46.55
17210.00 46.56
17220.00 46.57
17230.00 46.59
17240.00 46.60
17250.00 46.61
17260.00 46.63
17270.00 46.64
17280.00 46.65
17290.00 46.67
17300.00 46.68
17310.00 46.69
17320.00 46.71
17330.00 46.72
17340.00 46.73
17350.00 46.75
17360.00 46.76
17370.00 46.77
17380.00 46.79
17390.00 46.80
17400.00 46.81
17410.00 46.83
17420.00 46.84
17430.00 46.85
17440.00 46.87
17450.00 46.88
17460.00 46.89
17470.00 46.91
17480.00 46.92
17490.00 46.93
17500.00 46.95
17510.00 46.96
17520.00 46.97
17530.00 46.99
17540.00 47.00
17550.00 47.01
17560.00 47.02
17570.00 47.04
17580.00 47.05
17590.00 47.06
17600.00 47.08
17610.00 47.09
17620.00 47.10
17630.00 47.12
17640.00 47.13
17650.00 47.14
17660.00 47.15
17670.00 47.17
17680.00 47.18
17690.00 47.19
17700.00 47.21
17710.00 47.22
17720.00 47.23
17730.00 47.24
17740.00 47.26
17750.00 47.27
17760.00 47.28
17770.00 47.29
17780.00 47.31
17790.00 47.32
17800.00 47.33
17810.00 47.34
17820.00 47.36
17830.00 47.37
17840.00 47.38
17850.00 47.40
17860.00 47.41
17870.00 47.42
17880.00 47.43
17890.00 47.45
17900.00 47.46
17910.00 47.47
17920.00 47.48
17930.00 47.50
17940.00 47.51
17950.00 47.52
17960.00 47.53
17970.00 47.54
17980.00 47.56
17990.00 47.57
18000.00 47.58
18010.00 47.59
18020.00 47.61
18030.00 47.62
18040.00 47.63
18050.00 47.64
18060.00 47.66
18070.00 47.67
18080.00 47.68
18090.00 47.69
18100.00 47.70
18110.00 47.72
18120.00 47.73
18130.00 47.74
18140.00 47.75
18150.00 47.76
18160.00 47.78
18170.00 47.79
18180.00 47.80
18190.00 47.81
18200.00 47.83
18210.00 47.84
18220.00 47.85
18230.00 47.86
18240.00 47.87
18250.00 47.88
18260.00 47.90
18270.00 47.91
18280.00 47.92
18290.00 47.93
18300.00 47.94
18310.00 47.96
18320.00 47.97
18330.00 47.98
18340.00 47.99
18350.00 48.00
18360.00 48.02
18370.00 48.03
18380.00 48.04
18390.00 48.05
18400.00 48.06
18410.00 48.07
18420.00 48.09
18430.00 48.10
18440.00 48.11
18450.00 48.12
18460.00 48.13
18470.00 48.14
18480.00 48.16
18490.00 48.17
18500.00 48.18
18510.00 48.19
18520.00 48.20
18530.00 48.21
18540.00 48.22
18550.00 48.24
18560.00 48.25
18570.00 48.26
18580.00 48.27
18590.00 48.28
18600.00 48.29
18610.00 48.30
18620.00 48.32
18630.00 48.33
18640.00 48.34
18650.00 48.35
18660.00 48.36
18670.00 48.37
18680.00 48.38
18690.00 48.39
18700.00 48.41
18710.00 48.42
18720.00 48.43
18730.00 48.44
18740.00 48.45
18750.00 48.46
18760.00 48.47
18770.00 48.48
18780.00 48.50
18790.00 48.51
18800.00 48.52
18810.00 48.53
18820.00 48.54
18830.00 48.55
18840.00 48.56
18850.00 48.57
18860.00 48.58
18870.00 48.59
18880.00 48.61
18890.00 48.62
18900.00 48.63
18910.00 48.64
18920.00 48.65
18930.00 48.66
18940.00 48.67
18950.00 48.68
18960.00 48.69
18970.00 48.70
18980.00 48.71
18990.00 48.72
19000.00 48.74
19010.00 48.75
19020.00 48.76
19030.00 48.77
19040.00 48.78
19050.00 48.79
19060.00 48.80
19070.00 48.81
19080.00 48.82
19090.00 48.83
19100.00 48.84
19110.00 48.85
19120.00 48.86
19130.00 48.87
19140.00 48.88
19150.00 48.90
19160.00 48.91
19170.00 48.92
19180.00 48.93
19190.00 48.94
19200.00 48.95
19210.00 48.96
19220.00 48.97
19230.00 48.98
19240.00 48.99
19250.00 49.00
19260.00 49.01
19270.00 49.02
19280.00 49.03
19290.00 49.04
19300.00 49.05
19310.00 49.06
19320.00 49.07
19330.00 49.08
19340.00 49.09
19350.00 49.10
19360.00 49.11
19370.00 49.12
19380.00 49.13
19390.00 49.14
19400.00 49.15
19410.00 49.16
19420.00 49.17
19430.00 49.18
19440.00 49.19
19450.00 49.20
19460.00 49.21
19470.00 49.22
19480.00 49.23
19490.00 49.24
19500.00 49.25
19510.00 49.26
19520.00 49.27
19530.00 49.28
19540.00 49.29
19550.00 49.30
19560.00 49.31
19570.00 49.32
19580.00 49.33
19590.00 49.34
19600.00 49.35
19610.00 49.36
19620.00 49.37
19630.00 49.38
19640.00 49.39
19650.00 49.40
19660.00 49.41
19670.00 49.42
19680.00 49.43
19690.00 49.44
19700.00 49.45
19710.00 49.46
19720.00 49.47
19730.00 49.48
19740.00 49.49
19750.00 49.50
19760.00 49.51
19770.00 49.52
19780.00 49.53
19790.00 49.54
19800.00 49.55
19810.00 49.56
19820.00 49.56
19830.00 49.57
19840.00 49.58
19850.00 49.59
19860.00 49.60
19870.00 49.61
19880.00 49.62
19890.00 49.63
19900.00 49.64
19910.00 49.65
19920.00 49.66
19930.00 49.67
19940.00 49.68
19950.00 49.69
19960.00 49.70
19970.00 49.71
19980.00 49.71
19990.00 49.72
20000.00 49.73
20010.00 49.74
20020.00 49.75
20030.00 49.76
20040.00 49.77
20050.00 49.78
20060.00 49.79
20070.00 49.80
20080.00 49.81
20090.00 49.81
20100.00 49.82
20110.00 49.83
20120.00 49.84
20130.00 49.85
20140.00 49.86
20150.00 49.87
20160.00 49.88
20170.00 49.89
20180.00 49.90
20190.00 49.90
20200.00 49.91
20210.00 49.92
20220.00 49.93
20230.00 49.94
20240.00 49.95
20250.00 49.96
20260.00 49.97
20270.00 49.98
20280.00 49.98
20290.00 49.99
20300.00 50.00
20310.00 50.01
20320.00 50.02
20330.00 50.03
20340.00 50.04
20350.00 50.04
20360.00 50.05
20370.00 50.06
20380.00 50.07
20390.00 50.08
20400.00 50.09
20410.00 50.10
20420.00 50.10
20430.00 50.11
20440.00 50.12
20450.00 50.13
20460.00 50.14
20470.00 50.15
20480.00 50.16
20490.00 50.16
20500.00 50.17
20510.00 50.18
20520.00 50.19
20530.00 50.20
20540.00 50.21
20550.00 50.21
20560.00 50.22
20570.00 50.23
20580.00 50.24
20590.00 50.25
20600.00 50.26
20610.00 50.26
20620.00 50.27
20630.00 50.28
20640.00 50.29
20650.00 50.30
20660.00 50.31
20670.00 50.31
20680.00 50.32
20690.00 50.33
20700.00 50.34
20710.00 50.35
20720.00 50.35
20730.00 50.36
20740.00 50.37
20750.00 50.38
20760.00 50.39
20770.00 50.39
20780.00 50.40
20790.00 50.41
20800.00 50.42
20810.00 50.43
20820.00 50.43
20830.00 50.44
20840.00 50.45
20850.00 50.46
20860.00 50.47
20870.00 50.47
20880.00 50.48
20890.00 50.49
20900.00 50.50
20910.00 50.50
20920.00 50.51
20930.00 50.52
20940.00 50.53
20950.00 50.53
20960.00 50.54
20970.00 50.55
20980.00 50.56
20990.00 50.57
21000.00 50.57
21010.00 50.58
21020.00 50.59
21030.00 50.60
21040.00 50.60
21050.00 50.61
21060.00 50.62
21070.00 50.63
21080.00 50.63
21090.00 50.64
21100.00 50.65
21110.00 50.66
21120.00 50.66
21130.00 50.67
21140.00 50.68
21150.00 50.69
21160.00 50.69
21170.00 50.70
21180.00 50.71
21190.00 50.72
21200.00 50.72
21210.00 50.73
21220.00 50.74
21230.00 50.74
21240.00 50.75
21250.00 50.76
21260.00 50.77
21270.00 50.77
21280.00 50.78
21290.00 50.79
21300.00 50.79
21310.00 50.80
21320.00 50.81
21330.00 50.82
21340.00 50.82
21350.00 50.83
21360.00 50.84
21370.00 50.84
21380.00 50.85
21390.00 50.86
21400.00 50.87
21410.00 50.87
21420.00 50.88
21430.00 50.89
21440.00 50.89
21450.00 50.90
21460.00 50.91
21470.00 50.91
21480.00 50.92
21490.00 50.93
21500.00 50.93
21510.00 50.94
21520.00 50.95
21530.00 50.96
21540.00 50.96
21550.00 50.97
21560.00 50.98
21570.00 50.98
21580.00 50.99
21590.00 51.00
21600.00 51.00
21610.00 51.01
21620.00 51.02
21630.00 51.02
21640.00 51.03
21650.00 51.04
21660.00 51.04
21670.00 51.05
21680.00 51.06
21690.00 51.06
21700.00 51.07
21710.00 51.07
21720.00 51.08
21730.00 51.09
21740.00 51.09
21750.00 51.10
21760.00 51.11
21770.00 51.11
21780.00 51.12
21790.00 51.13
21800.00 51.13
21810.00 51.14
21820.00 51.15
21830.00 51.15
21840.00 51.16
21850.00 51.16
21860.00 51.17
21870.00 51.18
21880.00 51.18
21890.00 51.19
21900.00 51.20
21910.00 51.20
21920.00 51.21
21930.00 51.21
21940.00 51.22
21950.00 51.23
21960.00 51.23
21970.00 51.24
21980.00 51.24
21990.00 51.25
22000.00 51.26
22010.00 51.26
22020.00 51.27
22030.00 51.27
22040.00 51.28
22050.00 51.29
22060.00 51.29
22070.00 51.30
22080.00 51.30
22090.00 51.31
22100.00 51.32
22110.00 51.32
22120.00 51.33
22130.00 51.33
22140.00 51.34
22150.00 51.35
22160.00 51.35
22170.00 51.36
22180.00 51.36
22190.00 51.37
22200.00 51.37
22210.00 51.38
22220.00 51.39
22230.00 51.39
22240.00 51.40
22250.00 51.40
22260.00 51.41
22270.00 51.41
22280.00 51.42
22290.00 51.43
22300.00 51.43
22310.00 51.44
22320.00 51.44
22330.00 51.45
22340.00 51.45
22350.00 51.46
22360.00 51.46
22370.00 51.47
22380.00 51.48
22390.00 51.48
22400.00 51.49
22410.00 51.49
22420.00 51.50
22430.00 51.50
22440.00 51.51
22450.00 51.51
22460.00 51.52
22470.00 51.52
22480.00 51.53
22490.00 51.53
22500.00 51.54
22510.00 51.55
22520.00 51.55
22530.00 51.56
22540.00 51.56
22550.00 51.57
22560.00 51.57
22570.00 51.58
22580.00 51.58
22590.00 51.59
22600.00 51.59
22610.00 51.60
22620.00 51.60
22630.00 51.61
22640.00 51.61
22650.00 51.62
22660.00 51.62
22670.00 51.63
22680.00 51.63
22690.00 51.64
22700.00 51.64
22710.00 51.65
22720.00 51.65
22730.00 51.66
22740.00 51.66
22750.00 51.67
22760.00 51.67
22770.00 51.68
22780.00 51.68
22790.00 51.69
22800.00 51.69
22810.00 51.70
22820.00 51.70
22830.00 51.71
22840.00 51.71
22850.00 51.71
22860.00 51.72
22870.00 51.72
22880.00 51.73
22890.00 51.73
22900.00 51.74
22910.00 51.74
22920.00 51.75
22930.00 51.75
22940.00 51.76
22950.00 51.76
22960.00 51.77
22970.00 51.77
22980.00 51.77
22990.00 51.78
23000.00 51.78
23010.00 51.79
23020.00 51.79
23030.00 51.80
23040.00 51.80
23050.00 51.81
23060.00 51.81
23070.00 51.81
23080.00 51.82
23090.00 51.82
23100.00 51.83
23110.00 51.83
23120.00 51.84
23130.00 51.84
23140.00 51.84
23150.00 51.85
23160.00 51.85
23170.00 51.86
23180.00 51.86
23190.00 51.87
23200.00 51.87
23210.00 51.87
23220.00 51.88
23230.00 51.88
23240.00 51.89
23250.00 51.89
23260.00 51.89
23270.00 51.90
23280.00 51.90
23290.00 51.91
23300.00 51.91
23310.00 51.92
23320.00 51.92
23330.00 51.92
23340.00 51.93
23350.00 51.93
23360.00 51.93
23370.00 51.94
23380.00 51.94
23390.00 51.95
23400.00 51.95
23410.00 51.95
23420.00 51.96
23430.00 51.96
23440.00 51.97
23450.00 51.97
23460.00 51.97
23470.00 51.98
23480.00 51.98
23490.00 51.98
23500.00 51.99
23510.00 51.99
23520.00 52.00
23530.00 52.00
23540.00 52.00
23550.00 52.01
23560.00 52.01
23570.00 52.01
23580.00 52.02
23590.00 52.02
23600.00 52.02
23610.00 52.03
23620.00 52.03
23630.00 52.04
23640.00 52.04
23650.00 52.04
23660.00 52.05
23670.00 52.05
23680.00 52.05
23690.00 52.06
23700.00 52.06
23710.00 52.06
23720.00 52.07
23730.00 52.07
23740.00 52.07
23750.00 52.08
23760.00 52.08
23770.00 52.08
23780.00 52.09
23790.00 52.09
23800.00 52.09
23810.00 52.10
23820.00 52.10
23830.00 52.10
23840.00 52.11
23850.00 52.11
23860.00 52.11
23870.00 52.11
23880.00 52.12
23890.00 52.12
23900.00 52.12
23910.00 52.13
23920.00 52.13
23930.00 52.13
23940.00 52.14
23950.00 52.14
23960.00 52.14
23970.00 52.14
23980.00 52.15
23990.00 52.15
24000.00 52.15
24010.00 52.16
24020.00 52.16
24030.00 52.16
24040.00 52.17
24050.00 52.17
24060.00 52.17
24070.00 52.17
24080.00 52.18
24090.00 52.18
24100.00 52.18
24110.00 52.18
24120.00 52.19
24130.00 52.19
24140.00 52.19
24150.00 52.20
24160.00 52.20
24170.00 52.20
24180.00 52.20
24190.00 52.21
24200.00 52.21
24210.00 52.21
24220.00 52.21
24230.00 52.22
24240.00 52.22
24250.00 52.22
24260.00 52.22
24270.00 52.23
24280.00 52.23
24290.00 52.23
24300.00 52.23
24310.00 52.24
24320.00 52.24
24330.00 52.24
24340.00 52.24
24350.00 52.25
24360.00 52.25
24370.00 52.25
24380.00 52.25
24390.00 52.26
24400.00 52.26
24410.00 52.26
24420.00 52.26
24430.00 52.26
24440.00 52.27
24450.00 52.27
24460.00 52.27
24470.00 52.27
24480.00 52.28
24490.00 52.28
24500.00 52.28
24510.00 52.28
24520.00 52.28
24530.00 52.29
24540.00 52.29
24550.00 52.29
24560.00 52.29
24570.00 52.29
24580.00 52.30
24590.00 52.30
24600.00 52.30
24610.00 52.30
24620.00 52.30
24630.00 52.31
24640.00 52.31
24650.00 52.31
24660.00 52.31
24670.00 52.31
24680.00 52.32
24690.00 52.32
24700.00 52.32
24710.00 52.32
24720.00 52.32
24730.00 52.32
24740.00 52.33
24750.00 52.33
24760.00 52.33
24770.00 52.33
24780.00 52.33
24790.00 52.34
24800.00 52.34
24810.00 52.34
24820.00 52.34
24830.00 52.34
24840.00 52.34
24850.00 52.34
24860.00 52.35
24870.00 52.35
24880.00 52.35
24890.00 52.35
24900.00 52.35
24910.00 52.35
24920.00 52.36
24930.00 52.36
24940.00 52.36
24950.00 52.36
24960.00 52.36
24970.00 52.36
24980.00 52.36
24990.00 52.37
25000.00 52.37
25010.00 52.37
25020.00 52.37
25030.00 52.37
25040.00 52.37
25050.00 52.37
25060.00 52.37
25070.00 52.38
25080.00 52.38
25090.00 52.38
25100.00 52.38
25110.00 52.38
25120.00 52.38
25130.00 52.38
25140.00 52.38
25150.00 52.39
25160.00 52.39
25170.00 52.39
25180.00 52.39
25190.00 52.39
25200.00 52.39
25210.00 52.39
25220.00 52.39
25230.00 52.39
25240.00 52.39
25250.00 52.40
25260.00 52.40
25270.00 52.40
25280.00 52.40
25290.00 52.40
25300.00 52.40
25310.00 52.40
25320.00 52.40
25330.00 52.40
25340.00 52.40
25350.00 52.40
25360.00 52.41
25370.00 52.41
25380.00 52.41
25390.00 52.41
25400.00 52.41
25410.00 52.41
25420.00 52.41
25430.00 52.41
25440.00 52.41
25450.00 52.41
25460.00 52.41
25470.00 52.41
25480.00 52.41
25490.00 52.41
25500.00 52.41
25510.00 52.42
25520.00 52.42
25530.00 52.42
25540.00 52.42
25550.00 52.42
25560.00 52.42
25570.00 52.42
25580.00 52.42
25590.00 52.42
25600.00 52.42
25610.00 52.42
25620.00 52.42
25630.00 52.42
25640.00 52.42
25650.00 52.42
25660.00 52.42
25670.00 52.42
25680.00 52.42
25690.00 52.42
25700.00 52.42
25710.00 52.42
25720.00 52.42
25730.00 52.42
25740.00 52.42
25750.00 52.42
25760.00 52.42
25770.00 52.42
25780.00 52.42
25790.00 52.42
25800.00 52.42
25810.00 52.42
25820.00 52.42
25830.00 52.42
25840.00 52.42
25850.00 52.42
25860.00 52.42
25870.00 52.42
25880.00 52.42
25890.00 52.42
25900.00 52.42
25910.00 52.42
25920.00 52.42
25930.00 52.42
25940.00 52.42
25950.00 52.42
25960.00 52.42
25970.00 52.42
25980.00 52.42
25990.00 52.42
26000.00 52.42
26010.00 52.42
26020.00 52.42
26030.00 52.42
26040.00 52.42
26050.00 52.42
26060.00 52.42
26070.00 52.42
26080.00 52.42
26090.00 52.42
26100.00 52.42
26110.00 52.42
26120.00 52.42
26130.00 52.42
26140.00 52.42
26150.00 52.42
26160.00 52.42
26170.00 52.42
26180.00 52.42
26190.00 52.42
26200.00 52.42
26210.00 52.42
26220.00 52.41
26230.00 52.41
26240.00 52.41
26250.00 52.41
26260.00 52.41
26270.00 52.41
26280.00 52.41
26290.00 52.41
26300.00 52.41
26310.00 52.41
26320.00 52.41
26330.00 52.41
26340.00 52.41
26350.00 52.41
26360.00 52.41
26370.00 52.40
26380.00 52.40
26390.00 52.40
26400.00 52.40
26410.00 52.40
26420.00 52.40
26430.00 52.40
26440.00 52.40
26450.00 52.40
26460.00 52.40
26470.00 52.40
26480.00 52.39
26490.00 52.39
26500.00 52.39
26510.00 52.39
26520.00 52.39
26530.00 52.39
26540.00 52.39
26550.00 52.39
26560.00 52.39
26570.00 52.39
26580.00 52.38
26590.00 52.38
26600.00 52.38
26610.00 52.38
26620.00 52.38
26630.00 52.38
26640.00 52.38
26650.00 52.38
26660.00 52.37
26670.00 52.37
26680.00 52.37
26690.00 52.37
26700.00 52.37
26710.00 52.37
26720.00 52.37
26730.00 52.37
26740.00 52.36
26750.00 52.36
26760.00 52.36
26770.00 52.36
26780.00 52.36
26790.00 52.36
26800.00 52.36
26810.00 52.35
26820.00 52.35
26830.00 52.35
26840.00 52.35
26850.00 52.35
26860.00 52.35
26870.00 52.34
26880.00 52.34
26890.00 52.34
26900.00 52.34
26910.00 52.34
26920.00 52.34
26930.00 52.34
26940.00 52.33
26950.00 52.33
26960.00 52.33
26970.00 52.33
26980.00 52.33
26990.00 52.32
27000.00 52.32
27010.00 52.32
27020.00 52.32
27030.00 52.32
27040.00 52.32
27050.00 52.31
27060.00 52.31
27070.00 52.31
27080.00 52.31
27090.00 52.31
27100.00 52.30
27110.00 52.30
27120.00 52.30
27130.00 52.30
27140.00 52.30
27150.00 52.29
27160.00 52.29
27170.00 52.29
27180.00 52.29
27190.00 52.29
27200.00 52.28
27210.00 52.28
27220.00 52.28
27230.00 52.28
27240.00 52.28
27250.00 52.27
27260.00 52.27
27270.00 52.27
27280.00 52.27
27290.00 52.26
27300.00 52.26
27310.00 52.26
27320.00 52.26
27330.00 52.26
27340.00 52.25
27350.00 52.25
27360.00 52.25
27370.00 52.25
27380.00 52.24
27390.00 52.24
27400.00 52.24
27410.00 52.24
27420.00 52.23
27430.00 52.23
27440.00 52.23
27450.00 52.23
27460.00 52.22
27470.00 52.22
27480.00 52.22
27490.00 52.22
27500.00 52.21
27510.00 52.21
27520.00 52.21
27530.00 52.21
27540.00 52.20
27550.00 52.20
27560.00 52.20
27570.00 52.20
27580.00 52.19
27590.00 52.19
27600.00 52.19
27610.00 52.18
27620.00 52.18
27630.00 52.18
27640.00 52.18
27650.00 52.17
27660.00 52.17
27670.00 52.17
27680.00 52.17
27690.00 52.16
27700.00 52.16
27710.00 52.16
27720.00 52.15
27730.00 52.15
27740.00 52.15
27750.00 52.14
27760.00 52.14
27770.00 52.14
27780.00 52.14
27790.00 52.13
27800.00 52.13
27810.00 52.13
27820.00 52.12
27830.00 52.12
27840.00 52.12
27850.00 52.11
27860.00 52.11
27870.00 52.11
27880.00 52.11
27890.00 52.10
27900.00 52.10
27910.00 52.10
27920.00 52.09
27930.00 52.09
27940.00 52.09
27950.00 52.08
27960.00 52.08
27970.00 52.08
27980.00 52.07
27990.00 52.07
28000.00 52.07
28010.00 52.06
28020.00 52.06
28030.00 52.06
28040.00 52.05
28050.00 52.05
28060.00 52.05
28070.00 52.04
28080.00 52.04
28090.00 52.04
28100.00 52.03
28110.00 52.03
28120.00 52.02
28130.00 52.02
28140.00 52.02
28150.00 52.01
28160.00 52.01
28170.00 52.01
28180.00 52.00
28190.00 52.00
28200.00 52.00
28210.00 51.99
28220.00 51.99
28230.00 51.98
28240.00 51.98
28250.00 51.98
28260.00 51.97
28270.00 51.97
28280.00 51.97
28290.00 51.96
28300.00 51.96
28310.00 51.95
28320.00 51.95
28330.00 51.95
28340.00 51.94
28350.00 51.94
28360.00 51.93
28370.00 51.93
28380.00 51.93
28390.00 51.92
28400.00 51.92
28410.00 51.92
28420.00 51.91
28430.00 51.91
28440.00 51.90
28450.00 51.90
28460.00 51.89
28470.00 51.89
28480.00 51.89
28490.00 51.88
28500.00 51.88
28510.00 51.87
28520.00 51.87
28530.00 51.87
28540.00 51.86
28550.00 51.86
28560.00 51.85
28570.00 51.85
28580.00 51.84
28590.00 51.84
28600.00 51.84
28610.00 51.83
28620.00 51.83
28630.00 51.82
28640.00 51.82
28650.00 51.81
28660.00 51.81
28670.00 51.81
28680.00 51.80
28690.00 51.80
28700.00 51.79
28710.00 51.79
28720.00 51.78
28730.00 51.78
28740.00 51.77
28750.00 51.77
28760.00 51.77
28770.00 51.76
28780.00 51.76
28790.00 51.75
28800.00 51.75
28810.00 51.74
28820.00 51.74
28830.00 51.73
28840.00 51.73
28850.00 51.72
28860.00 51.72
28870.00 51.71
28880.00 51.71
28890.00 51.71
28900.00 51.70
28910.00 51.70
28920.00 51.69
28930.00 51.69
28940.00 51.68
28950.00 51.68
28960.00 51.67
28970.00 51.67
28980.00 51.66
28990.00 51.66
29000.00 51.65
29010.00 51.65
29020.00 51.64
29030.00 51.64
29040.00 51.63
29050.00 51.63
29060.00 51.62
29070.00 51.62
29080.00 51.61
29090.00 51.61
29100.00 51.60
29110.00 51.60
29120.00 51.59
29130.00 51.59
29140.00 51.58
29150.00 51.58
29160.00 51.57
29170.00 51.57
29180.00 51.56
29190.00 51.56
29200.00 51.55
29210.00 51.55
29220.00 51.54
29230.00 51.53
29240.00 51.53
29250.00 51.52
29260.00 51.52
29270.00 51.51
29280.00 51.51
29290.00 51.50
29300.00 51.50
29310.00 51.49
29320.00 51.49
29330.00 51.48
29340.00 51.48
29350.00 51.47
29360.00 51.46
29370.00 51.46
29380.00 51.45
29390.00 51.45
29400.00 51.44
29410.00 51.44
29420.00 51.43
29430.00 51.43
29440.00 51.42
29450.00 51.41
29460.00 51.41
29470.00 51.40
29480.00 51.40
29490.00 51.39
29500.00 51.39
29510.00 51.38
29520.00 51.37
29530.00 51.37
29540.00 51.36
29550.00 51.36
29560.00 51.35
29570.00 51.35
29580.00 51.34
29590.00 51.33
29600.00 51.33
29610.00 51.32
29620.00 51.32
29630.00 51.31
29640.00 51.30
29650.00 51.30
29660.00 51.29
29670.00 51.29
29680.00 51.28
29690.00 51.27
29700.00 51.27
29710.00 51.26
29720.00 51.26
29730.00 51.25
29740.00 51.24
29750.00 51.24
29760.00 51.23
29770.00 51.23
29780.00 51.22
29790.00 51.21
29800.00 51.21
29810.00 51.20
29820.00 51.20
29830.00 51.19
29840.00 51.18
29850.00 51.18
29860.00 51.17
29870.00 51.16
29880.00 51.16
29890.00 51.15
29900.00 51.15
29910.00 51.14
29920.00 51.13
29930.00 51.13
29940.00 51.12
29950.00 51.11
29960.00 51.11
29970.00 51.10
29980.00 51.09
29990.00 51.09
30000.00 51.08
30010.00 51.07
30020.00 51.07
30030.00 51.06
30040.00 51.06
30050.00 51.05
30060.00 51.04
30070.00 51.04
30080.00 51.03
30090.00 51.02
30100.00 51.02
30110.00 51.01
30120.00 51.00
30130.00 51.00
30140.00 50.99
30150.00 50.98
30160.00 50.98
30170.00 50.97
30180.00 50.96
30190.00 50.96
30200.00 50.95
30210.00 50.94
30220.00 50.93
30230.00 50.93
30240.00 50.92
30250.00 50.91
30260.00 50.91
30270.00 50.90
30280.00 50.89
30290.00 50.89
30300.00 50.88
30310.00 50.87
30320.00 50.87
30330.00 50.86
30340.00 50.85
30350.00 50.84
30360.00 50.84
30370.00 50.83
30380.00 50.82
30390.00 50.82
30400.00 50.81
30410.00 50.80
30420.00 50.79
30430.00 50.79
30440.00 50.78
30450.00 50.77
30460.00 50.77
30470.00 50.76
30480.00 50.75
30490.00 50.74
30500.00 50.74
30510.00 50.73
30520.00 50.72
30530.00 50.72
30540.00 50.71
30550.00 50.70
30560.00 50.69
30570.00 50.69
30580.00 50.68
30590.00 50.67
30600.00 50.66
30610.00 50.66
30620.00 50.65
30630.00 50.64
30640.00 50.63
30650.00 50.63
30660.00 50.62
30670.00 50.61
30680.00 50.60
30690.00 50.60
30700.00 50.59
30710.00 50.58
30720.00 50.57
30730.00 50.57
30740.00 50.56
30750.00 50.55
30760.00 50.54
30770.00 50.53
30780.00 50.53
30790.00 50.52
30800.00 50.51
30810.00 50.50
30820.00 50.50
30830.00 50.49
30840.00 50.48
30850.00 50.47
30860.00 50.47
30870.00 50.46
30880.00 50.45
30890.00 50.44
30900.00 50.43
30910.00 50.43
30920.00 50.42
30930.00 50.41
30940.00 50.40
30950.00 50.39
30960.00 50.39
30970.00 50.38
30980.00 50.37
30990.00 50.36
31000.00 50.35
31010.00 50.35
31020.00 50.34
31030.00 50.33
31040.00 50.32
31050.00 50.31
31060.00 50.31
31070.00 50.30
31080.00 50.29
31090.00 50.28
31100.00 50.27
31110.00 50.26
31120.00 50.26
31130.00 50.25
31140.00 50.24
31150.00 50.23
31160.00 50.22
31170.00 50.21
31180.00 50.21
31190.00 50.20
31200.00 50.19
31210.00 50.18
31220.00 50.17
31230.00 50.16
31240.00 50.16
31250.00 50.15
31260.00 50.14
31270.00 50.13
31280.00 50.12
31290.00 50.11
31300.00 50.10
31310.00 50.10
31320.00 50.09
31330.00 50.08
31340.00 50.07
31350.00 50.06
31360.00 50.05
31370.00 50.04
31380.00 50.04
31390.00 50.03
31400.00 50.02
31410.00 50.01
31420.00 50.00
31430.00 49.99
31440.00 49.98
31450.00 49.98
31460.00 49.97
31470.00 49.96
31480.00 49.95
31490.00 49.94
31500.00 49.93
31510.00 49.92
31520.00 49.91
31530.00 49.90
31540.00 49.90
31550.00 49.89
31560.00 49.88
31570.00 49.87
31580.00 49.86
31590.00 49.85
31600.00 49.84
31610.00 49.83
31620.00 49.82
31630.00 49.81
31640.00 49.81
31650.00 49.80
31660.00 49.79
31670.00 49.78
31680.00 49.77
31690.00 49.76
31700.00 49.75
31710.00 49.74
31720.00 49.73
31730.00 49.72
31740.00 49.71
31750.00 49.71
31760.00 49.70
31770.00 49.69
31780.00 49.68
31790.00 49.67
31800.00 49.66
31810.00 49.65
31820.00 49.64
31830.00 49.63
31840.00 49.62
31850.00 49.61
31860.00 49.60
31870.00 49.59
31880.00 49.58
31890.00 49.57
31900.00 49.56
31910.00 49.56
31920.00 49.55
31930.00 49.54
31940.00 49.53
31950.00 49.52
31960.00 49.51
31970.00 49.50
31980.00 49.49
31990.00 49.48
32000.00 49.47
32010.00 49.46
32020.00 49.45
32030.00 49.44
32040.00 49.43
32050.00 49.42
32060.00 49.41
32070.00 49.40
32080.00 49.39
32090.00 49.38
32100.00 49.37
32110.00 49.36
32120.00 49.35
32130.00 49.34
32140.00 49.33
32150.00 49.32
32160.00 49.31
32170.00 49.30
32180.00 49.29
32190.00 49.28
32200.00 49.27
32210.00 49.26
32220.00 49.25
32230.00 49.24
32240.00 49.23
32250.00 49.22
32260.00 49.21
32270.00 49.20
32280.00 49.19
32290.00 49.18
32300.00 49.17
32310.00 49.16
32320.00 49.15
32330.00 49.14
32340.00 49.13
32350.00 49.12
32360.00 49.11
32370.00 49.10
32380.00 49.09
32390.00 49.08
32400.00 49.07
32410.00 49.06
32420.00 49.05
32430.00 49.04
32440.00 49.03
32450.00 49.02
32460.00 49.01
32470.00 49.00
32480.00 48.99
32490.00 48.98
32500.00 48.97
32510.00 48.96
32520.00 48.95
32530.00 48.94
32540.00 48.93
32550.00 48.92
32560.00 48.91
32570.00 48.90
32580.00 48.88
32590.00 48.87
32600.00 48.86
32610.00 48.85
32620.00 48.84
32630.00 48.83
32640.00 48.82
32650.00 48.81
32660.00 48.80
32670.00 48.79
32680.00 48.78
32690.00 48.77
32700.00 48.76
32710.00 48.75
32720.00 48.74
32730.00 48.72
32740.00 48.71
32750.00 48.70
32760.00 48.69
32770.00 48.68
32780.00 48.67
32790.00 48.66
32800.00 48.65
32810.00 48.64
32820.00 48.63
32830.00 48.62
32840.00 48.61
32850.00 48.59
32860.00 48.58
32870.00 48.57
32880.00 48.56
32890.00 48.55
32900.00 48.54
32910.00 48.53
32920.00 48.52
32930.00 48.51
32940.00 48.50
32950.00 48.48
32960.00 48.47
32970.00 48.46
32980.00 48.45
32990.00 48.44
33000.00 48.43
33010.00 48.42
33020.00 48.41
33030.00 48.39
33040.00 48.38
33050.00 48.37
33060.00 48.36
33070.00 48.35
33080.00 48.34
33090.00 48.33
33100.00 48.32
33110.00 48.30
33120.00 48.29
33130.00 48.28
33140.00 48.27
33150.00 48.26
33160.00 48.25
33170.00 48.24
33180.00 48.22
33190.00 48.21
33200.00 48.20
33210.00 48.19
33220.00 48.18
33230.00 48.17
33240.00 48.16
33250.00 48.14
33260.00 48.13
33270.00 48.12
33280.00 48.11
33290.00 48.10
33300.00 48.09
33310.00 48.07
33320.00 48.06
33330.00 48.05
33340.00 48.04
33350.00 48.03
33360.00 48.02
33370.00 48.00
33380.00 47.99
33390.00 47.98
33400.00 47.97
33410.00 47.96
33420.00 47.94
33430.00 47.93
33440.00 47.92
33450.00 47.91
33460.00 47.90
33470.00 47.88
33480.00 47.87
33490.00 47.86
33500.00 47.85
33510.00 47.84
33520.00 47.83
33530.00 47.81
33540.00 47.80
33550.00 47.79
33560.00 47.78
33570.00 47.76
33580.00 47.75
33590.00 47.74
33600.00 47.73
33610.00 47.72
33620.00 47.70
33630.00 47.69
33640.00 47.68
33650.00 47.67
33660.00 47.66
33670.00 47.64
33680.00 47.63
33690.00 47.62
33700.00 47.61
33710.00 47.59
33720.00 47.58
33730.00 47.57
33740.00 47.56
33750.00 47.54
33760.00 47.53
33770.00 47.52
33780.00 47.51
33790.00 47.50
33800.00 47.48
33810.00 47.47
33820.00 47.46
33830.00 47.45
33840.00 47.43
33850.00 47.42
33860.00 47.41
33870.00 47.40
33880.00 47.38
33890.00 47.37
33900.00 47.36
33910.00 47.34
33920.00 47.33
33930.00 47.32
33940.00 47.31
33950.00 47.29
33960.00 47.28
33970.00 47.27
33980.00 47.26
33990.00 47.24
34000.00 47.23
34010.00 47.22
34020.00 47.21
34030.00 47.19
34040.00 47.18
34050.00 47.17
34060.00 47.15
34070.00 47.14
34080.00 47.13
34090.00 47.12
34100.00 47.10
34110.00 47.09
34120.00 47.08
34130.00 47.06
34140.00 47.05
34150.00 47.04
34160.00 47.02
34170.00 47.01
34180.00 47.00
34190.00 46.99
34200.00 46.97
34210.00 46.96
34220.00 46.95
34230.00 46.93
34240.00 46.92
34250.00 46.91
34260.00 46.89
34270.00 46.88
34280.00 46.87
34290.00 46.85
34300.00 46.84
34310.00 46.83
34320.00 46.81
34330.00 46.80
34340.00 46.79
34350.00 46.77
34360.00 46.76
34370.00 46.75
34380.00 46.73
34390.00 46.72
34400.00 46.71
34410.00 46.69
34420.00 46.68
34430.00 46.67
34440.00 46.65
34450.00 46.64
34460.00 46.63
34470.00 46.61
34480.00 46.60
34490.00 46.59
34500.00 46.57
34510.00 46.56
34520.00 46.55
34530.00 46.53
34540.00 46.52
34550.00 46.50
34560.00 46.49
34570.00 46.48
34580.00 46.46
34590.00 46.45
34600.00 46.44
34610.00 46.42
34620.00 46.41
34630.00 46.40
34640.00 46.38
34650.00 46.37
34660.00 46.35
34670.00 46.34
34680.00 46.33
34690.00 46.31
34700.00 46.30
34710.00 46.28
34720.00 46.27
34730.00 46.26
34740.00 46.24
34750.00 46.23
34760.00 46.22
34770.00 46.20
34780.00 46.19
34790.00 46.17
34800.00 46.16
34810.00 46.15
34820.00 46.13
34830.00 46.12
34840.00 46.10
34850.00 46.09
34860.00 46.08
34870.00 46.06
34880.00 46.05
34890.00 46.03
34900.00 46.02
34910.00 46.00
34920.00 45.99
34930.00 45.98
34940.00 45.96
34950.00 45.95
34960.00 45.93
34970.00 45.92
34980.00 45.90
34990.00 45.89
35000.00 45.88
35010.00 45.86
35020.00 45.85
35030.00 45.83
35040.00 45.82
35050.00 45.80
35060.00 45.79
35070.00 45.78
35080.00 45.76
35090.00 45.75
35100.00 45.73
35110.00 45.72
35120.00 45.70
35130.00 45.69
35140.00 45.67
35150.00 45.66
35160.00 45.64
35170.00 45.63
35180.00 45.62
35190.00 45.60
35200.00 45.59
35210.00 45.57
35220.00 45.56
35230.00 45.54
35240.00 45.53
35250.00 45.51
35260.00 45.50
35270.00 45.48
35280.00 45.47
35290.00 45.45
35300.00 45.44
35310.00 45.42
35320.00 45.41
35330.00 45.39
35340.00 45.38
35350.00 45.36
35360.00 45.35
35370.00 45.33
35380.00 45.32
35390.00 45.31
35400.00 45.29
35410.00 45.28
35420.00 45.26
35430.00 45.25
35440.00 45.23
35450.00 45.22
35460.00 45.20
35470.00 45.19
35480.00 45.17
35490.00 45.15
35500.00 45.14
35510.00 45.12
35520.00 45.11
35530.00 45.09
35540.00 45.08
35550.00 45.06
35560.00 45.05
35570.00 45.03
35580.00 45.02
35590.00 45.00
35600.00 44.99
35610.00 44.97
35620.00 44.96
35630.00 44.94
35640.00 44.93
35650.00 44.91
35660.00 44.90
35670.00 44.88
35680.00 44.87
35690.00 44.85
35700.00 44.83
35710.00 44.82
35720.00 44.80
35730.00 44.79
35740.00 44.77
35750.00 44.76
35760.00 44.74
35770.00 44.73
35780.00 44.71
35790.00 44.69
35800.00 44.68
35810.00 44.66
35820.00 44.65
35830.00 44.63
35840.00 44.62
35850.00 44.60
35860.00 44.59
35870.00 44.57
35880.00 44.55
35890.00 44.54
35900.00 44.52
35910.00 44.51
35920.00 44.49
35930.00 44.48
35940.00 44.46
35950.00 44.44
35960.00 44.43
35970.00 44.41
35980.00 44.40
35990.00 44.38
36000.00 44.36
36010.00 44.35
36020.00 44.33
36030.00 44.32
36040.00 44.30
36050.00 44.28
36060.00 44.27
36070.00 44.25
36080.00 44.24
36090.00 44.22
36100.00 44.20
36110.00 44.19
36120.00 44.17
36130.00 44.16
36140.00 44.14
36150.00 44.12
36160.00 44.11
36170.00 44.09
36180.00 44.08
36190.00 44.06
36200.00 44.04
36210.00 44.03
36220.00 44.01
36230.00 43.99
36240.00 43.98
36250.00 43.96
36260.00 43.95
36270.00 43.93
36280.00 43.91
36290.00 43.90
36300.00 43.88
36310.00 43.86
36320.00 43.85
36330.00 43.83
36340.00 43.81
36350.00 43.80
36360.00 43.78
36370.00 43.77
36380.00 43.75
36390.00 43.73
36400.00 43.72
36410.00 43.70
36420.00 43.68
36430.00 43.67
36440.00 43.65
36450.00 43.63
36460.00 43.62
36470.00 43.60
36480.00 43.58
36490.00 43.57
36500.00 43.55
36510.00 43.53
36520.00 43.52
36530.00 43.50
36540.00 43.48
36550.00 43.47
36560.00 43.45
36570.00 43.43
36580.00 43.42
36590.00 43.40
36600.00 43.38
36610.00 43.37
36620.00 43.35
36630.00 43.33
36640.00 43.31
36650.00 43.30
36660.00 43.28
36670.00 43.26
36680.00 43.25
36690.00 43.23
36700.00 43.21
36710.00 43.20
36720.00 43.18
36730.00 43.16
36740.00 43.15
36750.00 43.13
36760.00 43.11
36770.00 43.09
36780.00 43.08
36790.00 43.06
36800.00 43.04
36810.00 43.03
36820.00 43.01
36830.00 42.99
36840.00 42.97
36850.00 42.96
36860.00 42.94
36870.00 42.92
36880.00 42.90
36890.00 42.89
36900.00 42.87
36910.00 42.85
36920.00 42.84
36930.00 42.82
36940.00 42.80
36950.00 42.78
36960.00 42.77
36970.00 42.75
36980.00 42.73
36990.00 42.71
37000.00 42.70
37010.00 42.68
37020.00 42.66
37030.00 42.64
37040.00 42.63
37050.00 42.61
37060.00 42.59
37070.00 42.57
37080.00 42.56
37090.00 42.54
37100.00 42.52
37110.00 42.50
37120.00 42.49
37130.00 42.47
37140.00 42.45
37150.00 42.43
37160.00 42.41
37170.00 42.40
37180.00 42.38
37190.00 42.36
37200.00 42.34
37210.00 42.33
37220.00 42.31
37230.00 42.29
37240.00 42.27
37250.00 42.25
37260.00 42.24
37270.00 42.22
37280.00 42.20
37290.00 42.18
37300.00 42.17
37310.00 42.15
37320.00 42.13
37330.00 42.11
37340.00 42.09
37350.00 42.08
37360.00 42.06
37370.00 42.04
37380.00 42.02
37390.00 42.00
37400.00 41.99
37410.00 41.97
37420.00 41.95
37430.00 41.93
37440.00 41.91
37450.00 41.89
37460.00 41.88
37470.00 41.86
37480.00 41.84
37490.00 41.82
37500.00 41.80
37510.00 41.79
37520.00 41.77
37530.00 41.75
37540.00 41.73
37550.00 41.71
37560.00 41.69
37570.00 41.68
37580.00 41.66
37590.00 41.64
37600.00 41.62
37610.00 41.60
37620.00 41.58
37630.00 41.56
37640.00 41.55
37650.00 41.53
37660.00 41.51
37670.00 41.49
37680.00 41.47
37690.00 41.45
37700.00 41.44
37710.00 41.42
37720.00 41.40
37730.00 41.38
37740.00 41.36
37750.00 41.34
37760.00 41.32
37770.00 41.30
37780.00 41.29
37790.00 41.27
37800.00 41.25
37810.00 41.23
37820.00 41.21
37830.00 41.19
37840.00 41.17
37850.00 41.16
37860.00 41.14
37870.00 41.12
37880.00 41.10
37890.00 41.08
37900.00 41.06
37910.00 41.04
37920.00 41.02
37930.00 41.00
37940.00 40.99
37950.00 40.97
37960.00 40.95
37970.00 40.93
37980.00 40.91
37990.00 40.89
38000.00 40.87
38010.00 40.85
38020.00 40.83
38030.00 40.81
38040.00 40.80
38050.00 40.78
38060.00 40.76
38070.00 40.74
38080.00 40.72
38090.00 40.70
38100.00 40.68
38110.00 40.66
38120.00 40.64
38130.00 40.62
38140.00 40.60
38150.00 40.58
38160.00 40.56
38170.00 40.55
38180.00 40.53
38190.00 40.51
38200.00 40.49
38210.00 40.47
38220.00 40.45
38230.00 40.43
38240.00 40.41
38250.00 40.39
38260.00 40.37
38270.00 40.35
38280.00 40.33
38290.00 40.31
38300.00 40.29
38310.00 40.27
38320.00 40.25
38330.00 40.23
38340.00 40.22
38350.00 40.20
38360.00 40.18
38370.00 40.16
38380.00 40.14
38390.00 40.12
38400.00 40.10
38410.00 40.08
38420.00 40.06
38430.00 40.04
38440.00 40.02
38450.00 40.00
38460.00 39.98
38470.00 39.96
38480.00 39.94
38490.00 39.92
38500.00 39.90
38510.00 39.88
38520.00 39.86
38530.00 39.84
38540.00 39.82
38550.00 39.80
38560.00 39.78
38570.00 39.76
38580.00 39.74
38590.00 39.72
38600.00 39.70
38610.00 39.68
38620.00 39.66
38630.00 39.64
38640.00 39.62
38650.00 39.60
38660.00 39.58
38670.00 39.56
38680.00 39.54
38690.00 39.52
38700.00 39.50
38710.00 39.48
38720.00 39.46
38730.00 39.44
38740.00 39.42
38750.00 39.40
38760.00 39.38
38770.00 39.36
38780.00 39.34
38790.00 39.32
38800.00 39.30
38810.00 39.28
38820.00 39.26
38830.00 39.24
38840.00 39.22
38850.00 39.20
38860.00 39.18
38870.00 39.16
38880.00 39.14
38890.00 39.12
38900.00 39.09
38910.00 39.07
38920.00 39.05
38930.00 39.03
38940.00 39.01
38950.00 38.99
38960.00 38.97
38970.00 38.95
38980.00 38.93
38990.00 38.91
39000.00 38.89
39010.00 38.87
39020.00 38.85
39030.00 38.83
39040.00 38.81
39050.00 38.79
39060.00 38.77
39070.00 38.74
39080.00 38.72
39090.00 38.70
39100.00 38.68
39110.00 38.66
39120.00 38.64
39130.00 38.62
39140.00 38.60
39150.00 38.58
39160.00 38.56
39170.00 38.54
39180.00 38.52
39190.00 38.50
39200.00 38.47
39210.00 38.45
39220.00 38.43
39230.00 38.41
39240.00 38.39
39250.00 38.37
39260.00 38.35
39270.00 38.33
39280.00 38.31
39290.00 38.29
39300.00 38.26
39310.00 38.24
39320.00 38.22
39330.00 38.20
39340.00 38.18
39350.00 38.16
39360.00 38.14
39370.00 38.12
39380.00 38.10
39390.00 38.07
39400.00 38.05
39410.00 38.03
39420.00 38.01
39430.00 37.99
39440.00 37.97
39450.00 37.95
39460.00 37.93
39470.00 37.90
39480.00 37.88
39490.00 37.86
39500.00 37.84
39510.00 37.82
39520.00 37.80
39530.00 37.78
39540.00 37.75
39550.00 37.73
39560.00 37.71
39570.00 37.69
39580.00 37.67
39590.00 37.65
39600.00 37.63
39610.00 37.60
39620.00 37.58
39630.00 37.56
39640.00 37.54
39650.00 37.52
39660.00 37.50
39670.00 37.47
39680.00 37.45
39690.00 37.43
39700.00 37.41
39710.00 37.39
39720.00 37.37
39730.00 37.34
39740.00 37.32
39750.00 37.30
39760.00 37.28
39770.00 37.26
39780.00 37.23
39790.00 37.21
39800.00 37.19
39810.00 37.17
39820.00 37.15
39830.00 37.13
39840.00 37.10
39850.00 37.08
39860.00 37.06
39870.00 37.04
39880.00 37.02
39890.00 36.99
39900.00 36.97
39910.00 36.95
39920.00 36.93
39930.00 36.91
39940.00 36.88
39950.00 36.86
39960.00 36.84
39970.00 36.82
39980.00 36.80
39990.00 36.77
40000.00 36.75
40010.00 36.73
40020.00 36.71
40030.00 36.68
40040.00 36.66
40050.00 36.64
40060.00 36.62
40070.00 36.60
40080.00 36.57
40090.00 36.55
40100.00 36.53
40110.00 36.51
40120.00 36.48
40130.00 36.46
40140.00 36.44
40150.00 36.42
40160.00 36.39
40170.00 36.37
40180.00 36.35
40190.00 36.33
40200.00 36.30
40210.00 36.28
40220.00 36.26
40230.00 36.24
40240.00 36.21
40250.00 36.19
40260.00 36.17
40270.00 36.15
40280.00 36.12
40290.00 36.10
40300.00 36.08
40310.00 36.06
40320.00 36.03
40330.00 36.01
40340.00 35.99
40350.00 35.97
40360.00 35.94
40370.00 35.92
40380.00 35.90
40390.00 35.87
40400.00 35.85
40410.00 35.83
40420.00 35.81
40430.00 35.78
40440.00 35.76
40450.00 35.74
40460.00 35.71
40470.00 35.69
40480.00 35.67
40490.00 35.65
40500.00 35.62
40510.00 35.60
40520.00 35.58
40530.00 35.55
40540.00 35.53
40550.00 35.51
40560.00 35.48
40570.00 35.46
40580.00 35.44
40590.00 35.42
40600.00 35.39
40610.00 35.37
40620.00 35.35
40630.00 35.32
40640.00 35.30
40650.00 35.28
40660.00 35.25
40670.00 35.23
40680.00 35.21
40690.00 35.18
40700.00 35.16
40710.00 35.14
40720.00 35.11
40730.00 35.09
40740.00 35.07
40750.00 35.04
40760.00 35.02
40770.00 35.00
40780.00 34.97
40790.00 34.95
40800.00 34.93
40810.00 34.90
40820.00 34.88
40830.00 34.86
40840.00 34.83
40850.00 34.81
40860.00 34.79
40870.00 34.76
40880.00 34.74
40890.00 34.72
40900.00 34.69
40910.00 34.67
40920.00 34.64
40930.00 34.62
40940.00 34.60
40950.00 34.57
40960.00 34.55
40970.00 34.53
40980.00 34.50
40990.00 34.48
41000.00 34.46
41010.00 34.43
41020.00 34.41
41030.00 34.38
41040.00 34.36
41050.00 34.34
41060.00 34.31
41070.00 34.29
41080.00 34.27
41090.00 34.24
41100.00 34.22
41110.00 34.19
41120.00 34.17
41130.00 34.15
41140.00 34.12
41150.00 34.10
41160.00 34.07
41170.00 34.05
41180.00 34.03
41190.00 34.00
41200.00 33.98
41210.00 33.95
41220.00 33.93
41230.00 33.91
41240.00 33.88
41250.00 33.86
41260.00 33.83
41270.00 33.81
41280.00 33.78
41290.00 33.76
41300.00 33.74
41310.00 33.71
41320.00 33.69
41330.00 33.66
41340.00 33.64
41350.00 33.62
41360.00 33.59
41370.00 33.57
41380.00 33.54
41390.00 33.52
41400.00 33.49
41410.00 33.47
41420.00 33.44
41430.00 33.42
41440.00 33.40
41450.00 33.37
41460.00 33.35
41470.00 33.32
41480.00 33.30
41490.00 33.27
41500.00 33.25
41510.00 33.22
41520.00 33.20
41530.00 33.18
41540.00 33.15
41550.00 33.13
41560.00 33.10
41570.00 33.08
41580.00 33.05
41590.00 33.03
41600.00 33.00
41610.00 32.98
41620.00 32.95
41630.00 32.93
41640.00 32.90
41650.00 32.88
41660.00 32.85
41670.00 32.83
41680.00 32.81
41690.00 32.78
41700.00 32.76
41710.00 32.73
41720.00 32.71
41730.00 32.68
41740.00 32.66
41750.00 32.63
41760.00 32.61
41770.00 32.58
41780.00 32.56
41790.00 32.53
41800.00 32.51
41810.00 32.48
41820.00 32.46
41830.00 32.43
41840.00 32.41
41850.00 32.38
41860.00 32.36
41870.00 32.33
41880.00 32.31
41890.00 32.28
41900.00 32.26
41910.00 32.23
41920.00 32.21
41930.00 32.18
41940.00 32.15
41950.00 32.13
41960.00 32.10
41970.00 32.08
41980.00 32.05
41990.00 32.03
42000.00 32.00
42010.00 31.98
42020.00 31.95
42030.00 31.93
42040.00 31.90
42050.00 31.88
42060.00 31.85
42070.00 31.83
42080.00 31.80
42090.00 31.78
42100.00 31.75
42110.00 31.72
42120.00 31.70
42130.00 31.67
42140.00 31.65
42150.00 31.62
42160.00 31.60
42170.00 31.57
42180.00 31.55
42190.00 31.52
42200.00 31.49
42210.00 31.47
42220.00 31.44
42230.00 31.42
42240.00 31.39
42250.00 31.37
42260.00 31.34
42270.00 31.31
42280.00 31.29
42290.00 31.26
42300.00 31.24
42310.00 31.21
42320.00 31.19
42330.00 31.16
42340.00 31.13
42350.00 31.11
42360.00 31.08
42370.00 31.06
42380.00 31.03
42390.00 31.00
42400.00 30.98
42410.00 30.95
42420.00 30.93
42430.00 30.90
42440.00 30.87
42450.00 30.85
42460.00 30.82
42470.00 30.80
42480.00 30.77
42490.00 30.74
42500.00 30.72
42510.00 30.69
42520.00 30.67
42530.00 30.64
42540.00 30.61
42550.00 30.59
42560.00 30.56
42570.00 30.54
42580.00 30.51
42590.00 30.48
42600.00 30.46
42610.00 30.43
42620.00 30.40
42630.00 30.38
42640.00 30.35
42650.00 30.33
42660.00 30.30
42670.00 30.27
42680.00 30.25
42690.00 30.22
42700.00 30.19
42710.00 30.17
42720.00 30.14
42730.00 30.11
42740.00 30.09
42750.00 30.06
42760.00 30.03
42770.00 30.01
42780.00 29.98
42790.00 29.96
42800.00 29.93
42810.00 29.90
42820.00 29.88
42830.00 29.85
42840.00 29.82
42850.00 29.80
42860.00 29.77
42870.00 29.74
42880.00 29.72
42890.00 29.69
42900.00 29.66
42910.00 29.64
42920.00 29.61
42930.00 29.58
42940.00 29.56
42950.00 29.53
42960.00 29.50
42970.00 29.48
42980.00 29.45
42990.00 29.42
43000.00 29.39
43010.00 29.37
43020.00 29.34
43030.00 29.31
43040.00 29.29
43050.00 29.26
43060.00 29.23
43070.00 29.21
43080.00 29.18
43090.00 29.15
43100.00 29.12
43110.00 29.10
43120.00 29.07
43130.00 29.04
43140.00 29.02
43150.00 28.99
43160.00 28.96
43170.00 28.94
43180.00 28.91
43190.00 28.88
43200.00 28.85
43210.00 28.83
43220.00 28.80
43230.00 28.77
43240.00 28.75
43250.00 28.72
43260.00 28.69
43270.00 28.66
43280.00 28.64
43290.00 28.61
43300.00 28.58
43310.00 28.55
43320.00 28.53
43330.00 28.50
43340.00 28.47
43350.00 28.44
43360.00 28.42
43370.00 28.39
43380.00 28.36
43390.00 28.33
43400.00 28.31
43410.00 28.28
43420.00 28.25
43430.00 28.22
43440.00 28.20
43450.00 28.17
43460.00 28.14
43470.00 28.11
43480.00 28.09
43490.00 28.06
43500.00 28.03
43510.00 28.00
43520.00 27.98
43530.00 27.95
43540.00 27.92
43550.00 27.89
43560.00 27.87
43570.00 27.84
43580.00 27.81
43590.00 27.78
43600.00 27.75
43610.00 27.73
43620.00 27.70
43630.00 27.67
43640.00 27.64
43650.00 27.61
43660.00 27.59
43670.00 27.56
43680.00 27.53
43690.00 27.50
43700.00 27.47
43710.00 27.45
43720.00 27.42
43730.00 27.39
43740.00 27.36
43750.00 27.33
43760.00 27.31
43770.00 27.28
43780.00 27.25
43790.00 27.22
43800.00 27.19
43810.00 27.17
43820.00 27.14
43830.00 27.11
43840.00 27.08
43850.00 27.05
43860.00 27.03
43870.00 27.00
43880.00 26.97
43890.00 26.94
43900.00 26.91
43910.00 26.88
43920.00 26.86
43930.00 26.83
43940.00 26.80
43950.00 26.77
43960.00 26.74
43970.00 26.71
43980.00 26.69
43990.00 26.66
44000.00 26.63
44010.00 26.60
44020.00 26.57
44030.00 26.54
44040.00 26.51
44050.00 26.49
44060.00 26.46
44070.00 26.43
44080.00 26.40
44090.00 26.37
44100.00 26.34
44110.00 26.31
44120.00 26.29
44130.00 26.26
44140.00 26.23
44150.00 26.20
44160.00 26.17
44170.00 26.14
44180.00 26.11
44190.00 26.09
44200.00 26.06
44210.00 26.03
44220.00 26.00
44230.00 25.97
44240.00 25.94
44250.00 25.91
44260.00 25.88
44270.00 25.86
44280.00 25.83
44290.00 25.80
44300.00 25.77
44310.00 25.74
44320.00 25.71
44330.00 25.68
44340.00 25.65
44350.00 25.62
44360.00 25.59
44370.00 25.57
44380.00 25.54
44390.00 25.51
44400.00 25.48
44410.00 25.45
44420.00 25.42
44430.00 25.39
44440.00 25.36
44450.00 25.33
44460.00 25.30
44470.00 25.27
44480.00 25.25
44490.00 25.22
44500.00 25.19
44510.00 25.16
44520.00 25.13
44530.00 25.10
44540.00 25.07
44550.00 25.04
44560.00 25.01
44570.00 24.98
44580.00 24.95
44590.00 24.92
44600.00 24.89
44610.00 24.86
44620.00 24.84
44630.00 24.81
44640.00 24.78
44650.00 24.75
44660.00 24.72
44670.00 24.69
44680.00 24.66
44690.00 24.63
44700.00 24.60
44710.00 24.57
44720.00 24.54
44730.00 24.51
44740.00 24.48
44750.00 24.45
44760.00 24.42
44770.00 24.39
44780.00 24.36
44790.00 24.33
44800.00 24.30
44810.00 24.27
44820.00 24.24
44830.00 24.21
44840.00 24.18
44850.00 24.15
44860.00 24.12
44870.00 24.10
44880.00 24.07
44890.00 24.04
44900.00 24.01
44910.00 23.98
44920.00 23.95
44930.00 23.92
44940.00 23.89
44950.00 23.86
44960.00 23.83
44970.00 23.80
44980.00 23.77
44990.00 23.74
45000.00 23.71
45010.00 23.68
45020.00 23.65
45030.00 23.62
45040.00 23.59
45050.00 23.56
45060.00 23.53
45070.00 23.50
45080.00 23.47
45090.00 23.44
45100.00 23.41
45110.00 23.38
45120.00 23.35
45130.00 23.31
45140.00 23.28
45150.00 23.25
45160.00 23.22
45170.00 23.19
45180.00 23.16
45190.00 23.13
45200.00 23.10
45210.00 23.07
45220.00 23.04
45230.00 23.01
45240.00 22.98
45250.00 22.95
45260.00 22.92
45270.00 22.89
45280.00 22.86
45290.00 22.83
45300.00 22.80
45310.00 22.77
45320.00 22.74
45330.00 22.71
45340.00 22.68
45350.00 22.65
45360.00 22.62
45370.00 22.59
45380.00 22.55
45390.00 22.52
45400.00 22.49
45410.00 22.46
45420.00 22.43
45430.00 22.40
45440.00 22.37
45450.00 22.34
45460.00 22.31
45470.00 22.28
45480.00 22.25
45490.00 22.22
45500.00 22.19
45510.00 22.16
45520.00 22.12
45530.00 22.09
45540.00 22.06
45550.00 22.03
45560.00 22.00
45570.00 21.97
45580.00 21.94
45590.00 21.91
45600.00 21.88
45610.00 21.85
45620.00 21.82
45630.00 21.78
45640.00 21.75
45650.00 21.72
45660.00 21.69
45670.00 21.66
45680.00 21.63
45690.00 21.60
45700.00 21.57
45710.00 21.54
45720.00 21.50
45730.00 21.47
45740.00 21.44
45750.00 21.41
45760.00 21.38
45770.00 21.35
45780.00 21.32
45790.00 21.29
45800.00 21.26
45810.00 21.22
45820.00 21.19
45830.00 21.16
45840.00 21.13
45850.00 21.10
45860.00 21.07
45870.00 21.04
45880.00 21.00
45890.00 20.97
45900.00 20.94
45910.00 20.91
45920.00 20.88
45930.00 20.85
45940.00 20.82
45950.00 20.78
45960.00 20.75
45970.00 20.72
45980.00 20.69
45990.00 20.66
46000.00 20.63
46010.00 20.60
46020.00 20.56
46030.00 20.53
46040.00 20.50
46050.00 20.47
46060.00 20.44
46070.00 20.41
46080.00 20.37
46090.00 20.34
46100.00 20.31
46110.00 20.28
46120.00 20.25
46130.00 20.22
46140.00 20.18
46150.00 20.15
46160.00 20.12
46170.00 20.09
46180.00 20.06
46190.00 20.02
46200.00 19.99
46210.00 19.96
46220.00 19.93
46230.00 19.90
46240.00 19.86
46250.00 19.83
46260.00 19.80
46270.00 19.77
46280.00 19.74
46290.00 19.70
46300.00 19.67
46310.00 19.64
46320.00 19.61
46330.00 19.58
46340.00 19.54
46350.00 19.51
46360.00 19.48
46370.00 19.45
46380.00 19.42
46390.00 19.38
46400.00 19.35
46410.00 19.32
46420.00 19.29
46430.00 19.25
46440.00 19.22
46450.00 19.19
46460.00 19.16
46470.00 19.13
46480.00 19.09
46490.00 19.06
46500.00 19.03
46510.00 19.00
46520.00 18.96
46530.00 18.93
46540.00 18.90
46550.00 18.87
46560.00 18.83
46570.00 18.80
46580.00 18.77
46590.00 18.74
46600.00 18.70
46610.00 18.67
46620.00 18.64
46630.00 18.61
46640.00 18.57
46650.00 18.54
46660.00 18.51
46670.00 18.48
46680.00 18.44
46690.00 18.41
46700.00 18.38
46710.00 18.35
46720.00 18.31
46730.00 18.28
46740.00 18.25
46750.00 18.21
46760.00 18.18
46770.00 18.15
46780.00 18.12
46790.00 18.08
46800.00 18.05
46810.00 18.02
46820.00 17.98
46830.00 17.95
46840.00 17.92
46850.00 17.89
46860.00 17.85
46870.00 17.82
46880.00 17.79
46890.00 17.75
46900.00 17.72
46910.00 17.69
46920.00 17.66
46930.00 17.62
46940.00 17.59
46950.00 17.56
46960.00 17.52
46970.00 17.49
46980.00 17.46
46990.00 17.42
47000.00 17.39
47010.00 17.36
47020.00 17.32
47030.00 17.29
47040.00 17.26
47050.00 17.22
47060.00 17.19
47070.00 17.16
47080.00 17.13
47090.00 17.09
47100.00 17.06
47110.00 17.03
47120.00 16.99
47130.00 16.96
47140.00 16.93
47150.00 16.89
47160.00 16.86
47170.00 16.83
47180.00 16.79
47190.00 16.76
47200.00 16.72
47210.00 16.69
47220.00 16.66
47230.00 16.62
47240.00 16.59
47250.00 16.56
47260.00 16.52
47270.00 16.49
47280.00 16.46
47290.00 16.42
47300.00 16.39
47310.00 16.36
47320.00 16.32
47330.00 16.29
47340.00 16.25
47350.00 16.22
47360.00 16.19
47370.00 16.15
47380.00 16.12
47390.00 16.09
47400.00 16.05
47410.00 16.02
47420.00 15.98
47430.00 15.95
47440.00 15.92
47450.00 15.88
47460.00 15.85
47470.00 15.82
47480.00 15.78
47490.00 15.75
47500.00 15.71
47510.00 15.68
47520.00 15.65
47530.00 15.61
47540.00 15.58
47550.00 15.54
47560.00 15.51
47570.00 15.48
47580.00 15.44
47590.00 15.41
47600.00 15.37
47610.00 15.34
47620.00 15.31
47630.00 15.27
47640.00 15.24
47650.00 15.20
47660.00 15.17
47670.00 15.13
47680.00 15.10
47690.00 15.07
47700.00 15.03
47710.00 15.00
47720.00 14.96
47730.00 14.93
47740.00 14.90
47750.00 14.86
47760.00 14.83
47770.00 14.79
47780.00 14.76
47790.00 14.72
47800.00 14.69
47810.00 14.65
47820.00 14.62
47830.00 14.59
47840.00 14.55
47850.00 14.52
47860.00 14.48
47870.00 14.45
47880.00 14.41
47890.00 14.38
47900.00 14.34
47910.00 14.31
47920.00 14.28
47930.00 14.24
47940.00 14.21
47950.00 14.17
47960.00 14.14
47970.00 14.10
47980.00 14.07
47990.00 14.03
48000.00 14.00
48010.00 13.96
48020.00 13.93
48030.00 13.89
48040.00 13.86
48050.00 13.82
48060.00 13.79
48070.00 13.75
48080.00 13.72
48090.00 13.68
48100.00 13.65
48110.00 13.62
48120.00 13.58
48130.00 13.55
48140.00 13.51
48150.00 13.48
48160.00 13.44
48170.00 13.41
48180.00 13.37
48190.00 13.34
48200.00 13.30
48210.00 13.27
48220.00 13.23
48230.00 13.20
48240.00 13.16
48250.00 13.13
48260.00 13.09
48270.00 13.06
48280.00 13.02
48290.00 12.98
48300.00 12.95
48310.00 12.91
48320.00 12.88
48330.00 12.84
48340.00 12.81
48350.00 12.77
48360.00 12.74
48370.00 12.70
48380.00 12.67
48390.00 12.63
48400.00 12.60
48410.00 12.56
48420.00 12.53
48430.00 12.49
48440.00 12.46
48450.00 12.42
48460.00 12.38
48470.00 12.35
48480.00 12.31
48490.00 12.28
48500.00 12.24
48510.00 12.21
48520.00 12.17
48530.00 12.14
48540.00 12.10
48550.00 12.07
48560.00 12.03
48570.00 11.99
48580.00 11.96
48590.00 11.92
48600.00 11.89
48610.00 11.85
48620.00 11.82
48630.00 11.78
48640.00 11.74
48650.00 11.71
48660.00 11.67
48670.00 11.64
48680.00 11.60
48690.00 11.57
48700.00 11.53
48710.00 11.49
48720.00 11.46
48730.00 11.42
48740.00 11.39
48750.00 11.35
48760.00 11.31
48770.00 11.28
48780.00 11.24
48790.00 11.21
48800.00 11.17
48810.00 11.13
48820.00 11.10
48830.00 11.06
48840.00 11.03
48850.00 10.99
48860.00 10.95
48870.00 10.92
48880.00 10.88
48890.00 10.85
48900.00 10.81
48910.00 10.77
48920.00 10.74
48930.00 10.70
48940.00 10.67
48950.00 10.63
48960.00 10.59
48970.00 10.56
48980.00 10.52
48990.00 10.48
49000.00 10.45
49010.00 10.41
49020.00 10.38
49030.00 10.34
49040.00 10.30
49050.00 10.27
49060.00 10.23
49070.00 10.19
49080.00 10.16
49090.00 10.12
49100.00 10.08
49110.00 10.05
49120.00 10.01
49130.00 9.98
49140.00 9.94
49150.00 9.90
49160.00 9.87
49170.00 9.83
49180.00 9.79
49190.00 9.76
49200.00 9.72
49210.00 9.68
49220.00 9.65
49230.00 9.61
49240.00 9.57
49250.00 9.54
49260.00 9.50
49270.00 9.46
49280.00 9.43
49290.00 9.39
49300.00 9.35
49310.00 9.32
49320.00 9.28
49330.00 9.24
49340.00 9.21
49350.00 9.17
49360.00 9.13
49370.00 9.10
49380.00 9.06
49390.00 9.02
49400.00 8.98
49410.00 8.95
49420.00 8.91
49430.00 8.87
49440.00 8.84
49450.00 8.80
49460.00 8.76
49470.00 8.73
49480.00 8.69
49490.00 8.65
49500.00 8.61
49510.00 8.58
49520.00 8.54
49530.00 8.50
49540.00 8.47
49550.00 8.43
49560.00 8.39
49570.00 8.35
49580.00 8.32
49590.00 8.28
49600.00 8.24
49610.00 8.21
49620.00 8.17
49630.00 8.13
49640.00 8.09
49650.00 8.06
49660.00 8.02
49670.00 7.98
49680.00 7.94
49690.00 7.91
49700.00 7.87
49710.00 7.83
49720.00 7.80
49730.00 7.76
49740.00 7.72
49750.00 7.68
49760.00 7.65
49770.00 7.61
49780.00 7.57
49790.00 7.53
49800.00 7.50
49810.00 7.46
49820.00 7.42
49830.00 7.38
49840.00 7.35
49850.00 7.31
49860.00 7.27
49870.00 7.23
49880.00 7.19
49890.00 7.16
49900.00 7.12
49910.00 7.08
49920.00 7.04
49930.00 7.01
49940.00 6.97
49950.00 6.93
49960.00 6.89
49970.00 6.86
49980.00 6.82
49990.00 6.78
50000.00 6.74
50010.00 6.70
50020.00 6.67
50030.00 6.63
50040.00 6.59
50050.00 6.55
50060.00 6.51
50070.00 6.48
50080.00 6.44
50090.00 6.40
50100.00 6.36
50110.00 6.32
50120.00 6.29
50130.00 6.25
50140.00 6.21
50150.00 6.17
50160.00 6.13
50170.00 6.10
50180.00 6.06
50190.00 6.02
50200.00 5.98
50210.00 5.94
50220.00 5.91
50230.00 5.87
50240.00 5.83
50250.00 5.79
50260.00 5.75
50270.00 5.71
50280.00 5.68
50290.00 5.64
50300.00 5.60
50310.00 5.56
50320.00 5.52
50330.00 5.48
50340.00 5.45
50350.00 5.41
50360.00 5.37
50370.00 5.33
50380.00 5.29
50390.00 5.25
50400.00 5.22
50410.00 5.18
50420.00 5.14
50430.00 5.10
50440.00 5.06
50450.00 5.02
50460.00 4.98
50470.00 4.95
50480.00 4.91
50490.00 4.87
50500.00 4.83
50510.00 4.79
50520.00 4.75
50530.00 4.71
50540.00 4.68
50550.00 4.64
50560.00 4.60
50570.00 4.56
50580.00 4.52
50590.00 4.48
50600.00 4.44
50610.00 4.40
50620.00 4.37
50630.00 4.33
50640.00 4.29
50650.00 4.25
50660.00 4.21
50670.00 4.17
50680.00 4.13
50690.00 4.09
50700.00 4.05
50710.00 4.02
50720.00 3.98
50730.00 3.94
50740.00 3.90
50750.00 3.86
50760.00 3.82
50770.00 3.78
50780.00 3.74
50790.00 3.70
50800.00 3.66
50810.00 3.62
50820.00 3.59
50830.00 3.55
50840.00 3.51
50850.00 3.47
50860.00 3.43
50870.00 3.39
50880.00 3.35
50890.00 3.31
50900.00 3.27
50910.00 3.23
50920.00 3.19
50930.00 3.15
50940.00 3.11
50950.00 3.08
50960.00 3.04
50970.00 3.00
50980.00 2.96
50990.00 2.92
51000.00 2.88
51010.00 2.84
51020.00 2.80
51030.00 2.76
51040.00 2.72
51050.00 2.68
51060.00 2.64
51070.00 2.60
51080.00 2.56
51090.00 2.52
51100.00 2.48
51110.00 2.44
51120.00 2.40
51130.00 2.36
51140.00 2.33
51150.00 2.29
51160.00 2.25
51170.00 2.21
51180.00 2.17
51190.00 2.13
51200.00 2.09
51210.00 2.05
51220.00 2.01
51230.00 1.97
51240.00 1.93
51250.00 1.89
51260.00 1.85
51270.00 1.81
51280.00 1.77
51290.00 1.73
51300.00 1.69
51310.00 1.65
51320.00 1.61
51330.00 1.57
51340.00 1.53
51350.00 1.49
51360.00 1.45
51370.00 1.41
51380.00 1.37
51390.00 1.33
51400.00 1.29
51410.00 1.25
51420.00 1.21
51430.00 1.17
51440.00 1.13
51450.00 1.09
51460.00 1.05
51470.00 1.01
51480.00 0.97
51490.00 0.93
51500.00 0.89
51510.00 0.85
51520.00 0.81
51530.00 0.77
51540.00 0.73
51550.00 0.69
51560.00 0.65
51570.00 0.61
51580.00 0.57
51590.00 0.53
51600.00 0.49
51610.00 0.45
51620.00 0.40
51630.00 0.36
51640.00 0.32
51650.00 0.28
51660.00 0.24
51670.00 0.20
51680.00 0.16
51690.00 0.12
51700.00 0.08
51710.00 0.04
51720.00 0.00
