0.00 212.11
10.00 212.16
20.00 212.19
30.00 212.77
40.00 212.62
50.00 212.40
60.00 212.23
70.00 210.98
80.00 208.66
90.00 206.60
100.00 205.34
110.00 202.32
120.00 200.06
130.00 196.24
140.00 191.32
150.00 191.32
160.00 187.30
170.00 184.98
180.00 183.23
190.00 182.76
200.00 175.54
210.00 171.38
220.00 166.36
230.00 166.36
240.00 164.54
250.00 165.72
260.00 164.67
270.00 163.40
280.00 161.68
290.00 161.73
300.00 161.81
310.00 161.68
320.00 161.68
330.00 161.96
340.00 162.04
350.00 162.09
360.00 162.12
370.00 162.20
380.00 162.25
390.00 162.33
400.00 162.33
410.00 162.40
420.00 162.48
430.00 162.53
440.00 162.56
450.00 162.64
460.00 162.69
470.00 162.76
480.00 162.84
490.00 162.84
500.00 165.02
510.00 165.10
520.00 163.85
530.00 158.78
540.00 157.42
550.00 151.30
560.00 150.18
570.00 150.18
580.00 148.26
590.00 146.04
600.00 144.78
610.00 141.46
620.00 140.70
630.00 137.64
640.00 133.02
650.00 129.00
660.00 129.00
670.00 125.98
680.00 124.72
690.00 122.70
700.00 121.63
710.00 120.68
720.00 118.96
730.00 117.23
740.00 117.23
750.00 115.91
760.00 114.49
770.00 114.53
780.00 114.61
790.00 114.65
800.00 114.69
810.00 114.77
820.00 116.91
830.00 116.95
840.00 113.93
850.00 111.07
860.00 105.65
870.00 103.68
880.00 100.82
890.00 95.70
900.00 91.08
910.00 91.08
920.00 87.56
930.00 85.24
940.00 84.58
950.00 84.36
960.00 84.36
970.00 85.44
980.00 85.51
990.00 85.56
1000.00 86.69
1010.00 87.27
1020.00 88.31
1030.00 90.49
1040.00 92.13
1050.00 92.97
1060.00 95.35
1070.00 96.72
1080.00 96.72
1090.00 98.40
1100.00 98.44
1110.00 98.52
1120.00 98.60
1130.00 98.60
1140.00 98.68
1150.00 98.76
1160.00 96.70
1170.00 96.73
1180.00 96.81
1190.00 96.85
1200.00 96.93
1210.00 96.97
1220.00 97.01
1230.00 99.19
1240.00 99.23
1250.00 99.26
1260.00 99.34
1270.00 99.38
1280.00 97.36
1290.00 97.44
1300.00 97.44
1310.00 98.31
1320.00 97.09
1330.00 95.23
1340.00 95.07
1350.00 92.75
1360.00 90.99
1370.00 89.57
1380.00 89.60
1390.00 88.84
1400.00 87.82
1410.00 87.86
1420.00 87.94
1430.00 87.97
1440.00 88.02
1450.00 88.09
1460.00 88.17
1470.00 88.17
1480.00 88.25
1490.00 88.32
1500.00 90.47
1510.00 90.50
1520.00 90.58
1530.00 90.62
1540.00 90.70
1550.00 90.70
1560.00 90.77
1570.00 90.85
1580.00 90.89
1590.00 90.97
1600.00 89.70
1610.00 89.44
1620.00 88.82
1630.00 87.60
1640.00 87.60
1650.00 86.37
1660.00 85.15
1670.00 84.09
1680.00 83.63
1690.00 82.87
1700.00 81.65
1710.00 80.42
1720.00 80.42
1730.00 79.20
1740.00 77.97
1750.00 77.02
1760.00 75.79
1770.00 75.83
1780.00 74.57
1790.00 73.34
1800.00 71.82
1810.00 71.82
1820.00 70.40
1830.00 69.34
1840.00 67.42
1850.00 65.55
1860.00 64.79
1870.00 62.57
1880.00 60.54
1890.00 60.54
1900.00 61.42
1910.00 60.49
1920.00 59.44
1930.00 58.21
1940.00 58.75
1950.00 58.09
1960.00 57.36
1970.00 56.41
1980.00 56.44
1990.00 55.42
2000.00 54.66
2010.00 53.73
2020.00 53.77
2030.00 53.01
2040.00 52.28
2050.00 51.36
2060.00 51.36
2070.00 50.94
2080.00 50.41
2090.00 50.45
2100.00 50.53
2110.00 50.53
2120.00 50.60
2130.00 50.68
2140.00 50.72
2150.00 50.75
2160.00 50.83
2170.00 50.87
2180.00 50.95
2190.00 50.98
2200.00 51.02
2210.00 51.10
2220.00 51.17
2230.00 51.21
2240.00 51.25
2250.00 51.29
2260.00 51.36
2270.00 51.44
2280.00 51.44
2290.00 51.51
2300.00 51.59
2310.00 51.63
2320.00 51.66
2330.00 51.74
2340.00 51.78
2350.00 51.86
2360.00 51.89
2370.00 51.93
2380.00 53.10
2390.00 53.15
2400.00 56.82
2410.00 59.25
2420.00 60.60
2430.00 63.47
2440.00 65.15
2450.00 65.15
2460.00 67.02
2470.00 68.39
2480.00 68.74
2490.00 70.07
2500.00 71.64
2510.00 72.28
2520.00 74.36
2530.00 75.99
2540.00 76.53
2550.00 78.71
2560.00 79.05
2570.00 79.82
2580.00 81.16
2590.00 81.20
2600.00 83.67
2610.00 87.15
2620.00 87.15
2630.00 93.92
2640.00 104.40
2650.00 102.34
2660.00 107.37
2670.00 106.94
2680.00 104.38
2690.00 105.16
2700.00 105.16
2710.00 105.03
2720.00 105.11
2730.00 105.65
2740.00 108.02
2750.00 110.66
2760.00 111.00
2770.00 113.17
2780.00 115.04
2790.00 115.04
2800.00 117.42
2810.00 119.89
2820.00 119.93
2830.00 122.07
2840.00 121.51
2850.00 123.48
2860.00 124.55
2870.00 124.55
2880.00 126.23
2890.00 126.50
2900.00 125.74
2910.00 126.12
2920.00 127.45
2930.00 126.99
2940.00 128.36
2950.00 128.44
2960.00 128.44
2970.00 128.51
2980.00 124.85
2990.00 124.42
3000.00 125.56
3010.00 124.00
3020.00 123.27
3030.00 122.54
3040.00 121.09
3050.00 122.12
3060.00 122.19
3070.00 120.73
3080.00 120.01
3090.00 120.84
3100.00 119.78
3110.00 119.05
3120.00 118.09
3130.00 119.72
3140.00 122.90
3150.00 121.64
3160.00 126.11
3170.00 129.54
3180.00 129.58
3190.00 132.26
3200.00 132.03
3210.00 130.57
3220.00 129.80
3230.00 129.88
3240.00 128.32
3250.00 124.79
3260.00 124.79
3270.00 120.96
3280.00 117.14
3290.00 113.28
3300.00 114.11
3310.00 110.78
3320.00 106.92
3330.00 95.79
3340.00 91.63
3350.00 78.47
3360.00 65.04
3370.00 55.21
3380.00 48.45
3390.00 47.68
3400.00 42.33
3410.00 36.10
3420.00 30.17
3430.00 30.17
3440.00 25.34
3450.00 19.92
3460.00 11.16
3470.00 12.19
3480.00 3.46
3490.00 0.00
3500.00 0.07
3510.00 0.10
3520.00 0.14
3530.00 0.22
3540.00 0.26
3550.00 0.33
3560.00 0.36
3570.00 0.40
3580.00 0.47
3590.00 0.55
3600.00 0.55
3610.00 0.62
3620.00 0.69
3630.00 0.73
3640.00 0.76
3650.00 0.83
3660.00 0.87
3670.00 0.95
3680.00 0.98
3690.00 1.02
3700.00 1.09
3710.00 1.13
3720.00 1.20
3730.00 1.23
3740.00 1.27
3750.00 1.35
3760.00 1.42
3770.00 1.42
3780.00 1.49
3790.00 1.56
3800.00 1.60
3810.00 1.63
3820.00 1.70
3830.00 1.74
3840.00 1.81
3850.00 1.85
3860.00 1.89
3870.00 1.96
3880.00 2.00
3890.00 2.07
3900.00 2.10
3910.00 2.14
3920.00 2.21
3930.00 2.28
3940.00 2.28
3950.00 2.35
3960.00 2.43
3970.00 2.47
3980.00 2.50
3990.00 2.54
4000.00 2.61
4010.00 2.68
4020.00 2.72
4030.00 2.75
4040.00 2.82
4050.00 2.86
4060.00 2.93
4070.00 2.96
4080.00 3.00
4090.00 3.07
4100.00 3.15
4110.00 3.15
4120.00 3.22
4130.00 3.26
4140.00 3.33
4150.00 3.36
4160.00 3.40
4170.00 3.47
4180.00 3.54
4190.00 3.58
4200.00 3.61
4210.00 3.68
4220.00 3.72
4230.00 3.79
4240.00 3.82
4250.00 3.86
4260.00 3.93
4270.00 3.97
4280.00 4.00
4290.00 4.07
4300.00 4.11
4310.00 4.18
4320.00 4.21
4330.00 4.25
4340.00 4.32
4350.00 4.39
4360.00 4.43
4370.00 4.46
4380.00 4.54
4390.00 4.57
4400.00 4.64
4410.00 4.64
4420.00 4.71
4430.00 4.79
4440.00 4.82
4450.00 4.86
4460.00 4.93
4470.00 4.96
4480.00 5.03
4490.00 5.07
4500.00 5.10
4510.00 5.18
4520.00 5.25
4530.00 5.28
4540.00 5.32
4550.00 5.35
4560.00 5.42
4570.00 5.49
4580.00 5.49
4590.00 5.56
4600.00 5.63
4610.00 5.67
4620.00 5.70
4630.00 5.77
4640.00 5.81
4650.00 5.88
4660.00 5.95
4670.00 5.95
4680.00 6.02
4690.00 6.09
4700.00 6.13
4710.00 6.16
4720.00 6.20
4730.00 6.27
4740.00 6.34
4750.00 6.34
4760.00 6.41
4770.00 6.48
4780.00 6.52
4790.00 6.55
4800.00 6.62
4810.00 6.66
4820.00 6.72
4830.00 6.79
4840.00 6.79
4850.00 6.86
4860.00 6.90
4870.00 6.97
4880.00 7.00
4890.00 7.04
4900.00 7.11
4910.00 7.18
4920.00 7.18
4930.00 7.25
4940.00 7.32
4950.00 7.36
4960.00 7.39
4970.00 7.46
4980.00 7.49
4990.00 7.56
5000.00 7.60
5010.00 7.63
5020.00 7.70
5030.00 7.74
5040.00 7.81
5050.00 7.84
5060.00 7.88
5070.00 7.95
5080.00 8.01
5090.00 8.01
5100.00 8.08
5110.00 8.15
5120.00 8.19
5130.00 8.22
5140.00 8.26
5150.00 8.33
5160.00 8.40
5170.00 8.43
5180.00 8.47
5190.00 8.53
5200.00 8.57
5210.00 8.64
5220.00 8.67
5230.00 8.71
5240.00 8.78
5250.00 8.85
5260.00 8.85
5270.00 8.91
5280.00 8.95
5290.00 9.02
5300.00 9.05
5310.00 9.09
5320.00 9.16
5330.00 9.23
5340.00 9.26
5350.00 9.29
5360.00 9.36
5370.00 9.40
5380.00 9.47
5390.00 9.50
5400.00 9.54
5410.00 9.60
5420.00 9.64
5430.00 9.67
5440.00 9.74
5450.00 9.78
5460.00 9.85
5470.00 9.91
5480.00 9.91
5490.00 9.98
5500.00 10.05
5510.00 10.09
5520.00 10.12
5530.00 10.19
5540.00 10.22
5550.00 10.29
5560.00 10.29
5570.00 10.36
5580.00 10.43
5590.00 10.46
5600.00 10.49
5610.00 10.56
5620.00 10.60
5630.00 10.67
5640.00 10.74
5650.00 10.74
5660.00 10.80
5670.00 10.87
5680.00 10.91
5690.00 10.94
5700.00 10.98
5710.00 11.04
5720.00 11.11
5730.00 11.11
5740.00 11.18
5750.00 11.25
5760.00 11.28
5770.00 11.31
5780.00 11.38
5790.00 11.42
5800.00 11.48
5810.00 11.55
5820.00 11.55
5830.00 11.62
5840.00 11.69
5850.00 11.72
5860.00 11.75
5870.00 11.79
5880.00 11.86
5890.00 11.92
5900.00 11.92
5910.00 11.99
5920.00 12.06
5930.00 12.10
5940.00 12.13
5950.00 12.19
5960.00 12.23
5970.00 12.30
5980.00 12.36
5990.00 12.36
6000.00 12.43
6010.00 12.47
6020.00 12.53
6030.00 12.56
6040.00 12.60
6050.00 12.67
6060.00 12.73
6070.00 12.73
6080.00 12.80
6090.00 12.87
6100.00 12.90
6110.00 12.93
6120.00 13.00
6130.00 13.04
6140.00 13.10
6150.00 13.14
6160.00 13.17
6170.00 13.24
6180.00 13.27
6190.00 13.34
6200.00 13.37
6210.00 13.41
6220.00 13.47
6230.00 13.54
6240.00 13.54
6250.00 13.61
6260.00 13.67
6270.00 13.71
6280.00 13.77
6290.00 13.77
6300.00 13.84
6310.00 13.91
6320.00 13.94
6330.00 13.97
6340.00 14.04
6350.00 14.08
6360.00 14.14
6370.00 14.17
6380.00 14.21
6390.00 14.27
6400.00 14.34
6410.00 14.34
6420.00 14.41
6430.00 14.44
6440.00 14.51
6450.00 14.57
6460.00 14.57
6470.00 14.64
6480.00 14.71
6490.00 14.74
6500.00 14.77
6510.00 14.84
6520.00 14.87
6530.00 14.94
6540.00 14.97
6550.00 15.00
6560.00 15.07
6570.00 15.11
6580.00 15.14
6590.00 15.20
6600.00 15.24
6610.00 15.30
6620.00 15.37
6630.00 15.37
6640.00 15.43
6650.00 15.50
6660.00 15.54
6670.00 15.56
6680.00 15.63
6690.00 15.67
6700.00 15.73
6710.00 15.73
6720.00 15.80
6730.00 15.86
6740.00 15.90
6750.00 15.93
6760.00 15.99
6770.00 16.03
6780.00 16.09
6790.00 16.16
6800.00 16.16
6810.00 16.22
6820.00 16.29
6830.00 16.32
6840.00 16.35
6850.00 16.39
6860.00 16.45
6870.00 16.52
6880.00 16.52
6890.00 16.58
6900.00 16.65
6910.00 16.68
6920.00 16.71
6930.00 16.78
6940.00 16.81
6950.00 16.88
6960.00 16.94
6970.00 16.94
6980.00 17.01
6990.00 17.07
7000.00 17.11
7010.00 17.14
7020.00 17.17
7030.00 17.24
7040.00 17.30
7050.00 17.30
7060.00 17.37
7070.00 17.43
7080.00 17.47
7090.00 17.53
7100.00 17.56
7110.00 17.60
7120.00 17.66
7130.00 17.72
7140.00 17.72
7150.00 17.79
7160.00 17.82
7170.00 17.89
7180.00 17.92
7190.00 17.95
7200.00 18.02
7210.00 18.08
7220.00 18.08
7230.00 18.15
7240.00 18.21
7250.00 18.25
7260.00 18.31
7270.00 18.34
7280.00 18.37
7290.00 18.44
7300.00 18.47
7310.00 18.50
7320.00 18.56
7330.00 18.60
7340.00 18.66
7350.00 18.69
7360.00 18.73
7370.00 18.79
7380.00 18.86
7390.00 18.86
7400.00 18.92
7410.00 18.98
7420.00 19.02
7430.00 19.08
7440.00 19.08
7450.00 19.15
7460.00 19.21
7470.00 19.24
7480.00 19.27
7490.00 19.34
7500.00 19.37
7510.00 19.44
7520.00 19.46
7530.00 19.50
7540.00 19.56
7550.00 19.63
7560.00 19.63
7570.00 19.69
7580.00 19.72
7590.00 19.79
7600.00 19.85
7610.00 19.85
7620.00 19.91
7630.00 19.98
7640.00 20.01
7650.00 20.04
7660.00 20.10
7670.00 20.14
7680.00 20.20
7690.00 20.23
7700.00 20.26
7710.00 20.33
7720.00 20.36
7730.00 20.39
7740.00 20.45
7750.00 20.49
7760.00 20.55
7770.00 20.61
7780.00 20.61
7790.00 20.68
7800.00 20.74
7810.00 20.77
7820.00 20.80
7830.00 20.87
7840.00 20.90
7850.00 20.96
7860.00 20.96
7870.00 21.03
7880.00 21.09
7890.00 21.12
7900.00 21.19
7910.00 21.21
7920.00 21.25
7930.00 21.31
7940.00 21.37
7950.00 21.37
7960.00 21.44
7970.00 21.50
7980.00 21.53
7990.00 21.56
8000.00 21.62
8010.00 21.66
8020.00 21.72
8030.00 21.72
8040.00 21.78
8050.00 21.85
8060.00 21.88
8070.00 21.94
8080.00 21.97
8090.00 22.00
8100.00 22.07
8110.00 22.13
8120.00 22.13
8130.00 22.19
8140.00 22.25
8150.00 22.29
8160.00 22.31
8170.00 22.35
8180.00 22.41
8190.00 22.47
8200.00 22.47
8210.00 22.54
8220.00 22.60
8230.00 22.63
8240.00 22.69
8250.00 22.72
8260.00 22.76
8270.00 22.82
8280.00 22.88
8290.00 22.88
8300.00 22.94
8310.00 22.97
8320.00 23.04
8330.00 23.06
8340.00 23.10
8350.00 23.16
8360.00 23.22
8370.00 23.22
8380.00 23.28
8390.00 23.34
8400.00 23.38
8410.00 23.44
8420.00 23.47
8430.00 23.50
8440.00 23.56
8450.00 23.60
8460.00 23.62
8470.00 23.69
8480.00 23.72
8490.00 23.78
8500.00 23.81
8510.00 23.84
8520.00 23.90
8530.00 23.96
8540.00 23.96
8550.00 24.03
8560.00 24.09
8570.00 24.12
8580.00 24.18
8590.00 24.18
8600.00 24.24
8610.00 24.30
8620.00 24.34
8630.00 24.37
8640.00 24.43
8650.00 24.46
8660.00 24.52
8670.00 24.55
8680.00 24.58
8690.00 24.64
8700.00 24.70
8710.00 24.74
8720.00 24.76
8730.00 24.80
8740.00 24.86
8750.00 24.92
8760.00 24.92
8770.00 24.98
8780.00 25.04
8790.00 25.07
8800.00 25.10
8810.00 25.16
8820.00 25.20
8830.00 25.26
8840.00 25.28
8850.00 25.32
8860.00 25.38
8870.00 25.41
8880.00 25.47
8890.00 25.50
8900.00 25.53
8910.00 25.59
8920.00 25.65
8930.00 25.65
8940.00 25.71
8950.00 25.77
8960.00 25.81
8970.00 25.83
8980.00 25.89
8990.00 25.93
9000.00 25.99
9010.00 25.99
9020.00 26.05
9030.00 26.11
9040.00 26.14
9050.00 26.20
9060.00 26.23
9070.00 26.26
9080.00 26.32
9090.00 26.38
9100.00 26.38
9110.00 26.44
9120.00 26.50
9130.00 26.53
9140.00 26.56
9150.00 26.62
9160.00 26.65
9170.00 26.71
9180.00 26.71
9190.00 26.77
9200.00 26.83
9210.00 26.87
9220.00 26.93
9230.00 26.95
9240.00 26.99
9250.00 27.05
9260.00 27.11
9270.00 27.11
9280.00 27.17
9290.00 27.22
9300.00 27.26
9310.00 27.28
9320.00 27.32
9330.00 27.38
9340.00 27.44
9350.00 27.47
9360.00 27.50
9370.00 27.56
9380.00 27.59
9390.00 27.65
9400.00 27.67
9410.00 27.71
9420.00 27.77
9430.00 27.83
9440.00 27.83
9450.00 27.88
9460.00 27.92
9470.00 27.98
9480.00 28.00
9490.00 28.04
9500.00 28.09
9510.00 28.15
9520.00 28.19
9530.00 28.21
9540.00 28.27
9550.00 28.30
9560.00 28.36
9570.00 28.39
9580.00 28.42
9590.00 28.48
9600.00 28.51
9610.00 28.54
9620.00 28.60
9630.00 28.63
9640.00 28.69
9650.00 28.72
9660.00 28.75
9670.00 28.81
9680.00 28.87
9690.00 28.90
9700.00 28.93
9710.00 28.98
9720.00 29.02
9730.00 29.07
9740.00 29.07
9750.00 29.13
9760.00 29.19
9770.00 29.22
9780.00 29.25
9790.00 29.31
9800.00 29.34
9810.00 29.40
9820.00 29.43
9830.00 29.46
9840.00 29.52
9850.00 29.57
9860.00 29.61
9870.00 29.63
9880.00 29.67
9890.00 29.72
9900.00 29.78
9910.00 29.78
9920.00 29.84
9930.00 29.90
9940.00 29.93
9950.00 29.96
9960.00 30.01
9970.00 30.05
9980.00 30.10
9990.00 30.13
10000.00 30.16
10010.00 30.22
10020.00 30.25
10030.00 30.31
10040.00 30.34
10050.00 30.37
10060.00 30.43
10070.00 30.48
10080.00 30.48
10090.00 30.54
10100.00 30.60
10110.00 30.63
10120.00 30.66
10130.00 30.72
10140.00 30.75
10150.00 30.80
10160.00 30.84
10170.00 30.86
10180.00 30.92
10190.00 30.95
10200.00 31.01
10210.00 31.04
10220.00 31.07
10230.00 31.12
10240.00 31.18
10250.00 31.18
10260.00 31.24
10270.00 31.30
10280.00 31.33
10290.00 31.35
10300.00 31.41
10310.00 31.44
10320.00 31.50
10330.00 31.53
10340.00 31.56
10350.00 31.62
10360.00 31.65
10370.00 31.70
10380.00 31.73
10390.00 31.76
10400.00 31.82
10410.00 31.88
10420.00 31.88
10430.00 31.93
10440.00 31.99
10450.00 32.02
10460.00 32.05
10470.00 32.08
10480.00 32.13
10490.00 32.19
10500.00 32.22
10510.00 32.25
10520.00 32.31
10530.00 32.34
10540.00 32.39
10550.00 32.42
10560.00 32.45
10570.00 32.51
10580.00 32.56
10590.00 32.56
10600.00 32.62
10610.00 32.65
10620.00 32.71
10630.00 32.73
10640.00 32.77
10650.00 32.82
10660.00 32.88
10670.00 32.91
10680.00 32.93
10690.00 32.99
10700.00 33.02
10710.00 33.08
10720.00 33.10
10730.00 33.14
10740.00 33.19
10750.00 33.22
10760.00 33.25
10770.00 33.30
10780.00 33.34
10790.00 33.39
10800.00 33.42
10810.00 33.45
10820.00 33.50
10830.00 33.56
10840.00 33.59
10850.00 33.62
10860.00 33.67
10870.00 33.70
10880.00 33.76
10890.00 33.76
10900.00 33.82
10910.00 33.87
10920.00 33.90
10930.00 33.93
10940.00 33.98
10950.00 34.01
10960.00 34.07
10970.00 34.13
10980.00 34.13
10990.00 34.18
11000.00 34.24
11010.00 34.27
11020.00 34.29
11030.00 34.32
11040.00 34.38
11050.00 34.44
11060.00 34.44
11070.00 34.49
11080.00 34.55
11090.00 34.58
11100.00 34.60
11110.00 34.66
11120.00 34.69
11130.00 34.74
11140.00 34.80
11150.00 34.80
11160.00 34.86
11170.00 34.89
11180.00 34.94
11190.00 34.97
11200.00 35.00
11210.00 35.05
11220.00 35.11
11230.00 35.11
11240.00 35.16
11250.00 35.22
11260.00 35.25
11270.00 35.27
11280.00 35.33
11290.00 35.36
11300.00 35.41
11310.00 35.47
11320.00 35.47
11330.00 35.52
11340.00 35.56
11350.00 35.61
11360.00 35.63
11370.00 35.67
11380.00 35.72
11390.00 35.77
11400.00 35.77
11410.00 35.83
11420.00 35.88
11430.00 35.92
11440.00 35.94
11450.00 35.99
11460.00 36.02
11470.00 36.08
11480.00 36.11
11490.00 36.13
11500.00 36.19
11510.00 36.22
11520.00 36.27
11530.00 36.30
11540.00 36.33
11550.00 36.38
11560.00 36.44
11570.00 36.44
11580.00 36.49
11590.00 36.55
11600.00 36.58
11610.00 36.60
11620.00 36.63
11630.00 36.69
11640.00 36.74
11650.00 36.77
11660.00 36.79
11670.00 36.85
11680.00 36.88
11690.00 36.93
11700.00 36.96
11710.00 36.99
11720.00 37.04
11730.00 37.10
11740.00 37.10
11750.00 37.15
11760.00 37.18
11770.00 37.23
11780.00 37.29
11790.00 37.29
11800.00 37.34
11810.00 37.40
11820.00 37.43
11830.00 37.45
11840.00 37.50
11850.00 37.53
11860.00 37.59
11870.00 37.61
11880.00 37.64
11890.00 37.70
11900.00 37.73
11910.00 37.75
11920.00 37.80
11930.00 37.83
11940.00 37.89
11950.00 37.94
11960.00 37.94
11970.00 37.99
11980.00 38.05
11990.00 38.08
12000.00 38.10
12010.00 38.15
12020.00 38.18
12030.00 38.24
12040.00 38.24
12050.00 38.29
12060.00 38.34
12070.00 38.37
12080.00 38.40
12090.00 38.45
12100.00 38.48
12110.00 38.53
12120.00 38.59
12130.00 38.59
12140.00 38.64
12150.00 38.69
12160.00 38.72
12170.00 38.75
12180.00 38.78
12190.00 38.83
12200.00 38.88
12210.00 38.88
12220.00 38.94
12230.00 38.99
12240.00 39.02
12250.00 39.04
12260.00 39.10
12270.00 39.12
12280.00 39.18
12290.00 39.23
12300.00 39.23
12310.00 39.28
12320.00 39.31
12330.00 39.37
12340.00 39.39
12350.00 39.42
12360.00 39.47
12370.00 39.52
12380.00 39.52
12390.00 39.58
12400.00 39.63
12410.00 39.66
12420.00 39.68
12430.00 39.73
12440.00 39.76
12450.00 39.82
12460.00 39.87
12470.00 39.87
12480.00 39.92
12490.00 39.95
12500.00 40.00
12510.00 40.03
12520.00 40.06
12530.00 40.11
12540.00 40.16
12550.00 40.16
12560.00 40.21
12570.00 40.27
12580.00 40.29
12590.00 40.35
12600.00 40.37
12610.00 40.40
12620.00 40.45
12630.00 40.48
12640.00 40.50
12650.00 40.56
12660.00 40.58
12670.00 40.64
12680.00 40.66
12690.00 40.69
12700.00 40.74
12710.00 40.79
12720.00 40.79
12730.00 40.84
12740.00 40.90
12750.00 40.93
12760.00 40.98
12770.00 40.98
12780.00 41.03
12790.00 41.08
12800.00 41.11
12810.00 41.13
12820.00 41.18
12830.00 41.21
12840.00 41.26
12850.00 41.29
12860.00 41.32
12870.00 41.37
12880.00 41.42
12890.00 41.42
12900.00 41.47
12910.00 41.50
12920.00 41.55
12930.00 41.60
12940.00 41.60
12950.00 41.65
12960.00 41.71
12970.00 41.73
12980.00 41.76
12990.00 41.81
13000.00 41.84
13010.00 41.89
13020.00 41.91
13030.00 41.94
13040.00 41.99
13050.00 42.02
13060.00 42.04
13070.00 42.09
13080.00 42.12
13090.00 42.17
13100.00 42.22
13110.00 42.22
13120.00 42.28
13130.00 42.33
13140.00 42.35
13150.00 42.38
13160.00 42.43
13170.00 42.46
13180.00 42.51
13190.00 42.51
13200.00 42.56
13210.00 42.61
13220.00 42.64
13230.00 42.66
13240.00 42.71
13250.00 42.74
13260.00 42.79
13270.00 42.84
13280.00 42.84
13290.00 42.89
13300.00 42.94
13310.00 42.97
13320.00 42.99
13330.00 43.02
13340.00 43.07
13350.00 43.12
13360.00 43.12
13370.00 43.17
13380.00 43.22
13390.00 43.25
13400.00 43.30
13410.00 43.32
13420.00 43.35
13430.00 43.40
13440.00 43.45
13450.00 43.45
13460.00 43.50
13470.00 43.53
13480.00 43.58
13490.00 43.60
13500.00 43.63
13510.00 43.68
13520.00 43.73
13530.00 43.73
13540.00 43.78
13550.00 43.83
13560.00 43.86
13570.00 43.91
13580.00 43.93
13590.00 43.96
13600.00 44.01
13610.00 44.06
13620.00 44.06
13630.00 44.11
13640.00 44.14
13650.00 44.19
13660.00 44.21
13670.00 44.24
13680.00 44.29
13690.00 44.34
13700.00 44.34
13710.00 44.39
13720.00 44.44
13730.00 44.47
13740.00 44.52
13750.00 44.54
13760.00 44.56
13770.00 44.61
13780.00 44.64
13790.00 44.66
13800.00 44.71
13810.00 44.74
13820.00 44.79
13830.00 44.81
13840.00 44.84
13850.00 44.89
13860.00 44.94
13870.00 44.94
13880.00 44.99
13890.00 45.04
13900.00 45.07
13910.00 45.12
13920.00 45.12
13930.00 45.16
13940.00 45.21
13950.00 45.24
13960.00 45.26
13970.00 45.31
13980.00 45.34
13990.00 45.39
14000.00 45.41
14010.00 45.44
14020.00 45.49
14030.00 45.54
14040.00 45.54
14050.00 45.59
14060.00 45.61
14070.00 45.66
14080.00 45.71
14090.00 45.71
14100.00 45.76
14110.00 45.81
14120.00 45.84
14130.00 45.86
14140.00 45.91
14150.00 45.93
14160.00 45.98
14170.00 46.00
14180.00 46.03
14190.00 46.08
14200.00 46.11
14210.00 46.16
14220.00 46.18
14230.00 46.20
14240.00 46.25
14250.00 46.30
14260.00 46.30
14270.00 46.35
14280.00 46.40
14290.00 46.43
14300.00 46.45
14310.00 46.49
14320.00 46.52
14330.00 46.57
14340.00 46.57
14350.00 46.62
14360.00 46.67
14370.00 46.69
14380.00 46.74
14390.00 46.76
14400.00 46.79
14410.00 46.84
14420.00 46.89
14430.00 46.89
14440.00 46.94
14450.00 46.98
14460.00 47.01
14470.00 47.03
14480.00 47.06
14490.00 47.11
14500.00 47.15
14510.00 47.15
14520.00 47.20
14530.00 47.25
14540.00 47.28
14550.00 47.33
14560.00 47.35
14570.00 47.37
14580.00 47.42
14590.00 47.47
14600.00 47.47
14610.00 47.52
14620.00 47.56
14630.00 47.59
14640.00 47.61
14650.00 47.64
14660.00 47.69
14670.00 47.73
14680.00 47.73
14690.00 47.78
14700.00 47.83
14710.00 47.86
14720.00 47.90
14730.00 47.92
14740.00 47.95
14750.00 48.00
14760.00 48.05
14770.00 48.05
14780.00 48.09
14790.00 48.12
14800.00 48.17
14810.00 48.19
14820.00 48.21
14830.00 48.26
14840.00 48.31
14850.00 48.31
14860.00 48.36
14870.00 48.40
14880.00 48.43
14890.00 48.48
14900.00 48.50
14910.00 48.52
14920.00 48.57
14930.00 48.60
14940.00 48.62
14950.00 48.67
14960.00 48.69
14970.00 48.74
14980.00 48.76
14990.00 48.79
15000.00 48.83
15010.00 48.88
15020.00 48.91
15030.00 48.93
15040.00 48.97
15050.00 49.00
15060.00 49.05
15070.00 49.05
15080.00 49.09
15090.00 49.14
15100.00 49.17
15110.00 49.19
15120.00 49.23
15130.00 49.26
15140.00 49.31
15150.00 49.33
15160.00 49.35
15170.00 49.40
15180.00 49.44
15190.00 49.47
15200.00 49.49
15210.00 49.52
15220.00 49.56
15230.00 49.61
15240.00 49.61
15250.00 49.66
15260.00 49.70
15270.00 49.73
15280.00 49.75
15290.00 49.80
15300.00 49.82
15310.00 49.87
15320.00 49.89
15330.00 49.91
15340.00 49.96
15350.00 49.99
15360.00 50.03
15370.00 50.05
15380.00 50.08
15390.00 50.12
15400.00 50.17
15410.00 50.17
15420.00 50.22
15430.00 50.26
15440.00 50.29
15450.00 50.31
15460.00 50.35
15470.00 50.38
15480.00 50.43
15490.00 50.43
15500.00 50.47
15510.00 50.52
15520.00 50.54
15530.00 50.59
15540.00 50.61
15550.00 50.63
15560.00 50.68
15570.00 50.73
15580.00 50.73
15590.00 50.77
15600.00 50.82
15610.00 50.84
15620.00 50.86
15630.00 50.89
15640.00 50.93
15650.00 50.98
15660.00 50.98
15670.00 51.02
15680.00 51.07
15690.00 51.10
15700.00 51.14
15710.00 51.16
15720.00 51.19
15730.00 51.23
15740.00 51.28
15750.00 51.28
15760.00 51.32
15770.00 51.37
15780.00 51.39
15790.00 51.41
15800.00 51.44
15810.00 51.48
15820.00 51.53
15830.00 51.55
15840.00 51.57
15850.00 51.62
15860.00 51.64
15870.00 51.69
15880.00 51.71
15890.00 51.73
15900.00 51.78
15910.00 51.82
15920.00 51.82
15930.00 51.87
15940.00 51.89
15950.00 51.94
15960.00 51.96
15970.00 51.98
15980.00 52.03
15990.00 52.07
16000.00 52.10
16010.00 52.12
16020.00 52.16
16030.00 52.19
16040.00 52.23
16050.00 52.25
16060.00 52.28
16070.00 52.32
16080.00 52.34
16090.00 52.36
16100.00 52.41
16110.00 52.43
16120.00 52.48
16130.00 52.50
16140.00 52.52
16150.00 52.57
16160.00 52.61
16170.00 52.64
16180.00 52.66
16190.00 52.70
16200.00 52.72
16210.00 52.77
16220.00 52.77
16230.00 52.81
16240.00 52.86
16250.00 52.88
16260.00 52.90
16270.00 52.95
16280.00 52.97
16290.00 53.01
16300.00 53.03
16310.00 53.06
16320.00 53.10
16330.00 53.15
16340.00 53.17
16350.00 53.19
16360.00 53.21
16370.00 53.26
16380.00 53.30
16390.00 53.30
16400.00 53.35
16410.00 53.39
16420.00 53.41
16430.00 53.43
16440.00 53.48
16450.00 53.50
16460.00 53.55
16470.00 53.57
16480.00 53.59
16490.00 53.63
16500.00 53.66
16510.00 53.70
16520.00 53.72
16530.00 53.74
16540.00 53.79
16550.00 53.83
16560.00 53.83
16570.00 53.88
16580.00 53.92
16590.00 53.94
16600.00 53.96
16610.00 54.01
16620.00 54.03
16630.00 54.07
16640.00 54.10
16650.00 54.12
16660.00 54.16
16670.00 54.18
16680.00 54.23
16690.00 54.25
16700.00 54.27
16710.00 54.31
16720.00 54.36
16730.00 54.36
16740.00 54.40
16750.00 54.44
16760.00 54.47
16770.00 54.49
16780.00 54.53
16790.00 54.55
16800.00 54.60
16810.00 54.62
16820.00 54.64
16830.00 54.68
16840.00 54.71
16850.00 54.75
16860.00 54.77
16870.00 54.79
16880.00 54.83
16890.00 54.88
16900.00 54.88
16910.00 54.92
16920.00 54.96
16930.00 54.99
16940.00 55.00
16950.00 55.03
16960.00 55.07
16970.00 55.11
16980.00 55.14
16990.00 55.16
17000.00 55.20
17010.00 55.22
17020.00 55.26
17030.00 55.28
17040.00 55.31
17050.00 55.35
17060.00 55.39
17070.00 55.39
17080.00 55.43
17090.00 55.46
17100.00 55.50
17110.00 55.52
17120.00 55.54
17130.00 55.58
17140.00 55.63
17150.00 55.65
17160.00 55.67
17170.00 55.71
17180.00 55.74
17190.00 55.78
17200.00 55.80
17210.00 55.82
17220.00 55.86
17230.00 55.88
17240.00 55.90
17250.00 55.95
17260.00 55.97
17270.00 56.01
17280.00 56.03
17290.00 56.05
17300.00 56.09
17310.00 56.14
17320.00 56.16
17330.00 56.18
17340.00 56.22
17350.00 56.24
17360.00 56.28
17370.00 56.28
17380.00 56.33
17390.00 56.37
17400.00 56.39
17410.00 56.41
17420.00 56.45
17430.00 56.47
17440.00 56.52
17450.00 56.56
17460.00 56.56
17470.00 56.60
17480.00 56.64
17490.00 56.66
17500.00 56.68
17510.00 56.70
17520.00 56.75
17530.00 56.79
17540.00 56.79
17550.00 56.83
17560.00 56.87
17570.00 56.89
17580.00 56.91
17590.00 56.95
17600.00 56.98
17610.00 57.02
17620.00 57.06
17630.00 57.06
17640.00 57.10
17650.00 57.12
17660.00 57.16
17670.00 57.18
17680.00 57.20
17690.00 57.25
17700.00 57.29
17710.00 57.29
17720.00 57.33
17730.00 57.37
17740.00 57.39
17750.00 57.41
17760.00 57.45
17770.00 57.47
17780.00 57.51
17790.00 57.54
17800.00 57.55
17810.00 57.59
17820.00 57.62
17830.00 57.66
17840.00 57.68
17850.00 57.70
17860.00 57.74
17870.00 57.78
17880.00 57.78
17890.00 57.82
17900.00 57.86
17910.00 57.88
17920.00 57.90
17930.00 57.94
17940.00 57.96
17950.00 58.01
17960.00 58.03
17970.00 58.05
17980.00 58.09
17990.00 58.11
18000.00 58.15
18010.00 58.17
18020.00 58.19
18030.00 58.23
18040.00 58.27
18050.00 58.27
18060.00 58.31
18070.00 58.35
18080.00 58.37
18090.00 58.39
18100.00 58.41
18110.00 58.45
18120.00 58.49
18130.00 58.51
18140.00 58.53
18150.00 58.57
18160.00 58.59
18170.00 58.63
18180.00 58.65
18190.00 58.67
18200.00 58.71
18210.00 58.75
18220.00 58.75
18230.00 58.79
18240.00 58.82
18250.00 58.86
18260.00 58.90
18270.00 58.90
18280.00 58.94
18290.00 58.98
18300.00 59.00
18310.00 59.01
18320.00 59.05
18330.00 59.08
18340.00 59.12
18350.00 59.13
18360.00 59.16
18370.00 59.20
18380.00 59.22
18390.00 59.23
18400.00 59.27
18410.00 59.30
18420.00 59.34
18430.00 59.37
18440.00 59.37
18450.00 59.41
18460.00 59.45
18470.00 59.48
18480.00 59.49
18490.00 59.53
18500.00 59.55
18510.00 59.59
18520.00 59.59
18530.00 59.63
18540.00 59.67
18550.00 59.69
18560.00 59.71
18570.00 59.75
18580.00 59.77
18590.00 59.81
18600.00 59.85
18610.00 59.85
18620.00 59.89
18630.00 59.93
18640.00 59.95
18650.00 59.97
18660.00 59.99
18670.00 60.03
18680.00 60.07
18690.00 60.07
18700.00 60.10
18710.00 60.14
18720.00 60.16
18730.00 60.18
18740.00 60.22
18750.00 60.24
18760.00 60.28
18770.00 60.32
18780.00 60.32
18790.00 60.36
18800.00 60.38
18810.00 60.42
18820.00 60.43
18830.00 60.46
18840.00 60.49
18850.00 60.53
18860.00 60.53
18870.00 60.57
18880.00 60.61
18890.00 60.63
18900.00 60.65
18910.00 60.69
18920.00 60.71
18930.00 60.75
18940.00 60.77
18950.00 60.78
18960.00 60.82
18970.00 60.84
18980.00 60.88
18990.00 60.90
19000.00 60.92
19010.00 60.96
19020.00 61.00
19030.00 61.00
19040.00 61.03
19050.00 61.07
19060.00 61.09
19070.00 61.13
19080.00 61.15
19090.00 61.17
19100.00 61.21
19110.00 61.23
19120.00 61.24
19130.00 61.28
19140.00 61.30
19150.00 61.34
19160.00 61.36
19170.00 61.38
19180.00 61.42
19190.00 61.45
19200.00 61.45
19210.00 61.49
19220.00 61.53
19230.00 61.55
19240.00 61.59
19250.00 61.59
19260.00 61.63
19270.00 61.66
19280.00 61.68
19290.00 61.70
19300.00 61.74
19310.00 61.76
19320.00 61.80
19330.00 61.81
19340.00 61.83
19350.00 61.87
19360.00 61.91
19370.00 61.91
19380.00 61.95
19390.00 61.97
19400.00 62.00
19410.00 62.04
19420.00 62.04
19430.00 62.08
19440.00 62.12
19450.00 62.14
19460.00 62.15
19470.00 62.19
19480.00 62.21
19490.00 62.25
19500.00 62.26
19510.00 62.28
19520.00 62.32
19530.00 62.34
19540.00 62.36
19550.00 62.40
19560.00 62.42
19570.00 62.45
19580.00 62.49
19590.00 62.49
19600.00 62.53
19610.00 62.56
19620.00 62.58
19630.00 62.60
19640.00 62.64
19650.00 62.66
19660.00 62.69
19670.00 62.69
19680.00 62.73
19690.00 62.77
19700.00 62.79
19710.00 62.80
19720.00 62.84
19730.00 62.86
19740.00 62.90
19750.00 62.93
19760.00 62.93
19770.00 62.97
19780.00 63.01
19790.00 63.03
19800.00 63.04
19810.00 63.06
19820.00 63.10
19830.00 63.14
19840.00 63.14
19850.00 63.17
19860.00 63.21
19870.00 63.23
19880.00 63.26
19890.00 63.28
19900.00 63.30
19910.00 63.34
19920.00 63.37
19930.00 63.37
19940.00 63.41
19950.00 63.43
19960.00 63.46
19970.00 63.48
19980.00 63.50
19990.00 63.54
20000.00 63.57
20010.00 63.57
20020.00 63.61
20030.00 63.64
20040.00 63.66
20050.00 63.70
20060.00 63.72
20070.00 63.74
20080.00 63.77
20090.00 63.81
20100.00 63.81
20110.00 63.84
20120.00 63.86
20130.00 63.90
20140.00 63.91
20150.00 63.93
20160.00 63.97
20170.00 64.00
20180.00 64.00
20190.00 64.04
20200.00 64.08
20210.00 64.10
20220.00 64.13
20230.00 64.15
20240.00 64.17
20250.00 64.20
20260.00 64.22
20270.00 64.24
20280.00 64.27
20290.00 64.29
20300.00 64.33
20310.00 64.34
20320.00 64.36
20330.00 64.40
20340.00 64.43
20350.00 64.43
20360.00 64.47
20370.00 64.50
20380.00 64.52
20390.00 64.56
20400.00 64.56
20410.00 64.59
20420.00 64.63
20430.00 64.65
20440.00 64.66
20450.00 64.70
20460.00 64.72
20470.00 64.75
20480.00 64.77
20490.00 64.79
20500.00 64.82
20510.00 64.86
20520.00 64.86
20530.00 64.89
20540.00 64.91
20550.00 64.94
20560.00 64.98
20570.00 64.98
20580.00 65.01
20590.00 65.05
20600.00 65.07
20610.00 65.08
20620.00 65.12
20630.00 65.14
20640.00 65.17
20650.00 65.19
20660.00 65.21
20670.00 65.24
20680.00 65.26
20690.00 65.29
20700.00 65.31
20710.00 65.33
20720.00 65.36
20730.00 65.40
20740.00 65.40
20750.00 65.43
20760.00 65.47
20770.00 65.48
20780.00 65.50
20790.00 65.53
20800.00 65.55
20810.00 65.59
20820.00 65.59
20830.00 65.62
20840.00 65.65
20850.00 65.67
20860.00 65.71
20870.00 65.72
20880.00 65.74
20890.00 65.78
20900.00 65.81
20910.00 65.81
20920.00 65.84
20930.00 65.88
20940.00 65.90
20950.00 65.91
20960.00 65.93
20970.00 65.96
20980.00 66.00
20990.00 66.00
21000.00 66.03
21010.00 66.06
21020.00 66.08
21030.00 66.12
21040.00 66.13
21050.00 66.15
21060.00 66.18
21070.00 66.22
21080.00 66.22
21090.00 66.25
21100.00 66.27
21110.00 66.30
21120.00 66.32
21130.00 66.34
21140.00 66.37
21150.00 66.40
21160.00 66.40
21170.00 66.44
21180.00 66.47
21190.00 66.49
21200.00 66.52
21210.00 66.54
21220.00 66.56
21230.00 66.59
21240.00 66.62
21250.00 66.62
21260.00 66.65
21270.00 66.67
21280.00 66.71
21290.00 66.72
21300.00 66.74
21310.00 66.77
21320.00 66.81
21330.00 66.81
21340.00 66.84
21350.00 66.87
21360.00 66.89
21370.00 66.92
21380.00 66.94
21390.00 66.96
21400.00 66.99
21410.00 67.01
21420.00 67.02
21430.00 67.05
21440.00 67.07
21450.00 67.10
21460.00 67.12
21470.00 67.14
21480.00 67.17
21490.00 67.20
21500.00 67.22
21510.00 67.24
21520.00 67.27
21530.00 67.29
21540.00 67.32
21550.00 67.32
21560.00 67.35
21570.00 67.38
21580.00 67.40
21590.00 67.42
21600.00 67.45
21610.00 67.47
21620.00 67.50
21630.00 67.51
21640.00 67.53
21650.00 67.56
21660.00 67.60
21670.00 67.61
21680.00 67.63
21690.00 67.65
21700.00 67.68
21710.00 67.71
21720.00 67.71
21730.00 67.74
21740.00 67.77
21750.00 67.79
21760.00 67.81
21770.00 67.84
21780.00 67.86
21790.00 67.89
21800.00 67.90
21810.00 67.92
21820.00 67.95
21830.00 67.97
21840.00 68.00
21850.00 68.02
21860.00 68.03
21870.00 68.06
21880.00 68.10
21890.00 68.10
21900.00 68.13
21910.00 68.16
21920.00 68.18
21930.00 68.19
21940.00 68.22
21950.00 68.24
21960.00 68.27
21970.00 68.27
21980.00 68.30
21990.00 68.34
22000.00 68.35
22010.00 68.38
22020.00 68.40
22030.00 68.42
22040.00 68.45
22050.00 68.48
22060.00 68.48
22070.00 68.51
22080.00 68.54
22090.00 68.56
22100.00 68.57
22110.00 68.59
22120.00 68.62
22130.00 68.65
22140.00 68.65
22150.00 68.68
22160.00 68.71
22170.00 68.73
22180.00 68.76
22190.00 68.78
22200.00 68.79
22210.00 68.83
22220.00 68.86
22230.00 68.86
22240.00 68.89
22250.00 68.90
22260.00 68.94
22270.00 68.95
22280.00 68.97
22290.00 69.00
22300.00 69.03
22310.00 69.05
22320.00 69.06
22330.00 69.09
22340.00 69.11
22350.00 69.14
22360.00 69.15
22370.00 69.17
22380.00 69.20
22390.00 69.23
22400.00 69.23
22410.00 69.26
22420.00 69.28
22430.00 69.31
22440.00 69.32
22450.00 69.34
22460.00 69.37
22470.00 69.40
22480.00 69.42
22490.00 69.43
22500.00 69.46
22510.00 69.48
22520.00 69.51
22530.00 69.52
22540.00 69.54
22550.00 69.57
22560.00 69.58
22570.00 69.60
22580.00 69.63
22590.00 69.65
22600.00 69.68
22610.00 69.69
22620.00 69.71
22630.00 69.74
22640.00 69.77
22650.00 69.78
22660.00 69.80
22670.00 69.83
22680.00 69.84
22690.00 69.87
22700.00 69.87
22710.00 69.90
22720.00 69.93
22730.00 69.95
22740.00 69.96
22750.00 69.99
22760.00 70.01
22770.00 70.04
22780.00 70.05
22790.00 70.07
22800.00 70.10
22810.00 70.13
22820.00 70.14
22830.00 70.16
22840.00 70.17
22850.00 70.20
22860.00 70.23
22870.00 70.23
22880.00 70.26
22890.00 70.29
22900.00 70.31
22910.00 70.32
22920.00 70.35
22930.00 70.37
22940.00 70.40
22950.00 70.43
22960.00 70.43
22970.00 70.46
22980.00 70.47
22990.00 70.50
23000.00 70.51
23010.00 70.53
23020.00 70.56
23030.00 70.59
23040.00 70.59
23050.00 70.62
23060.00 70.65
23070.00 70.66
23080.00 70.68
23090.00 70.71
23100.00 70.72
23110.00 70.75
23120.00 70.77
23130.00 70.78
23140.00 70.81
23150.00 70.82
23160.00 70.85
23170.00 70.87
23180.00 70.88
23190.00 70.91
23200.00 70.94
23210.00 70.94
23220.00 70.97
23230.00 71.00
23240.00 71.01
23250.00 71.03
23260.00 71.04
23270.00 71.07
23280.00 71.10
23290.00 71.12
23300.00 71.13
23310.00 71.16
23320.00 71.17
23330.00 71.20
23340.00 71.21
23350.00 71.23
23360.00 71.26
23370.00 71.29
23380.00 71.29
23390.00 71.32
23400.00 71.34
23410.00 71.36
23420.00 71.37
23430.00 71.39
23440.00 71.42
23450.00 71.44
23460.00 71.46
23470.00 71.47
23480.00 71.50
23490.00 71.52
23500.00 71.55
23510.00 71.56
23520.00 71.57
23530.00 71.60
23540.00 71.63
23550.00 71.63
23560.00 71.66
23570.00 71.67
23580.00 71.70
23590.00 71.71
23600.00 71.73
23610.00 71.76
23620.00 71.79
23630.00 71.80
23640.00 71.81
23650.00 71.84
23660.00 71.86
23670.00 71.88
23680.00 71.90
23690.00 71.91
23700.00 71.94
23710.00 71.96
23720.00 71.97
23730.00 71.99
23740.00 72.01
23750.00 72.04
23760.00 72.07
23770.00 72.07
23780.00 72.09
23790.00 72.12
23800.00 72.14
23810.00 72.15
23820.00 72.18
23830.00 72.19
23840.00 72.22
23850.00 72.22
23860.00 72.25
23870.00 72.27
23880.00 72.29
23890.00 72.30
23900.00 72.33
23910.00 72.34
23920.00 72.37
23930.00 72.40
23940.00 72.40
23950.00 72.42
23960.00 72.45
23970.00 72.47
23980.00 72.48
23990.00 72.49
24000.00 72.52
24010.00 72.55
24020.00 72.55
24030.00 72.58
24040.00 72.60
24050.00 72.62
24060.00 72.63
24070.00 72.66
24080.00 72.67
24090.00 72.70
24100.00 72.72
24110.00 72.72
24120.00 72.75
24130.00 72.77
24140.00 72.79
24150.00 72.81
24160.00 72.82
24170.00 72.85
24180.00 72.87
24190.00 72.87
24200.00 72.90
24210.00 72.93
24220.00 72.94
24230.00 72.95
24240.00 72.98
24250.00 72.99
24260.00 73.02
24270.00 73.04
24280.00 73.05
24290.00 73.07
24300.00 73.09
24310.00 73.12
24320.00 73.13
24330.00 73.14
24340.00 73.17
24350.00 73.19
24360.00 73.19
24370.00 73.22
24380.00 73.25
24390.00 73.26
24400.00 73.27
24410.00 73.29
24420.00 73.31
24430.00 73.34
24440.00 73.35
24450.00 73.37
24460.00 73.39
24470.00 73.41
24480.00 73.43
24490.00 73.44
24500.00 73.46
24510.00 73.48
24520.00 73.51
24530.00 73.51
24540.00 73.54
24550.00 73.56
24560.00 73.58
24570.00 73.60
24580.00 73.60
24590.00 73.63
24600.00 73.65
24610.00 73.67
24620.00 73.68
24630.00 73.71
24640.00 73.72
24650.00 73.75
24660.00 73.76
24670.00 73.77
24680.00 73.80
24690.00 73.82
24700.00 73.82
24710.00 73.85
24720.00 73.86
24730.00 73.89
24740.00 73.91
24750.00 73.91
24760.00 73.94
24770.00 73.96
24780.00 73.98
24790.00 73.99
24800.00 74.01
24810.00 74.03
24820.00 74.05
24830.00 74.06
24840.00 74.08
24850.00 74.10
24860.00 74.12
24870.00 74.13
24880.00 74.15
24890.00 74.17
24900.00 74.19
24910.00 74.22
24920.00 74.22
24930.00 74.24
24940.00 74.27
24950.00 74.28
24960.00 74.29
24970.00 74.32
24980.00 74.33
24990.00 74.36
25000.00 74.36
25010.00 74.38
25020.00 74.41
25030.00 74.42
25040.00 74.43
25050.00 74.46
25060.00 74.47
25070.00 74.50
25080.00 74.52
25090.00 74.52
25100.00 74.54
25110.00 74.57
25120.00 74.58
25130.00 74.59
25140.00 74.61
25150.00 74.63
25160.00 74.66
25170.00 74.66
25180.00 74.68
25190.00 74.71
25200.00 74.72
25210.00 74.73
25220.00 74.75
25230.00 74.77
25240.00 74.79
25250.00 74.82
25260.00 74.82
25270.00 74.84
25280.00 74.85
25290.00 74.88
25300.00 74.89
25310.00 74.90
25320.00 74.93
25330.00 74.95
25340.00 74.95
25350.00 74.97
25360.00 75.00
25370.00 75.01
25380.00 75.04
25390.00 75.05
25400.00 75.06
25410.00 75.08
25420.00 75.10
25430.00 75.11
25440.00 75.13
25450.00 75.15
25460.00 75.17
25470.00 75.18
25480.00 75.19
25490.00 75.22
25500.00 75.24
25510.00 75.24
25520.00 75.26
25530.00 75.29
25540.00 75.30
25550.00 75.33
25560.00 75.33
25570.00 75.35
25580.00 75.37
25590.00 75.39
25600.00 75.40
25610.00 75.42
25620.00 75.43
25630.00 75.46
25640.00 75.47
25650.00 75.48
25660.00 75.50
25670.00 75.53
25680.00 75.53
25690.00 75.55
25700.00 75.57
25710.00 75.59
25720.00 75.61
25730.00 75.61
25740.00 75.63
25750.00 75.66
25760.00 75.67
25770.00 75.68
25780.00 75.70
25790.00 75.72
25800.00 75.74
25810.00 75.75
25820.00 75.76
25830.00 75.78
25840.00 75.81
25850.00 75.81
25860.00 75.83
25870.00 75.84
25880.00 75.87
25890.00 75.89
25900.00 75.89
25910.00 75.91
25920.00 75.93
25930.00 75.95
25940.00 75.96
25950.00 75.98
25960.00 75.99
25970.00 76.02
25980.00 76.03
25990.00 76.04
26000.00 76.06
26010.00 76.07
26020.00 76.08
26030.00 76.11
26040.00 76.12
26050.00 76.14
26060.00 76.16
26070.00 76.16
26080.00 76.19
26090.00 76.21
26100.00 76.22
26110.00 76.23
26120.00 76.25
26130.00 76.27
26140.00 76.29
26150.00 76.29
26160.00 76.31
26170.00 76.33
26180.00 76.35
26190.00 76.37
26200.00 76.38
26210.00 76.39
26220.00 76.41
26230.00 76.43
26240.00 76.43
26250.00 76.46
26260.00 76.48
26270.00 76.49
26280.00 76.50
26290.00 76.51
26300.00 76.54
26310.00 76.56
26320.00 76.56
26330.00 76.58
26340.00 76.60
26350.00 76.61
26360.00 76.64
26370.00 76.64
26380.00 76.66
26390.00 76.68
26400.00 76.70
26410.00 76.70
26420.00 76.72
26430.00 76.73
26440.00 76.76
26450.00 76.77
26460.00 76.78
26470.00 76.80
26480.00 76.82
26490.00 76.82
26500.00 76.84
26510.00 76.86
26520.00 76.88
26530.00 76.90
26540.00 76.91
26550.00 76.92
26560.00 76.94
26570.00 76.95
26580.00 76.96
26590.00 76.98
26600.00 77.00
26610.00 77.02
26620.00 77.03
26630.00 77.04
26640.00 77.06
26650.00 77.08
26660.00 77.08
26670.00 77.10
26680.00 77.12
26690.00 77.13
26700.00 77.16
26710.00 77.16
26720.00 77.18
26730.00 77.20
26740.00 77.21
26750.00 77.22
26760.00 77.24
26770.00 77.25
26780.00 77.27
26790.00 77.28
26800.00 77.29
26810.00 77.31
26820.00 77.33
26830.00 77.33
26840.00 77.36
26850.00 77.38
26860.00 77.39
26870.00 77.41
26880.00 77.41
26890.00 77.43
26900.00 77.45
26910.00 77.46
26920.00 77.47
26930.00 77.49
26940.00 77.50
26950.00 77.52
26960.00 77.53
26970.00 77.54
26980.00 77.56
26990.00 77.58
27000.00 77.60
27010.00 77.61
27020.00 77.62
27030.00 77.64
27040.00 77.66
27050.00 77.66
27060.00 77.68
27070.00 77.70
27080.00 77.71
27090.00 77.72
27100.00 77.74
27110.00 77.75
27120.00 77.77
27130.00 77.78
27140.00 77.79
27150.00 77.81
27160.00 77.82
27170.00 77.84
27180.00 77.85
27190.00 77.86
27200.00 77.88
27210.00 77.90
27220.00 77.90
27230.00 77.92
27240.00 77.94
27250.00 77.95
27260.00 77.96
27270.00 77.98
27280.00 77.99
27290.00 78.01
27300.00 78.01
27310.00 78.03
27320.00 78.05
27330.00 78.06
27340.00 78.08
27350.00 78.09
27360.00 78.10
27370.00 78.12
27380.00 78.14
27390.00 78.14
27400.00 78.16
27410.00 78.18
27420.00 78.19
27430.00 78.20
27440.00 78.21
27450.00 78.23
27460.00 78.25
27470.00 78.25
27480.00 78.27
27490.00 78.29
27500.00 78.30
27510.00 78.32
27520.00 78.33
27530.00 78.34
27540.00 78.36
27550.00 78.38
27560.00 78.38
27570.00 78.40
27580.00 78.41
27590.00 78.43
27600.00 78.43
27610.00 78.44
27620.00 78.46
27630.00 78.48
27640.00 78.48
27650.00 78.50
27660.00 78.52
27670.00 78.53
27680.00 78.55
27690.00 78.56
27700.00 78.57
27710.00 78.59
27720.00 78.60
27730.00 78.61
27740.00 78.63
27750.00 78.64
27760.00 78.66
27770.00 78.66
27780.00 78.67
27790.00 78.69
27800.00 78.71
27810.00 78.72
27820.00 78.73
27830.00 78.75
27840.00 78.76
27850.00 78.78
27860.00 78.79
27870.00 78.80
27880.00 78.81
27890.00 78.83
27900.00 78.83
27910.00 78.85
27920.00 78.86
27930.00 78.88
27940.00 78.89
27950.00 78.90
27960.00 78.92
27970.00 78.94
27980.00 78.95
27990.00 78.95
28000.00 78.97
28010.00 78.98
28020.00 79.00
28030.00 79.00
28040.00 79.02
28050.00 79.04
28060.00 79.05
28070.00 79.05
28080.00 79.07
28090.00 79.08
28100.00 79.10
28110.00 79.11
28120.00 79.12
28130.00 79.14
28140.00 79.15
28150.00 79.17
28160.00 79.17
28170.00 79.18
28180.00 79.20
28190.00 79.22
28200.00 79.22
28210.00 79.24
28220.00 79.25
28230.00 79.26
28240.00 79.27
28250.00 79.29
28260.00 79.30
28270.00 79.32
28280.00 79.32
28290.00 79.33
28300.00 79.35
28310.00 79.36
28320.00 79.38
28330.00 79.39
28340.00 79.40
28350.00 79.41
28360.00 79.43
28370.00 79.43
28380.00 79.45
28390.00 79.47
28400.00 79.48
28410.00 79.48
28420.00 79.50
28430.00 79.51
28440.00 79.53
28450.00 79.53
28460.00 79.55
28470.00 79.56
28480.00 79.57
28490.00 79.59
28500.00 79.60
28510.00 79.61
28520.00 79.62
28530.00 79.64
28540.00 79.64
28550.00 79.66
28560.00 79.67
28570.00 79.68
28580.00 79.69
28590.00 79.70
28600.00 79.72
28610.00 79.74
28620.00 79.75
28630.00 79.75
28640.00 79.77
28650.00 79.78
28660.00 79.80
28670.00 79.80
28680.00 79.81
28690.00 79.83
28700.00 79.85
28710.00 79.85
28720.00 79.86
28730.00 79.87
28740.00 79.89
28750.00 79.90
28760.00 79.90
28770.00 79.92
28780.00 79.94
28790.00 79.95
28800.00 79.95
28810.00 79.97
28820.00 79.98
28830.00 80.00
28840.00 80.00
28850.00 80.01
28860.00 80.03
28870.00 80.04
28880.00 80.05
28890.00 80.06
28900.00 80.07
28910.00 80.09
28920.00 80.09
28930.00 80.10
28940.00 80.12
28950.00 80.14
28960.00 80.14
28970.00 80.15
28980.00 80.17
28990.00 80.18
29000.00 80.19
29010.00 80.20
29020.00 80.21
29030.00 80.22
29040.00 80.23
29050.00 80.24
29060.00 80.26
29070.00 80.27
29080.00 80.28
29090.00 80.29
29100.00 80.30
29110.00 80.31
29120.00 80.33
29130.00 80.34
29140.00 80.34
29150.00 80.36
29160.00 80.37
29170.00 80.38
29180.00 80.38
29190.00 80.40
29200.00 80.42
29210.00 80.43
29220.00 80.43
29230.00 80.45
29240.00 80.46
29250.00 80.47
29260.00 80.48
29270.00 80.49
29280.00 80.50
29290.00 80.52
29300.00 80.53
29310.00 80.53
29320.00 80.54
29330.00 80.56
29340.00 80.57
29350.00 80.57
29360.00 80.59
29370.00 80.60
29380.00 80.61
29390.00 80.62
29400.00 80.63
29410.00 80.64
29420.00 80.66
29430.00 80.67
29440.00 80.67
29450.00 80.69
29460.00 80.70
29470.00 80.71
29480.00 80.72
29490.00 80.73
29500.00 80.74
29510.00 80.75
29520.00 80.75
29530.00 80.77
29540.00 80.78
29550.00 80.79
29560.00 80.80
29570.00 80.81
29580.00 80.82
29590.00 80.84
29600.00 80.85
29610.00 80.85
29620.00 80.87
29630.00 80.88
29640.00 80.89
29650.00 80.90
29660.00 80.90
29670.00 80.92
29680.00 80.93
29690.00 80.93
29700.00 80.95
29710.00 80.96
29720.00 80.97
29730.00 80.98
29740.00 80.98
29750.00 81.00
29760.00 81.01
29770.00 81.02
29780.00 81.03
29790.00 81.04
29800.00 81.05
29810.00 81.06
29820.00 81.07
29830.00 81.08
29840.00 81.09
29850.00 81.11
29860.00 81.11
29870.00 81.12
29880.00 81.13
29890.00 81.14
29900.00 81.15
29910.00 81.16
29920.00 81.17
29930.00 81.19
29940.00 81.19
29950.00 81.20
29960.00 81.21
29970.00 81.22
29980.00 81.23
29990.00 81.24
30000.00 81.25
30010.00 81.26
30020.00 81.28
30030.00 81.28
30040.00 81.29
30050.00 81.30
30060.00 81.31
30070.00 81.32
30080.00 81.32
30090.00 81.34
30100.00 81.35
30110.00 81.36
30120.00 81.37
30130.00 81.38
30140.00 81.39
30150.00 81.40
30160.00 81.41
30170.00 81.41
30180.00 81.43
30190.00 81.44
30200.00 81.44
30210.00 81.45
30220.00 81.46
30230.00 81.48
30240.00 81.49
30250.00 81.49
30260.00 81.50
30270.00 81.51
30280.00 81.52
30290.00 81.53
30300.00 81.54
30310.00 81.55
30320.00 81.56
30330.00 81.56
30340.00 81.57
30350.00 81.59
30360.00 81.60
30370.00 81.60
30380.00 81.61
30390.00 81.62
30400.00 81.63
30410.00 81.65
30420.00 81.65
30430.00 81.66
30440.00 81.67
30450.00 81.68
30460.00 81.69
30470.00 81.69
30480.00 81.71
30490.00 81.72
30500.00 81.72
30510.00 81.73
30520.00 81.74
30530.00 81.75
30540.00 81.76
30550.00 81.77
30560.00 81.78
30570.00 81.79
30580.00 81.80
30590.00 81.80
30600.00 81.81
30610.00 81.82
30620.00 81.83
30630.00 81.84
30640.00 81.85
30650.00 81.86
30660.00 81.87
30670.00 81.87
30680.00 81.88
30690.00 81.89
30700.00 81.90
30710.00 81.91
30720.00 81.92
30730.00 81.93
30740.00 81.94
30750.00 81.95
30760.00 81.95
30770.00 81.96
30780.00 81.97
30790.00 81.98
30800.00 81.99
30810.00 81.99
30820.00 82.01
30830.00 82.02
30840.00 82.02
30850.00 82.03
30860.00 82.04
30870.00 82.05
30880.00 82.05
30890.00 82.06
30900.00 82.07
30910.00 82.08
30920.00 82.09
30930.00 82.10
30940.00 82.11
30950.00 82.11
30960.00 82.13
30970.00 82.13
30980.00 82.14
30990.00 82.15
31000.00 82.16
31010.00 82.16
31020.00 82.17
31030.00 82.18
31040.00 82.19
31050.00 82.20
31060.00 82.20
31070.00 82.21
31080.00 82.22
31090.00 82.23
31100.00 82.24
31110.00 82.25
31120.00 82.25
31130.00 82.27
31140.00 82.27
31150.00 82.28
31160.00 82.29
31170.00 82.30
31180.00 82.30
31190.00 82.31
31200.00 82.32
31210.00 82.33
31220.00 82.34
31230.00 82.34
31240.00 82.35
31250.00 82.36
31260.00 82.37
31270.00 82.37
31280.00 82.38
31290.00 82.39
31300.00 82.40
31310.00 82.40
31320.00 82.41
31330.00 82.42
31340.00 82.43
31350.00 82.43
31360.00 82.44
31370.00 82.45
31380.00 82.46
31390.00 82.47
31400.00 82.47
31410.00 82.48
31420.00 82.49
31430.00 82.50
31440.00 82.50
31450.00 82.51
31460.00 82.52
31470.00 82.53
31480.00 82.53
31490.00 82.54
31500.00 82.55
31510.00 82.56
31520.00 82.56
31530.00 82.57
31540.00 82.58
31550.00 82.59
31560.00 82.60
31570.00 82.60
31580.00 82.61
31590.00 82.62
31600.00 82.63
31610.00 82.63
31620.00 82.64
31630.00 82.65
31640.00 82.66
31650.00 82.66
31660.00 82.67
31670.00 82.68
31680.00 82.68
31690.00 82.69
31700.00 82.70
31710.00 82.70
31720.00 82.71
31730.00 82.72
31740.00 82.72
31750.00 82.73
31760.00 82.74
31770.00 82.75
31780.00 82.75
31790.00 82.76
31800.00 82.77
31810.00 82.78
31820.00 82.78
31830.00 82.79
31840.00 82.80
31850.00 82.80
31860.00 82.81
31870.00 82.82
31880.00 82.82
31890.00 82.83
31900.00 82.84
31910.00 82.84
31920.00 82.85
31930.00 82.86
31940.00 82.87
31950.00 82.87
31960.00 82.88
31970.00 82.89
31980.00 82.89
31990.00 82.89
32000.00 82.90
32010.00 82.91
32020.00 82.92
32030.00 82.93
32040.00 82.93
32050.00 82.94
32060.00 82.95
32070.00 82.95
32080.00 82.96
32090.00 82.97
32100.00 82.97
32110.00 82.98
32120.00 82.98
32130.00 82.99
32140.00 83.00
32150.00 83.01
32160.00 83.01
32170.00 83.12
32180.00 84.32
32190.00 84.33
32200.00 84.04
32210.00 84.04
32220.00 85.85
32230.00 85.56
32240.00 86.46
32250.00 84.97
32260.00 84.07
32270.00 84.38
32280.00 84.39
32290.00 83.49
32300.00 84.10
32310.00 85.91
32320.00 84.71
32330.00 84.71
32340.00 83.52
32350.00 83.83
32360.00 83.14
32370.00 83.15
32380.00 83.15
32390.00 83.15
32400.00 83.16
32410.00 83.17
32420.00 83.17
32430.00 83.18
32440.00 83.18
32450.00 83.19
32460.00 83.20
32470.00 83.20
32480.00 83.21
32490.00 83.21
32500.00 83.22
32510.00 83.23
32520.00 83.23
32530.00 83.24
32540.00 83.25
32550.00 83.25
32560.00 83.26
32570.00 83.26
32580.00 83.27
32590.00 83.27
32600.00 83.28
32610.00 83.28
32620.00 83.29
32630.00 83.29
32640.00 83.30
32650.00 83.31
32660.00 83.31
32670.00 83.32
32680.00 83.32
32690.00 83.33
32700.00 83.34
32710.00 83.34
32720.00 83.34
32730.00 83.35
32740.00 83.36
32750.00 83.37
32760.00 83.37
32770.00 83.37
32780.00 83.38
32790.00 83.39
32800.00 83.39
32810.00 83.40
32820.00 83.80
32830.00 84.71
32840.00 85.02
32850.00 84.72
32860.00 86.22
32870.00 86.23
32880.00 86.24
32890.00 86.24
32900.00 86.24
32910.00 86.25
32920.00 86.26
32930.00 86.26
32940.00 85.06
32950.00 84.17
32960.00 83.48
32970.00 83.48
32980.00 83.49
32990.00 83.49
33000.00 83.60
33010.00 83.60
33020.00 83.51
33030.00 83.51
33040.00 83.52
33050.00 83.52
33060.00 83.53
33070.00 83.53
33080.00 83.54
33090.00 83.54
33100.00 83.55
33110.00 83.55
33120.00 83.56
33130.00 83.56
33140.00 83.56
33150.00 83.57
33160.00 83.58
33170.00 83.58
33180.00 83.59
33190.00 83.59
33200.00 83.70
33210.00 83.70
33220.00 84.91
33230.00 84.01
33240.00 84.02
33250.00 84.32
33260.00 84.03
33270.00 84.03
33280.00 84.93
33290.00 84.94
33300.00 84.65
33310.00 84.65
33320.00 84.05
33330.00 83.66
33340.00 83.66
33350.00 83.77
33360.00 83.77
33370.00 83.78
33380.00 83.78
33390.00 84.09
33400.00 83.69
33410.00 83.69
33420.00 83.70
33430.00 83.70
33440.00 83.71
33450.00 83.71
33460.00 83.72
33470.00 83.72
33480.00 83.83
33490.00 83.73
33500.00 83.73
33510.00 83.74
33520.00 83.74
33530.00 83.74
33540.00 83.75
33550.00 83.76
33560.00 83.76
33570.00 83.76
33580.00 83.77
33590.00 83.77
33600.00 83.78
33610.00 83.78
33620.00 83.78
33630.00 83.79
33640.00 83.79
33650.00 83.80
33660.00 83.80
33670.00 83.80
33680.00 83.81
33690.00 83.82
33700.00 83.82
33710.00 83.82
33720.00 83.83
33730.00 83.83
33740.00 83.83
33750.00 83.84
33760.00 83.84
33770.00 83.85
33780.00 83.85
33790.00 83.85
33800.00 83.86
33810.00 83.86
33820.00 83.87
33830.00 83.87
33840.00 83.87
33850.00 83.88
33860.00 83.88
33870.00 83.88
33880.00 83.89
33890.00 83.89
33900.00 83.90
33910.00 83.90
33920.00 83.90
33930.00 83.91
33940.00 83.91
33950.00 83.91
33960.00 83.92
33970.00 83.92
33980.00 83.92
33990.00 83.93
34000.00 83.93
34010.00 83.93
34020.00 83.94
34030.00 83.94
34040.00 83.94
34050.00 83.95
34060.00 83.95
34070.00 83.96
34080.00 83.96
34090.00 83.96
34100.00 83.97
34110.00 83.97
34120.00 83.97
34130.00 83.98
34140.00 83.98
34150.00 83.98
34160.00 83.99
34170.00 83.99
34180.00 83.99
34190.00 84.00
34200.00 84.00
34210.00 84.00
34220.00 84.01
34230.00 84.01
34240.00 84.01
34250.00 84.01
34260.00 84.02
34270.00 84.02
34280.00 84.03
34290.00 84.03
34300.00 84.03
34310.00 84.04
34320.00 84.04
34330.00 84.04
34340.00 84.04
34350.00 84.05
34360.00 84.05
34370.00 84.05
34380.00 84.05
34390.00 84.06
34400.00 84.06
34410.00 84.07
34420.00 84.07
34430.00 84.07
34440.00 84.07
34450.00 84.08
34460.00 84.08
34470.00 84.08
34480.00 84.09
34490.00 84.09
34500.00 84.09
34510.00 84.09
34520.00 84.10
34530.00 84.10
34540.00 84.10
34550.00 84.10
34560.00 84.11
34570.00 84.11
34580.00 84.11
34590.00 84.11
34600.00 84.12
34610.00 84.12
34620.00 84.12
34630.00 84.13
34640.00 84.13
34650.00 84.13
34660.00 84.13
34670.00 84.14
34680.00 84.14
34690.00 84.14
34700.00 84.14
34710.00 84.15
34720.00 84.15
34730.00 84.15
34740.00 84.15
34750.00 84.16
34760.00 84.16
34770.00 84.16
34780.00 84.16
34790.00 84.16
34800.00 84.17
34810.00 84.17
34820.00 84.17
34830.00 84.17
34840.00 84.18
34850.00 84.18
34860.00 84.18
34870.00 84.18
34880.00 84.19
34890.00 84.19
34900.00 84.19
34910.00 84.19
34920.00 84.19
34930.00 84.19
34940.00 84.20
34950.00 84.20
34960.00 84.20
34970.00 84.20
34980.00 84.20
34990.00 84.21
35000.00 84.21
35010.00 84.21
35020.00 84.21
35030.00 84.22
35040.00 84.22
35050.00 84.22
35060.00 84.22
35070.00 84.22
35080.00 84.22
35090.00 84.23
35100.00 84.23
35110.00 84.23
35120.00 84.23
35130.00 84.23
35140.00 84.24
35150.00 84.24
35160.00 84.24
35170.00 84.24
35180.00 84.24
35190.00 84.24
35200.00 84.25
35210.00 84.25
35220.00 84.25
35230.00 84.25
35240.00 84.25
35250.00 84.25
35260.00 84.26
35270.00 84.26
35280.00 84.26
35290.00 84.26
35300.00 84.26
35310.00 84.26
35320.00 84.26
35330.00 84.27
35340.00 84.27
35350.00 84.27
35360.00 84.27
35370.00 84.27
35380.00 84.27
35390.00 84.28
35400.00 84.28
35410.00 84.28
35420.00 84.28
35430.00 84.28
35440.00 84.28
35450.00 84.28
35460.00 84.28
35470.00 84.29
35480.00 84.29
35490.00 84.29
35500.00 84.29
35510.00 84.29
35520.00 84.29
35530.00 84.29
35540.00 84.29
35550.00 84.30
35560.00 84.30
35570.00 84.30
35580.00 84.30
35590.00 84.30
35600.00 84.30
35610.00 84.30
35620.00 84.30
35630.00 84.30
35640.00 84.31
35650.00 84.31
35660.00 84.31
35670.00 84.31
35680.00 84.31
35690.00 84.31
35700.00 84.31
35710.00 84.31
35720.00 84.31
35730.00 84.31
35740.00 84.31
35750.00 84.31
35760.00 84.32
35770.00 84.32
35780.00 84.32
35790.00 84.32
35800.00 84.32
35810.00 84.32
35820.00 84.32
35830.00 84.32
35840.00 84.32
35850.00 84.32
35860.00 84.32
35870.00 84.32
35880.00 84.32
35890.00 84.32
35900.00 84.33
35910.00 84.33
35920.00 84.33
35930.00 84.33
35940.00 84.33
35950.00 84.43
35960.00 84.33
35970.00 84.43
35980.00 84.73
35990.00 85.03
36000.00 85.03
36010.00 85.63
36020.00 85.93
36030.00 86.83
36040.00 86.83
36050.00 87.43
36060.00 88.43
36070.00 89.63
36080.00 91.13
36090.00 91.43
36100.00 92.93
36110.00 94.53
36120.00 95.43
36130.00 94.53
36140.00 95.43
36150.00 94.84
36160.00 95.44
36170.00 95.44
36180.00 96.34
36190.00 96.94
36200.00 99.44
36210.00 99.74
36220.00 103.14
36230.00 103.74
36240.00 103.14
36250.00 105.24
36260.00 104.34
36270.00 106.14
36280.00 108.94
36290.00 110.74
36300.00 109.24
36310.00 111.14
36320.00 113.54
36330.00 116.04
36340.00 116.04
36350.00 119.64
36360.00 121.84
36370.00 123.34
36380.00 112.33
36390.00 121.54
36400.00 113.53
36410.00 124.93
36420.00 123.33
36430.00 135.33
36440.00 141.43
36450.00 139.03
36460.00 145.13
36470.00 144.23
36480.00 145.43
36490.00 147.23
36500.00 146.33
36510.00 148.53
36520.00 148.53
36530.00 145.13
36540.00 145.43
36550.00 146.33
36560.00 146.33
36570.00 148.83
36580.00 152.13
36590.00 154.93
36600.00 156.73
36610.00 162.63
36620.00 165.33
36630.00 168.73
36640.00 170.22
36650.00 171.82
36660.00 174.82
36670.00 176.72
36680.00 177.92
36690.00 180.42
36700.00 182.22
36710.00 183.42
36720.00 187.42
36730.00 187.42
36740.00 190.82
36750.00 193.22
36760.00 195.12
36770.00 195.12
36780.00 195.12
36790.00 195.22
36800.00 193.91
36810.00 193.91
36820.00 192.41
36830.00 190.81
36840.00 190.81
36850.00 188.71
36860.00 186.11
36870.00 185.61
36880.00 184.51
36890.00 181.91
36900.00 181.91
36910.00 179.30
36920.00 177.20
36930.00 177.20
36940.00 175.10
36950.00 174.60
36960.00 172.50
36970.00 165.20
36980.00 165.20
36990.00 162.60
37000.00 163.19
37010.00 164.19
37020.00 162.59
37030.00 164.19
37040.00 167.29
37050.00 169.89
37060.00 171.99
37070.00 171.99
37080.00 174.58
37090.00 178.78
37100.00 179.78
37110.00 177.18
37120.00 179.28
37130.00 180.38
37140.00 180.88
37150.00 180.88
37160.00 179.77
37170.00 183.47
37180.00 187.67
37190.00 186.07
37200.00 186.07
37210.00 187.07
37220.00 185.06
37230.00 185.06
37240.00 183.46
37250.00 183.46
37260.00 183.46
37270.00 180.86
37280.00 178.76
37290.00 178.26
37300.00 177.65
37310.00 177.15
37320.00 177.15
37330.00 177.15
37340.00 175.05
37350.00 177.14
37360.00 175.04
37370.00 175.04
37380.00 174.54
37390.00 174.54
37400.00 177.64
37410.00 174.53
37420.00 174.03
37430.00 175.63
37440.00 174.03
37450.00 171.93
37460.00 172.43
37470.00 171.42
37480.00 169.32
37490.00 169.32
37500.00 167.22
37510.00 168.82
37520.00 168.81
37530.00 169.31
37540.00 169.31
37550.00 171.91
37560.00 176.10
37570.00 179.70
37580.00 182.30
37590.00 188.60
37600.00 189.60
37610.00 193.29
37620.00 202.19
37630.00 203.69
37640.00 208.39
37650.00 208.89
37660.00 210.99
37670.00 213.58
37680.00 217.78
37690.00 221.38
37700.00 222.97
37710.00 222.97
37720.00 223.47
37730.00 225.57
37740.00 228.67
37750.00 222.96
37760.00 217.76
37770.00 219.86
37780.00 210.46
37790.00 198.95
37800.00 197.95
37810.00 186.95
37820.00 182.85
37830.00 173.45
37840.00 161.44
37850.00 159.34
37860.00 148.94
37870.00 139.53
37880.00 139.53
37890.00 134.33
37900.00 131.73
37910.00 135.33
37920.00 131.72
37930.00 130.12
37940.00 133.82
37950.00 129.61
37960.00 129.61
37970.00 126.51
37980.00 129.11
37990.00 131.20
38000.00 128.00
38010.00 125.40
38020.00 125.90
38030.00 122.29
38040.00 118.59
38050.00 118.59
38060.00 116.58
38070.00 114.48
38080.00 114.98
38090.00 111.28
38100.00 110.77
38110.00 103.47
38120.00 99.37
38130.00 99.37
38140.00 96.16
38150.00 93.56
38160.00 93.06
38170.00 91.45
38180.00 89.35
38190.00 90.45
38200.00 88.84
38210.00 87.34
38220.00 87.34
38230.00 86.73
38240.00 87.33
38250.00 86.23
38260.00 85.23
38270.00 85.22
38280.00 84.62
38290.00 84.11
38300.00 84.11
38310.00 84.11
38320.00 84.01
38330.00 84.10
38340.00 84.00
38350.00 84.00
38360.00 83.99
38370.00 83.99
38380.00 83.99
38390.00 83.98
38400.00 83.98
38410.00 83.98
38420.00 83.97
38430.00 83.97
38440.00 83.97
38450.00 83.96
38460.00 83.96
38470.00 83.96
38480.00 83.95
38490.00 83.95
38500.00 83.95
38510.00 83.94
38520.00 83.94
38530.00 83.94
38540.00 83.93
38550.00 83.93
38560.00 83.93
38570.00 83.92
38580.00 83.92
38590.00 83.91
38600.00 83.91
38610.00 83.91
38620.00 83.90
38630.00 83.90
38640.00 83.90
38650.00 83.89
38660.00 83.89
38670.00 83.88
38680.00 83.88
38690.00 83.88
38700.00 83.87
38710.00 83.87
38720.00 83.87
38730.00 83.86
38740.00 83.86
38750.00 83.85
38760.00 83.85
38770.00 83.85
38780.00 83.84
38790.00 83.84
38800.00 83.83
38810.00 83.83
38820.00 83.83
38830.00 83.82
38840.00 83.82
38850.00 83.81
38860.00 83.81
38870.00 83.81
38880.00 83.80
38890.00 83.80
38900.00 83.79
38910.00 83.79
38920.00 83.79
38930.00 83.78
38940.00 83.78
38950.00 83.77
38960.00 83.77
38970.00 83.76
38980.00 83.76
38990.00 83.76
39000.00 83.75
39010.00 83.75
39020.00 83.74
39030.00 83.74
39040.00 83.73
39050.00 83.73
39060.00 83.73
39070.00 83.72
39080.00 83.72
39090.00 83.71
39100.00 83.71
39110.00 83.71
39120.00 83.70
39130.00 83.69
39140.00 83.69
39150.00 83.68
39160.00 83.68
39170.00 83.68
39180.00 83.67
39190.00 83.66
39200.00 83.66
39210.00 83.66
39220.00 83.65
39230.00 83.65
39240.00 83.64
39250.00 83.64
39260.00 83.63
39270.00 83.63
39280.00 83.63
39290.00 83.62
39300.00 83.61
39310.00 83.61
39320.00 83.60
39330.00 83.60
39340.00 83.60
39350.00 83.59
39360.00 83.58
39370.00 83.58
39380.00 83.58
39390.00 83.57
39400.00 83.57
39410.00 83.56
39420.00 83.56
39430.00 83.55
39440.00 83.55
39450.00 83.55
39460.00 83.54
39470.00 83.53
39480.00 83.53
39490.00 83.52
39500.00 83.52
39510.00 83.51
39520.00 83.51
39530.00 83.50
39540.00 83.50
39550.00 83.49
39560.00 83.49
39570.00 83.48
39580.00 83.48
39590.00 83.47
39600.00 83.47
39610.00 83.46
39620.00 83.46
39630.00 83.45
39640.00 83.44
39650.00 83.44
39660.00 83.43
39670.00 83.43
39680.00 83.42
39690.00 83.42
39700.00 83.41
39710.00 83.41
39720.00 83.40
39730.00 83.40
39740.00 83.39
39750.00 83.39
39760.00 83.38
39770.00 83.37
39780.00 83.37
39790.00 83.36
39800.00 83.36
39810.00 83.35
39820.00 83.35
39830.00 83.34
39840.00 83.34
39850.00 83.33
39860.00 83.32
39870.00 83.32
39880.00 83.31
39890.00 83.31
39900.00 83.30
39910.00 83.29
39920.00 83.29
39930.00 83.29
39940.00 83.28
39950.00 83.27
39960.00 83.27
39970.00 83.26
39980.00 83.26
39990.00 83.25
40000.00 83.24
40010.00 83.24
40020.00 83.23
40030.00 83.22
40040.00 83.22
40050.00 83.22
40060.00 83.21
40070.00 83.20
40080.00 83.20
40090.00 83.19
40100.00 83.19
40110.00 83.18
40120.00 83.17
40130.00 83.17
40140.00 83.16
40150.00 83.16
40160.00 83.15
40170.00 83.14
40180.00 83.14
40190.00 83.13
40200.00 83.12
40210.00 83.12
40220.00 83.11
40230.00 83.10
40240.00 83.10
40250.00 83.09
40260.00 83.09
40270.00 83.08
40280.00 83.07
40290.00 83.07
40300.00 83.06
40310.00 83.05
40320.00 83.05
40330.00 83.04
40340.00 83.03
40350.00 83.03
40360.00 83.02
40370.00 83.01
40380.00 83.01
40390.00 83.00
40400.00 83.00
40410.00 82.99
40420.00 82.98
40430.00 82.98
40440.00 82.97
40450.00 82.96
40460.00 82.96
40470.00 82.95
40480.00 82.94
40490.00 82.94
40500.00 82.93
40510.00 82.92
40520.00 82.92
40530.00 82.91
40540.00 82.91
40550.00 82.90
40560.00 82.89
40570.00 82.89
40580.00 82.88
40590.00 82.87
40600.00 82.86
40610.00 82.86
40620.00 82.85
40630.00 82.84
40640.00 82.83
40650.00 82.83
40660.00 82.83
40670.00 82.82
40680.00 82.81
40690.00 82.81
40700.00 82.80
40710.00 82.79
40720.00 82.78
40730.00 82.78
40740.00 82.77
40750.00 82.76
40760.00 82.75
40770.00 82.75
40780.00 82.74
40790.00 82.73
40800.00 82.73
40810.00 82.72
40820.00 82.72
40830.00 82.71
40840.00 82.70
40850.00 82.69
40860.00 82.68
40870.00 82.67
40880.00 82.67
40890.00 82.66
40900.00 82.65
40910.00 82.65
40920.00 82.64
40930.00 82.63
40940.00 82.62
40950.00 82.62
40960.00 82.61
40970.00 82.60
40980.00 82.59
40990.00 82.59
41000.00 82.58
41010.00 82.57
41020.00 82.57
41030.00 82.56
41040.00 82.55
41050.00 82.54
41060.00 82.53
41070.00 82.53
41080.00 82.52
41090.00 82.51
41100.00 82.50
41110.00 82.50
41120.00 82.49
41130.00 82.49
41140.00 82.47
41150.00 82.46
41160.00 82.46
41170.00 82.45
41180.00 82.44
41190.00 82.44
41200.00 82.43
41210.00 82.42
41220.00 82.41
41230.00 82.40
41240.00 82.40
41250.00 82.39
41260.00 82.38
41270.00 82.38
41280.00 82.36
41290.00 82.36
41300.00 82.35
41310.00 82.34
41320.00 82.33
41330.00 82.33
41340.00 82.32
41350.00 82.31
41360.00 82.30
41370.00 82.30
41380.00 82.29
41390.00 82.28
41400.00 82.27
41410.00 82.26
41420.00 82.26
41430.00 82.25
41440.00 82.24
41450.00 82.23
41460.00 82.22
41470.00 82.22
41480.00 82.20
41490.00 82.19
41500.00 82.19
41510.00 82.18
41520.00 82.17
41530.00 82.16
41540.00 82.16
41550.00 82.15
41560.00 82.14
41570.00 82.13
41580.00 82.12
41590.00 82.12
41600.00 82.10
41610.00 82.10
41620.00 82.09
41630.00 82.08
41640.00 82.08
41650.00 82.06
41660.00 82.05
41670.00 82.05
41680.00 82.04
41690.00 82.03
41700.00 82.02
41710.00 82.01
41720.00 82.01
41730.00 82.00
41740.00 81.98
41750.00 81.98
41760.00 81.97
41770.00 81.96
41780.00 81.95
41790.00 81.94
41800.00 81.94
41810.00 81.93
41820.00 81.92
41830.00 81.91
41840.00 81.90
41850.00 81.89
41860.00 81.89
41870.00 81.87
41880.00 81.87
41890.00 81.86
41900.00 81.85
41910.00 81.84
41920.00 81.83
41930.00 85.72
41940.00 91.81
41950.00 90.00
41960.00 100.79
41970.00 100.79
41980.00 107.68
41990.00 110.87
42000.00 108.76
42010.00 112.65
42020.00 114.14
42030.00 109.03
42040.00 101.12
42050.00 102.51
42060.00 97.51
42070.00 120.20
42080.00 138.48
42090.00 139.58
42100.00 143.87
42110.00 147.86
42120.00 147.85
42130.00 150.04
42140.00 150.04
42150.00 151.82
42160.00 153.21
42170.00 152.50
42180.00 154.70
42190.00 154.98
42200.00 154.28
42210.00 154.96
42220.00 155.35
42230.00 155.35
42240.00 157.44
42250.00 161.82
42260.00 161.02
42270.00 166.81
42280.00 165.71
42290.00 169.99
42300.00 175.08
42310.00 175.08
42320.00 179.76
42330.00 182.95
42340.00 181.14
42350.00 185.44
42360.00 187.22
42370.00 185.42
42380.00 185.10
42390.00 180.69
42400.00 180.69
42410.00 176.08
42420.00 172.77
42430.00 172.76
42440.00 175.65
42450.00 173.14
42460.00 172.73
42470.00 172.71
42480.00 172.71
42490.00 173.80
42500.00 176.29
42510.00 175.18
42520.00 179.87
42530.00 186.36
42540.00 184.55
42550.00 186.34
42560.00 181.63
42570.00 182.32
42580.00 170.11
42590.00 169.70
42600.00 171.19
42610.00 172.28
42620.00 180.47
42630.00 189.86
42640.00 192.35
42650.00 192.35
42660.00 192.33
42670.00 193.42
42680.00 195.21
42690.00 194.10
42700.00 194.80
42710.00 195.18
42720.00 198.37
42730.00 199.86
42740.00 207.75
42750.00 216.04
42760.00 218.13
42770.00 225.32
42780.00 229.61
42790.00 231.50
42800.00 237.59
42810.00 248.67
42820.00 248.67
42830.00 256.56
42840.00 259.45
42850.00 265.94
42860.00 271.03
42870.00 270.62
42880.00 281.41
42890.00 286.39
42900.00 288.19
42910.00 293.98
42920.00 302.26
42930.00 305.86
