0.00 211.98 0.00 211.98
51.59 213.74 51.61 210.66
103.19 214.60 103.21 210.25
154.79 215.31 154.81 209.99
206.39 215.95 206.41 209.80
257.99 216.54 258.01 209.67
309.58 217.09 309.62 209.57
361.18 217.61 361.22 209.49
412.78 218.11 412.82 209.44
464.38 218.60 464.42 209.40
515.98 219.07 516.02 209.38
567.58 219.53 567.62 209.37
619.18 219.98 619.22 209.37
670.78 220.42 670.82 209.38
722.38 220.85 722.42 209.40
773.97 221.27 774.03 209.43
825.57 221.68 825.63 209.46
877.17 222.09 877.23 209.50
928.77 222.50 928.83 209.55
980.37 222.90 980.43 209.60
1031.97 223.29 1032.03 209.66
1083.57 223.68 1083.63 209.72
1135.17 224.06 1135.23 209.78
1186.77 224.45 1186.83 209.85
1238.37 224.82 1238.43 209.92
1289.97 225.20 1290.03 210.00
1341.57 225.57 1341.63 210.07
1393.17 225.94 1393.23 210.15
1444.77 226.30 1444.83 210.24
1496.36 226.67 1496.44 210.33
1547.96 227.03 1548.04 210.42
1599.56 227.38 1599.64 210.51
1651.16 227.74 1651.24 210.60
1702.76 228.09 1702.84 210.70
1754.36 228.44 1754.44 210.80
1805.96 228.79 1806.04 210.90
1857.56 229.14 1857.64 211.00
1909.16 229.49 1909.24 211.10
1960.76 229.83 1960.84 211.21
2012.36 230.17 2012.44 211.32
2063.96 230.51 2064.04 211.43
2115.56 230.85 2115.64 211.54
2167.16 231.19 2167.24 211.65
2218.76 231.52 2218.84 211.77
2270.36 231.85 2270.44 211.88
2321.96 232.19 2322.04 212.00
2373.56 232.52 2373.64 212.12
2425.16 232.85 2425.24 212.24
2476.75 233.18 2476.85 212.36
2528.35 233.50 2528.45 212.48
2579.95 233.83 2580.05 212.61
2631.55 234.15 2631.65 212.73
2683.15 234.48 2683.25 212.86
2734.75 234.80 2734.85 212.98
2786.35 235.12 2786.45 213.11
2837.95 235.44 2838.05 213.24
2889.55 235.76 2889.65 213.37
2941.15 236.08 2941.25 213.50
2992.75 236.40 2992.85 213.63
3044.35 236.71 3044.45 213.77
3095.95 237.03 3096.05 213.90
3147.55 237.34 3147.65 214.04
3199.15 237.66 3199.25 214.17
3250.75 237.97 3250.85 214.31
3302.35 238.28 3302.45 214.45
3353.95 238.59 3354.05 214.59
3405.55 238.90 3405.65 214.72
3457.15 239.21 3457.25 214.86
3508.75 239.52 3508.85 215.01
3560.35 239.83 3560.45 215.15
3611.95 240.14 3612.05 215.29
3663.55 240.44 3663.65 215.43
3715.15 240.75 3715.25 215.58
3766.74 241.05 3766.86 215.72
3818.34 241.36 3818.46 215.87
3869.94 241.66 3870.06 216.01
3921.54 241.96 3921.66 216.16
3973.14 242.27 3973.26 216.31
4024.74 242.57 4024.86 216.45
4076.34 242.87 4076.46 216.60
4127.94 243.17 4128.06 216.75
4179.54 243.47 4179.66 216.90
4231.14 243.77 4231.26 217.05
4282.74 244.07 4282.86 217.20
4334.34 244.37 4334.46 217.35
4385.94 244.66 4386.06 217.51
4437.54 244.96 4437.66 217.66
4489.14 245.26 4489.26 217.81
4540.74 245.55 4540.86 217.96
4592.34 245.85 4592.46 218.12
4643.94 246.14 4644.06 218.27
4695.54 246.44 4695.66 218.43
4747.14 246.73 4747.26 218.59
4798.74 247.02 4798.86 218.74
4850.34 247.32 4850.46 218.90
4901.94 247.61 4902.06 219.06
4953.54 247.90 4953.66 219.21
5005.14 248.19 5005.26 219.37
5056.74 248.48 5056.86 219.53
5108.34 248.77 5108.46 219.69
5159.94 249.06 5160.06 219.85
5211.54 249.35 5211.66 220.01
5263.14 249.64 5263.26 220.17
5314.74 249.93 5314.86 220.33
5366.34 250.22 5366.46 220.49
5417.93 250.51 5418.07 220.65
5469.53 250.79 5469.67 220.82
5521.13 251.08 5521.27 220.98
5572.73 251.37 5572.87 221.14
5624.33 251.65 5624.47 221.31
5675.93 251.94 5676.07 221.47
5727.53 252.22 5727.67 221.63
5779.13 252.51 5779.27 221.80
5830.73 252.79 5830.87 221.96
5882.33 253.08 5882.47 222.13
5933.93 253.36 5934.07 222.29
5985.53 253.64 5985.67 222.46
6037.13 253.93 6037.27 222.63
6088.73 254.21 6088.87 222.79
6140.33 254.49 6140.47 222.96
6191.93 254.77 6192.07 223.13
6243.53 255.06 6243.67 223.30
6295.13 255.34 6295.27 223.47
6346.73 255.62 6346.87 223.63
6398.33 255.90 6398.47 223.80
6449.93 256.18 6450.07 223.97
6501.53 256.46 6501.67 224.14
6553.13 256.74 6553.27 224.31
6604.73 257.02 6604.87 224.48
6656.33 257.30 6656.47 224.65
6707.93 257.57 6708.07 224.82
6759.53 257.85 6759.67 225.00
6811.13 258.13 6811.27 225.17
6862.73 258.41 6862.87 225.34
6914.33 258.69 6914.47 225.51
6965.93 258.96 6966.07 225.68
7017.53 259.24 7017.67 225.86
7069.13 259.52 7069.27 226.03
7120.73 259.79 7120.87 226.20
7172.33 260.07 7172.47 226.38
7223.93 260.34 7224.07 226.55
7275.53 260.62 7275.67 226.73
7327.13 260.89 7327.27 226.90
7378.73 261.17 7378.87 227.08
7430.33 261.44 7430.47 227.25
7481.93 261.72 7482.07 227.43
7533.53 261.99 7533.67 227.60
7585.12 262.26 7585.28 227.78
7636.72 262.54 7636.88 227.96
7688.32 262.81 7688.48 228.13
7739.92 263.08 7740.08 228.31
7791.52 263.35 7791.68 228.49
7843.12 263.63 7843.28 228.66
7894.72 263.90 7894.88 228.84
7946.32 264.17 7946.48 229.02
7997.92 264.44 7998.08 229.20
8049.52 264.71 8049.68 229.38
8101.12 264.98 8101.28 229.56
8152.72 265.25 8152.88 229.73
8204.32 265.52 8204.48 229.91
8255.92 265.79 8256.08 230.09
8307.52 266.06 8307.68 230.27
8359.12 266.33 8359.28 230.45
8410.72 266.60 8410.88 230.63
8462.32 266.87 8462.48 230.81
8513.92 267.14 8514.08 230.99
8565.52 267.41 8565.68 231.18
8617.12 267.68 8617.28 231.36
8668.72 267.95 8668.88 231.54
8720.32 268.21 8720.48 231.72
8771.92 268.48 8772.08 231.90
8823.52 268.75 8823.68 232.08
8875.12 269.02 8875.28 232.27
8926.72 269.28 8926.88 232.45
8978.32 269.55 8978.48 232.63
9029.92 269.82 9030.08 232.81
9081.52 270.08 9081.68 233.00
9133.12 270.35 9133.28 233.18
9184.72 270.61 9184.88 233.36
9236.32 270.88 9236.48 233.55
9287.92 271.15 9288.08 233.73
9339.52 271.41 9339.68 233.92
9391.12 271.68 9391.28 234.10
9442.72 271.94 9442.88 234.29
9494.32 272.20 9494.48 234.47
9545.92 272.47 9546.08 234.66
9597.52 272.73 9597.68 234.84
9649.12 273.00 9649.28 235.03
9700.72 273.26 9700.88 235.21
9752.32 273.52 9752.48 235.40
9803.92 273.79 9804.08 235.59
9855.52 274.05 9855.68 235.77
9907.12 274.31 9907.28 235.96
9958.72 274.58 9958.88 236.15
10010.32 274.84 10010.48 236.33
10061.92 275.10 10062.08 236.52
10113.52 275.36 10113.68 236.71
10165.12 275.63 10165.28 236.89
10216.72 275.89 10216.88 237.08
10268.32 276.15 10268.48 237.27
10319.92 276.41 10320.08 237.46
10371.51 276.67 10371.69 237.65
10423.11 276.93 10423.29 237.84
10474.71 277.19 10474.89 238.02
10526.31 277.45 10526.49 238.21
10577.91 277.71 10578.09 238.40
10629.51 277.98 10629.69 238.59
10681.11 278.24 10681.29 238.78
10732.71 278.50 10732.89 238.97
10784.31 278.75 10784.49 239.16
10835.91 279.01 10836.09 239.35
10887.51 279.27 10887.69 239.54
10939.11 279.53 10939.29 239.73
10990.71 279.79 10990.89 239.92
11042.31 280.05 11042.49 240.11
11093.91 280.31 11094.09 240.30
11145.51 280.57 11145.69 240.49
11197.11 280.83 11197.29 240.69
11248.71 281.08 11248.89 240.88
11300.31 281.34 11300.49 241.07
11351.91 281.60 11352.09 241.26
11403.51 281.86 11403.69 241.45
11455.11 282.12 11455.29 241.64
11506.71 282.37 11506.89 241.84
11558.31 282.63 11558.49 242.03
11609.91 282.89 11610.09 242.22
11661.51 283.14 11661.69 242.41
11713.11 283.40 11713.29 242.61
11764.71 283.66 11764.89 242.80
11816.31 283.91 11816.49 242.99
11867.91 284.17 11868.09 243.19
11919.51 284.42 11919.69 243.38
11971.11 284.68 11971.29 243.58
12022.71 284.94 12022.89 243.77
12074.31 285.19 12074.49 243.96
12125.91 285.45 12126.09 244.16
12177.51 285.70 12177.69 244.35
12229.11 285.96 12229.29 244.55
12280.71 286.21 12280.89 244.74
12332.31 286.47 12332.49 244.94
12383.91 286.72 12384.09 245.13
12435.51 286.98 12435.69 245.33
12487.11 287.23 12487.29 245.52
12538.71 287.48 12538.89 245.72
12590.31 287.74 12590.49 245.91
12641.91 287.99 12642.09 246.11
12693.51 288.24 12693.69 246.30
12745.11 288.50 12745.29 246.50
12796.71 288.75 12796.89 246.70
12848.31 289.00 12848.49 246.89
12899.91 289.26 12900.09 247.09
12951.51 289.51 12951.69 247.29
13003.11 289.76 13003.29 247.48
13054.71 290.02 13054.89 247.68
13106.31 290.27 13106.49 247.88
13157.91 290.52 13158.09 248.08
13209.51 290.77 13209.69 248.27
13261.11 291.02 13261.29 248.47
13312.71 291.28 13312.89 248.67
13364.31 291.53 13364.49 248.87
13415.91 291.78 13416.09 249.06
13467.51 292.03 13467.69 249.26
13519.11 292.28 13519.29 249.46
13570.71 292.53 13570.89 249.66
13622.31 292.78 13622.49 249.86
13673.91 293.03 13674.09 250.06
13725.51 293.28 13725.69 250.26
13777.11 293.54 13777.29 250.45
13828.71 293.79 13828.89 250.65
13880.31 294.04 13880.49 250.85
13931.91 294.29 13932.09 251.05
13983.51 294.54 13983.69 251.25
14035.11 294.79 14035.29 251.45
14086.71 295.04 14086.89 251.65
14138.31 295.28 14138.49 251.85
14189.91 295.53 14190.09 252.05
14241.51 295.78 14241.69 252.25
14293.11 296.03 14293.29 252.45
14344.70 296.28 14344.90 252.65
14396.30 296.53 14396.50 252.85
14447.90 296.78 14448.10 253.06
14499.50 297.03 14499.70 253.26
14551.10 297.28 14551.30 253.46
14602.70 297.52 14602.90 253.66
14654.30 297.77 14654.50 253.86
14705.90 298.02 14706.10 254.06
14757.50 298.27 14757.70 254.26
14809.10 298.52 14809.30 254.47
14860.70 298.76 14860.90 254.67
14912.30 299.01 14912.50 254.87
14963.90 299.26 14964.10 255.07
15015.50 299.51 15015.70 255.27
15067.10 299.75 15067.30 255.48
15118.70 300.00 15118.90 255.68
15170.30 300.25 15170.50 255.88
15221.90 300.49 15222.10 256.08
15273.50 300.74 15273.70 256.29
15325.10 300.99 15325.30 256.49
15376.70 301.23 15376.90 256.69
15428.30 301.48 15428.50 256.90
15479.90 301.73 15480.10 257.10
15531.50 301.97 15531.70 257.30
15583.10 302.22 15583.30 257.51
15634.70 302.46 15634.90 257.71
15686.30 302.71 15686.50 257.92
15737.90 302.95 15738.10 258.12
15789.50 303.20 15789.70 258.32
15841.10 303.44 15841.30 258.53
15892.70 303.69 15892.90 258.73
15944.30 303.94 15944.50 258.94
15995.90 304.18 15996.10 259.14
16047.50 304.42 16047.70 259.35
16099.10 304.67 16099.30 259.55
16150.70 304.91 16150.90 259.76
16202.30 305.16 16202.50 259.96
16253.90 305.40 16254.10 260.17
16305.50 305.65 16305.70 260.37
16357.10 305.89 16357.30 260.58
16408.70 306.13 16408.90 260.78
16460.30 306.38 16460.50 260.99
16511.90 306.62 16512.10 261.20
16563.50 306.87 16563.70 261.40
16615.10 307.11 16615.30 261.61
16666.70 307.35 16666.90 261.81
16718.30 307.59 16718.50 262.02
16769.90 307.84 16770.10 262.23
16821.50 308.08 16821.70 262.43
16873.10 308.32 16873.30 262.64
16924.70 308.57 16924.90 262.85
16976.30 308.81 16976.50 263.05
17027.90 309.05 17028.10 263.26
17079.50 309.29 17079.70 263.47
17131.10 309.54 17131.30 263.68
17182.70 309.78 17182.90 263.88
17234.30 310.02 17234.50 264.09
17285.90 310.26 17286.10 264.30
17337.50 310.50 17337.70 264.51
17389.10 310.75 17389.30 264.71
17440.70 310.99 17440.90 264.92
17492.30 311.23 17492.50 265.13
17543.90 311.47 17544.10 265.34
17595.50 311.71 17595.70 265.55
17647.10 311.95 17647.30 265.76
17698.70 312.19 17698.90 265.96
17750.30 312.43 17750.50 266.17
17801.90 312.67 17802.10 266.38
17853.50 312.91 17853.70 266.59
17905.10 313.16 17905.30 266.80
17956.70 313.40 17956.90 267.01
18008.30 313.64 18008.50 267.22
18059.90 313.88 18060.10 267.43
18111.50 314.12 18111.70 267.64
18163.10 314.36 18163.30 267.85
18214.70 314.60 18214.90 268.06
18266.30 314.84 18266.50 268.27
18317.90 315.08 18318.10 268.48
18369.50 315.31 18369.70 268.69
18421.10 315.55 18421.30 268.90
18472.70 315.79 18472.90 269.11
18524.30 316.03 18524.50 269.32
18575.90 316.27 18576.10 269.53
18627.50 316.51 18627.70 269.74
18679.10 316.75 18679.30 269.95
18730.70 316.99 18730.90 270.16
18782.30 317.23 18782.50 270.37
18833.90 317.47 18834.10 270.58
18885.50 317.70 18885.70 270.79
18937.10 317.94 18937.30 271.01
18988.70 318.18 18988.90 271.22
19040.30 318.42 19040.50 271.43
19091.90 318.66 19092.10 271.64
19143.50 318.89 19143.70 271.85
19195.10 319.13 19195.30 272.06
19246.70 319.37 19246.90 272.28
19298.30 319.61 19298.50 272.49
19349.90 319.84 19350.10 272.70
19401.50 320.08 19401.70 272.91
19453.10 320.32 19453.30 273.12
19504.70 320.56 19504.90 273.34
19556.30 320.79 19556.50 273.55
19607.90 321.03 19608.10 273.76
19659.50 321.27 19659.70 273.97
19711.10 321.50 19711.30 274.19
19762.70 321.74 19762.90 274.40
19814.30 321.98 19814.50 274.61
19865.90 322.21 19866.10 274.83
19917.50 322.45 19917.70 275.04
19969.10 322.68 19969.30 275.25
20020.70 322.92 20020.90 275.47
20072.30 323.16 20072.50 275.68
20123.90 323.39 20124.10 275.89
20175.50 323.63 20175.70 276.11
20227.10 323.86 20227.30 276.32
20278.70 324.10 20278.90 276.54
20330.30 324.33 20330.50 276.75
20381.90 324.57 20382.10 276.97
20433.50 324.81 20433.70 277.18
20485.10 325.04 20485.30 277.39
20536.70 325.28 20536.90 277.61
20588.30 325.51 20588.50 277.82
20639.90 325.74 20640.10 278.04
20691.50 325.98 20691.70 278.25
20743.10 326.21 20743.30 278.47
20794.70 326.45 20794.90 278.68
20846.30 326.68 20846.50 278.90
20897.90 326.92 20898.10 279.11
20949.50 327.15 20949.70 279.33
21001.10 327.39 21001.30 279.54
21052.70 327.62 21052.90 279.76
21104.30 327.85 21104.50 279.98
21155.90 328.09 21156.10 280.19
21207.50 328.32 21207.70 280.41
21259.10 328.55 21259.30 280.62
21310.70 328.79 21310.90 280.84
21362.30 329.02 21362.50 281.06
21413.90 329.25 21414.10 281.27
21465.50 329.49 21465.70 281.49
21517.10 329.72 21517.30 281.71
21568.70 329.95 21568.90 281.92
21620.30 330.19 21620.50 282.14
21671.90 330.42 21672.10 282.36
21723.50 330.65 21723.70 282.57
21775.10 330.88 21775.30 282.79
21826.70 331.12 21826.90 283.01
21878.30 331.35 21878.50 283.22
21929.90 331.58 21930.10 283.44
21981.50 331.81 21981.70 283.66
22033.10 332.05 22033.30 283.88
22084.70 332.28 22084.90 284.09
22136.30 332.51 22136.50 284.31
22187.89 332.74 22188.11 284.53
22239.49 332.97 22239.71 284.75
22291.09 333.20 22291.31 284.97
22342.69 333.44 22342.91 285.18
22394.29 333.67 22394.51 285.40
22445.89 333.90 22446.11 285.62
22497.49 334.13 22497.71 285.84
22549.09 334.36 22549.31 286.06
22600.69 334.59 22600.91 286.28
22652.29 334.82 22652.51 286.49
22703.89 335.05 22704.11 286.71
22755.49 335.28 22755.71 286.93
22807.09 335.51 22807.31 287.15
22858.69 335.74 22858.91 287.37
22910.29 335.97 22910.51 287.59
22961.89 336.20 22962.11 287.81
23013.49 336.43 23013.71 288.03
23065.09 336.66 23065.31 288.25
23116.69 336.89 23116.91 288.47
23168.29 337.12 23168.51 288.69
23219.89 337.35 23220.11 288.91
23271.49 337.58 23271.71 289.13
23323.09 337.81 23323.31 289.35
23374.69 338.04 23374.91 289.57
23426.29 338.27 23426.51 289.79
23477.89 338.50 23478.11 290.01
23529.49 338.73 23529.71 290.23
23581.09 338.96 23581.31 290.45
23632.69 339.19 23632.91 290.67
23684.29 339.42 23684.51 290.89
23735.89 339.65 23736.11 291.11
23787.49 339.87 23787.71 291.33
23839.09 340.10 23839.31 291.55
23890.69 340.33 23890.91 291.77
23942.29 340.56 23942.51 292.00
23993.89 340.79 23994.11 292.22
24045.49 341.02 24045.71 292.44
24097.09 341.24 24097.31 292.66
24148.69 341.47 24148.91 292.88
24200.29 341.70 24200.51 293.10
24251.89 341.93 24252.11 293.33
24303.49 342.16 24303.71 293.55
24355.09 342.38 24355.31 293.77
24406.69 342.61 24406.91 293.99
24458.29 342.84 24458.51 294.21
24509.89 343.07 24510.11 294.44
24561.49 343.29 24561.71 294.66
24613.09 343.52 24613.31 294.88
24664.69 343.75 24664.91 295.10
24716.29 343.97 24716.51 295.33
24767.89 344.20 24768.11 295.55
24819.49 344.43 24819.71 295.77
24871.09 344.65 24871.31 295.99
24922.69 344.88 24922.91 296.22
24974.29 345.11 24974.51 296.44
25025.89 345.33 25026.11 296.66
25077.49 345.56 25077.71 296.89
25129.09 345.78 25129.31 297.11
25180.69 346.01 25180.91 297.33
25232.29 346.24 25232.51 297.56
25283.89 346.46 25284.11 297.78
25335.49 346.69 25335.71 298.01
25387.09 346.91 25387.31 298.23
25438.69 347.14 25438.91 298.45
25490.29 347.36 25490.51 298.68
25541.89 347.59 25542.11 298.90
25593.49 347.82 25593.71 299.13
25645.09 348.04 25645.31 299.35
25696.69 348.27 25696.91 299.58
25748.29 348.49 25748.51 299.80
25799.89 348.72 25800.11 300.02
25851.49 348.94 25851.71 300.25
25903.09 349.16 25903.31 300.47
25954.69 349.39 25954.91 300.70
26006.29 349.61 26006.51 300.92
26057.89 349.84 26058.11 301.15
26109.49 350.06 26109.71 301.38
26161.09 350.29 26161.31 301.60
26212.69 350.51 26212.91 301.83
26264.29 350.73 26264.51 302.05
26315.89 350.96 26316.11 302.28
26367.49 351.18 26367.71 302.50
26419.09 351.41 26419.31 302.73
26470.69 351.63 26470.91 302.96
26522.29 351.85 26522.51 303.18
26573.89 352.08 26574.11 303.41
26625.49 352.30 26625.71 303.63
26677.09 352.52 26677.31 303.86
26728.69 352.75 26728.91 304.09
26780.29 352.97 26780.51 304.31
26831.89 353.19 26832.11 304.54
26883.49 353.41 26883.71 304.77
26935.09 353.64 26935.31 304.99
26986.69 353.86 26986.91 305.22
27038.29 354.08 27038.51 305.45
27089.89 354.30 27090.11 305.67
27141.49 354.53 27141.71 305.90
27193.09 354.75 27193.31 306.13
27244.69 354.97 27244.91 306.36
27296.29 355.19 27296.51 306.58
27347.89 355.41 27348.11 306.81
27399.49 355.64 27399.71 307.04
27451.09 355.86 27451.31 307.27
27502.69 356.08 27502.91 307.50
27554.29 356.30 27554.51 307.72
27605.89 356.52 27606.11 307.95
27657.49 356.74 27657.71 308.18
27709.09 356.97 27709.31 308.41
27760.69 357.19 27760.91 308.64
27812.29 357.41 27812.51 308.87
27863.89 357.63 27864.11 309.09
27915.49 357.85 27915.71 309.32
27967.09 358.07 27967.31 309.55
28018.69 358.29 28018.91 309.78
28070.29 358.51 28070.51 310.01
28121.89 358.73 28122.11 310.24
28173.49 358.95 28173.71 310.47
28225.09 359.17 28225.31 310.70
28276.69 359.39 28276.91 310.93
28328.29 359.61 28328.51 311.16
28379.89 359.83 28380.11 311.39
28431.49 360.05 28431.71 311.62
28483.09 360.27 28483.31 311.85
28534.69 360.49 28534.91 312.08
28586.29 360.71 28586.51 312.31
28637.89 360.93 28638.11 312.54
28689.49 361.15 28689.71 312.77
28741.09 361.37 28741.31 313.00
28792.69 361.59 28792.91 313.23
28844.29 361.81 28844.51 313.46
28895.89 362.03 28896.11 313.69
28947.49 362.25 28947.71 313.92
28999.09 362.46 28999.31 314.15
29050.69 362.68 29050.91 314.38
29102.29 362.90 29102.51 314.61
29153.89 363.12 29154.11 314.84
29205.49 363.34 29205.71 315.07
29257.09 363.56 29257.31 315.30
29308.69 363.77 29308.91 315.54
29360.29 363.99 29360.51 315.77
29411.89 364.21 29412.11 316.00
29463.50 364.43 29463.70 316.23
29515.10 364.65 29515.30 316.46
29566.70 364.86 29566.90 316.69
29618.30 365.08 29618.50 316.93
29669.90 365.30 29670.10 317.16
29721.50 365.52 29721.70 317.39
29773.10 365.73 29773.30 317.62
29824.70 365.95 29824.90 317.86
29876.30 366.17 29876.50 318.09
29927.90 366.38 29928.10 318.32
29979.50 366.60 29979.70 318.55
30031.10 366.82 30031.30 318.79
30082.70 367.03 30082.90 319.02
30134.30 367.25 30134.50 319.25
30185.90 367.47 30186.10 319.49
30237.50 367.68 30237.70 319.72
30289.10 367.90 30289.30 319.95
30340.70 368.12 30340.90 320.19
30392.30 368.33 30392.50 320.42
30443.90 368.55 30444.10 320.65
30495.50 368.76 30495.70 320.89
30547.10 368.98 30547.30 321.12
30598.70 369.20 30598.90 321.35
30650.30 369.41 30650.50 321.59
30701.90 369.63 30702.10 321.82
30753.50 369.84 30753.70 322.06
30805.10 370.06 30805.30 322.29
30856.70 370.27 30856.90 322.53
30908.30 370.49 30908.50 322.76
30959.90 370.70 30960.10 323.00
31011.50 370.92 31011.70 323.23
31063.10 371.13 31063.30 323.46
31114.70 371.35 31114.90 323.70
31166.30 371.56 31166.50 323.93
31217.90 371.77 31218.10 324.17
31269.50 371.99 31269.70 324.41
31321.10 372.20 31321.30 324.64
31372.70 372.42 31372.90 324.88
31424.30 372.63 31424.50 325.11
31475.90 372.85 31476.10 325.35
31527.50 373.06 31527.70 325.58
31579.10 373.27 31579.30 325.82
31630.70 373.49 31630.90 326.06
31682.30 373.70 31682.50 326.29
31733.90 373.91 31734.10 326.53
31785.50 374.13 31785.70 326.76
31837.10 374.34 31837.30 327.00
31888.70 374.55 31888.90 327.24
31940.30 374.76 31940.50 327.47
31991.90 374.98 31992.10 327.71
32043.50 375.19 32043.70 327.95
32095.10 375.40 32095.30 328.18
32146.70 375.62 32146.90 328.42
32198.30 375.83 32198.50 328.66
32249.90 376.04 32250.10 328.90
32301.50 376.25 32301.70 329.13
32353.10 376.46 32353.30 329.37
32404.70 376.68 32404.90 329.61
32456.30 376.89 32456.50 329.85
32507.90 377.10 32508.10 330.08
32559.50 377.31 32559.70 330.32
32611.10 377.52 32611.30 330.56
32662.70 377.73 32662.90 330.80
32714.30 377.95 32714.50 331.04
32765.90 378.16 32766.10 331.27
32817.50 378.37 32817.70 331.51
32869.10 378.58 32869.30 331.75
32920.70 378.79 32920.90 331.99
32972.30 379.00 32972.50 332.23
33023.90 379.21 33024.10 332.47
33075.50 379.42 33075.70 332.71
33127.10 379.63 33127.30 332.95
33178.70 379.84 33178.90 333.19
33230.30 380.05 33230.50 333.43
33281.90 380.26 33282.10 333.66
33333.50 380.47 33333.70 333.90
33385.10 380.68 33385.30 334.14
33436.70 380.89 33436.90 334.38
33488.30 381.10 33488.50 334.62
33539.90 381.31 33540.10 334.86
33591.50 381.52 33591.70 335.10
33643.10 381.73 33643.30 335.34
33694.70 381.94 33694.90 335.58
33746.30 382.15 33746.50 335.83
33797.90 382.36 33798.10 336.07
33849.50 382.57 33849.70 336.31
33901.10 382.78 33901.30 336.55
33952.70 382.98 33952.90 336.79
34004.30 383.19 34004.50 337.03
34055.90 383.40 34056.10 337.27
34107.50 383.61 34107.70 337.51
34159.10 383.82 34159.30 337.75
34210.70 384.03 34210.90 337.99
34262.30 384.23 34262.50 338.24
34313.90 384.44 34314.10 338.48
34365.50 384.65 34365.70 338.72
34417.10 384.86 34417.30 338.96
34468.70 385.06 34468.90 339.20
34520.30 385.27 34520.50 339.45
34571.90 385.48 34572.10 339.69
34623.50 385.69 34623.70 339.93
34675.10 385.89 34675.30 340.17
34726.70 386.10 34726.90 340.42
34778.30 386.31 34778.50 340.66
34829.90 386.51 34830.10 340.90
34881.50 386.72 34881.70 341.15
34933.10 386.93 34933.30 341.39
34984.70 387.13 34984.90 341.63
35036.30 387.34 35036.50 341.87
35087.90 387.54 35088.10 342.12
35139.50 387.75 35139.70 342.36
35191.10 387.96 35191.30 342.61
35242.70 388.16 35242.90 342.85
35294.30 388.37 35294.50 343.09
35345.90 388.57 35346.10 343.34
35397.50 388.78 35397.70 343.58
35449.10 388.98 35449.30 343.83
35500.70 389.19 35500.90 344.07
35552.30 389.39 35552.50 344.32
35603.90 389.60 35604.10 344.56
35655.50 389.80 35655.70 344.80
35707.10 390.01 35707.30 345.05
35758.70 390.21 35758.90 345.30
35810.30 390.42 35810.50 345.54
35861.90 390.62 35862.10 345.79
35913.50 390.82 35913.70 346.03
35965.10 391.03 35965.30 346.28
36016.70 391.23 36016.90 346.52
36068.30 391.44 36068.50 346.77
36119.90 391.64 36120.10 347.01
36171.50 391.84 36171.70 347.26
36223.10 392.05 36223.30 347.51
36274.70 392.25 36274.90 347.75
36326.30 392.45 36326.50 348.00
36377.90 392.66 36378.10 348.25
36429.50 392.86 36429.70 348.49
36481.10 393.06 36481.30 348.74
36532.70 393.26 36532.90 348.99
36584.30 393.47 36584.50 349.23
36635.90 393.67 36636.10 349.48
36687.50 393.87 36687.70 349.73
36739.10 394.07 36739.30 349.98
36790.70 394.27 36790.90 350.22
36842.30 394.48 36842.50 350.47
36893.90 394.68 36894.10 350.72
36945.50 394.88 36945.70 350.97
36997.10 395.08 36997.30 351.22
37048.70 395.28 37048.90 351.46
37100.30 395.48 37100.50 351.71
37151.90 395.68 37152.10 351.96
37203.50 395.89 37203.70 352.21
37255.10 396.09 37255.30 352.46
37306.71 396.29 37306.89 352.71
37358.31 396.49 37358.49 352.96
37409.91 396.69 37410.09 353.21
37461.51 396.89 37461.69 353.46
37513.11 397.09 37513.29 353.70
37564.71 397.29 37564.89 353.95
37616.31 397.49 37616.49 354.20
37667.91 397.69 37668.09 354.45
37719.51 397.89 37719.69 354.70
37771.11 398.09 37771.29 354.95
37822.71 398.29 37822.89 355.20
37874.31 398.48 37874.49 355.46
37925.91 398.68 37926.09 355.71
37977.51 398.88 37977.69 355.96
38029.11 399.08 38029.29 356.21
38080.71 399.28 38080.89 356.46
38132.31 399.48 38132.49 356.71
38183.91 399.68 38184.09 356.96
38235.51 399.87 38235.69 357.21
38287.11 400.07 38287.29 357.46
38338.71 400.27 38338.89 357.72
38390.31 400.47 38390.49 357.97
38441.91 400.66 38442.09 358.22
38493.51 400.86 38493.69 358.47
38545.11 401.06 38545.29 358.72
38596.71 401.26 38596.89 358.98
38648.31 401.45 38648.49 359.23
38699.91 401.65 38700.09 359.48
38751.51 401.85 38751.69 359.74
38803.11 402.04 38803.29 359.99
38854.71 402.24 38854.89 360.24
38906.31 402.44 38906.49 360.50
38957.91 402.63 38958.09 360.75
39009.51 402.83 39009.69 361.00
39061.11 403.02 39061.29 361.26
39112.71 403.22 39112.89 361.51
39164.31 403.41 39164.49 361.76
39215.91 403.61 39216.09 362.02
39267.51 403.80 39267.69 362.27
39319.11 404.00 39319.29 362.53
39370.71 404.19 39370.89 362.78
39422.31 404.39 39422.49 363.04
39473.91 404.58 39474.09 363.29
39525.51 404.78 39525.69 363.55
39577.11 404.97 39577.29 363.80
39628.71 405.16 39628.89 364.06
39680.31 405.36 39680.49 364.32
39731.91 405.55 39732.09 364.57
39783.51 405.75 39783.69 364.83
39835.11 405.94 39835.29 365.08
39886.71 406.13 39886.89 365.34
39938.31 406.33 39938.49 365.60
39989.91 406.52 39990.09 365.85
40041.51 406.71 40041.69 366.11
40093.11 406.90 40093.29 366.37
40144.71 407.10 40144.89 366.62
40196.31 407.29 40196.49 366.88
40247.91 407.48 40248.09 367.14
40299.51 407.67 40299.69 367.40
40351.11 407.86 40351.29 367.66
40402.71 408.05 40402.89 367.91
40454.31 408.25 40454.49 368.17
40505.91 408.44 40506.09 368.43
40557.51 408.63 40557.69 368.69
40609.11 408.82 40609.29 368.95
40660.71 409.01 40660.89 369.21
40712.31 409.20 40712.49 369.47
40763.91 409.39 40764.09 369.73
40815.51 409.58 40815.69 369.99
40867.11 409.77 40867.29 370.24
40918.71 409.96 40918.89 370.50
40970.31 410.15 40970.49 370.76
41021.91 410.34 41022.09 371.03
41073.51 410.53 41073.69 371.29
41125.11 410.72 41125.29 371.55
41176.71 410.90 41176.89 371.81
41228.31 411.09 41228.49 372.07
41279.92 411.28 41280.08 372.33
41331.52 411.47 41331.68 372.59
41383.12 411.66 41383.28 372.85
41434.72 411.85 41434.88 373.11
41486.32 412.03 41486.48 373.38
41537.92 412.22 41538.08 373.64
41589.52 412.41 41589.68 373.90
41641.12 412.59 41641.28 374.16
41692.72 412.78 41692.88 374.43
41744.32 412.97 41744.48 374.69
41795.92 413.15 41796.08 374.95
41847.52 413.34 41847.68 375.22
41899.12 413.53 41899.28 375.48
41950.72 413.71 41950.88 375.74
42002.32 413.90 42002.48 376.01
42053.92 414.08 42054.08 376.27
42105.52 414.27 42105.68 376.54
42157.12 414.45 42157.28 376.80
42208.72 414.64 42208.88 377.06
42260.32 414.82 42260.48 377.33
42311.92 415.01 42312.08 377.59
42363.52 415.19 42363.68 377.86
42415.12 415.38 42415.28 378.13
42466.72 415.56 42466.88 378.39
42518.32 415.74 42518.48 378.66
42569.92 415.93 42570.08 378.92
42621.52 416.11 42621.68 379.19
42673.12 416.29 42673.28 379.46
42724.72 416.47 42724.88 379.72
42776.32 416.66 42776.48 379.99
42827.92 416.84 42828.08 380.26
42879.52 417.02 42879.68 380.53
42931.12 417.20 42931.28 380.79
42982.72 417.38 42982.88 381.06
43034.32 417.56 43034.48 381.33
43085.92 417.75 43086.08 381.60
43137.52 417.93 43137.68 381.87
43189.12 418.11 43189.28 382.14
43240.72 418.29 43240.88 382.41
43292.32 418.47 43292.48 382.68
43343.92 418.65 43344.08 382.95
43395.52 418.83 43395.68 383.22
43447.12 419.01 43447.28 383.49
43498.72 419.18 43498.88 383.76
43550.32 419.36 43550.48 384.03
43601.92 419.54 43602.08 384.30
43653.52 419.72 43653.68 384.57
43705.12 419.90 43705.28 384.84
43756.72 420.08 43756.88 385.11
43808.32 420.25 43808.48 385.39
43859.92 420.43 43860.08 385.66
43911.52 420.61 43911.68 385.93
43963.12 420.78 43963.28 386.20
44014.72 420.96 44014.88 386.48
44066.33 421.14 44066.47 386.75
44117.93 421.31 44118.07 387.02
44169.53 421.49 44169.67 387.30
44221.13 421.66 44221.27 387.57
44272.73 421.84 44272.87 387.85
44324.33 422.01 44324.47 388.12
44375.93 422.19 44376.07 388.40
44427.53 422.36 44427.67 388.67
44479.13 422.54 44479.27 388.95
44530.73 422.71 44530.87 389.22
44582.33 422.88 44582.47 389.50
44633.93 423.06 44634.07 389.78
44685.53 423.23 44685.67 390.05
44737.13 423.40 44737.27 390.33
44788.73 423.57 44788.87 390.61
44840.33 423.74 44840.47 390.89
44891.93 423.92 44892.07 391.17
44943.53 424.09 44943.67 391.44
44995.13 424.26 44995.27 391.72
45046.73 424.43 45046.87 392.00
45098.33 424.60 45098.47 392.28
45149.93 424.77 45150.07 392.56
45201.53 424.94 45201.67 392.84
45253.13 425.11 45253.27 393.12
45304.73 425.27 45304.87 393.40
45356.33 425.44 45356.47 393.68
45407.93 425.61 45408.07 393.97
45459.53 425.78 45459.67 394.25
45511.13 425.95 45511.27 394.53
45562.73 426.11 45562.87 394.81
45614.33 426.28 45614.47 395.10
45665.93 426.45 45666.07 395.38
45717.53 426.61 45717.67 395.66
45769.13 426.78 45769.27 395.95
45820.73 426.94 45820.87 396.23
45872.33 427.11 45872.47 396.52
45923.93 427.27 45924.07 396.80
45975.53 427.43 45975.67 397.09
46027.13 427.60 46027.27 397.37
46078.73 427.76 46078.87 397.66
46130.33 427.92 46130.47 397.95
46181.93 428.09 46182.07 398.23
46233.54 428.25 46233.66 398.52
46285.14 428.41 46285.26 398.81
46336.74 428.57 46336.86 399.10
46388.34 428.73 46388.46 399.39
46439.94 428.89 46440.06 399.68
46491.54 429.05 46491.66 399.97
46543.14 429.21 46543.26 400.26
46594.74 429.37 46594.86 400.55
46646.34 429.53 46646.46 400.84
46697.94 429.68 46698.06 401.13
46749.54 429.84 46749.66 401.42
46801.14 430.00 46801.26 401.72
46852.74 430.15 46852.86 402.01
46904.34 430.31 46904.46 402.30
46955.94 430.47 46956.06 402.60
47007.54 430.62 47007.66 402.89
47059.14 430.78 47059.26 403.19
47110.74 430.93 47110.86 403.48
47162.34 431.08 47162.46 403.78
47213.94 431.23 47214.06 404.08
47265.54 431.39 47265.66 404.37
47317.14 431.54 47317.26 404.67
47368.74 431.69 47368.86 404.97
47420.34 431.84 47420.46 405.27
47471.94 431.99 47472.06 405.57
47523.54 432.14 47523.66 405.87
47575.14 432.29 47575.26 406.17
47626.74 432.43 47626.86 406.47
47678.34 432.58 47678.46 406.78
47729.94 432.73 47730.06 407.08
47781.54 432.87 47781.66 407.38
47833.14 433.02 47833.26 407.69
47884.75 433.16 47884.85 407.99
47936.35 433.31 47936.45 408.30
47987.95 433.45 47988.05 408.60
48039.55 433.59 48039.65 408.91
48091.15 433.73 48091.25 409.22
48142.75 433.88 48142.85 409.53
48194.35 434.02 48194.45 409.84
48245.95 434.15 48246.05 410.15
48297.55 434.29 48297.65 410.46
48349.15 434.43 48349.25 410.77
48400.75 434.57 48400.85 411.08
48452.35 434.70 48452.45 411.40
48503.95 434.84 48504.05 411.71
48555.55 434.97 48555.65 412.03
48607.15 435.11 48607.25 412.34
48658.75 435.24 48658.85 412.66
48710.35 435.37 48710.45 412.98
48761.95 435.50 48762.05 413.30
48813.55 435.63 48813.65 413.62
48865.15 435.76 48865.25 413.94
48916.75 435.88 48916.85 414.26
48968.35 436.01 48968.45 414.59
49019.95 436.13 49020.05 414.91
49071.55 436.26 49071.65 415.24
49123.15 436.38 49123.25 415.56
49174.76 436.50 49174.84 415.89
49226.36 436.62 49226.44 416.22
49277.96 436.74 49278.04 416.55
49329.56 436.86 49329.64 416.89
49381.16 436.97 49381.24 417.22
49432.76 437.09 49432.84 417.55
49484.36 437.20 49484.44 417.89
49535.96 437.31 49536.04 418.23
49587.56 437.42 49587.64 418.57
49639.16 437.53 49639.24 418.91
49690.76 437.64 49690.84 419.25
49742.36 437.74 49742.44 419.60
49793.96 437.84 49794.04 419.95
49845.56 437.94 49845.64 420.30
49897.16 438.04 49897.24 420.65
49948.76 438.14 49948.84 421.00
50000.36 438.23 50000.44 421.36
50051.96 438.32 50052.04 421.71
50103.56 438.41 50103.64 422.07
50155.17 438.50 50155.23 422.44
50206.77 438.59 50206.83 422.80
50258.37 438.67 50258.43 423.17
50309.97 438.74 50310.03 423.54
50361.57 438.82 50361.63 423.92
50413.17 438.89 50413.23 424.29
50464.77 438.96 50464.83 424.68
50516.37 439.02 50516.43 425.06
50567.97 439.08 50568.03 425.45
50619.57 439.14 50619.63 425.84
50671.17 439.19 50671.23 426.24
50722.77 439.24 50722.83 426.65
50774.37 439.28 50774.43 427.06
50825.97 439.31 50826.03 427.47
50877.58 439.34 50877.62 427.89
50929.18 439.36 50929.22 428.32
50980.78 439.37 50980.82 428.76
51032.38 439.37 51032.42 429.21
51083.98 439.36 51084.02 429.67
51135.58 439.34 51135.62 430.14
51187.18 439.30 51187.22 430.63
51238.78 439.25 51238.82 431.13
51290.38 439.17 51290.42 431.65
51341.99 439.07 51342.01 432.20
51393.59 438.94 51393.61 432.79
51445.19 438.75 51445.21 433.43
51496.79 438.49 51496.81 434.14
51548.39 438.08 51548.41 435.00
51600.00 436.76 51600.00 436.76
