0.00 215.11 0.00 215.11
42.93 216.61 42.93 213.80
85.86 217.29 85.86 213.32
128.78 217.82 128.80 212.97
171.71 218.29 171.73 212.69
214.64 218.72 214.66 212.45
257.57 219.11 257.59 212.25
300.50 219.47 300.52 212.07
343.43 219.82 343.45 211.91
386.36 220.15 386.38 211.76
429.29 220.47 429.31 211.63
472.22 220.78 472.24 211.51
515.15 221.07 515.17 211.40
558.08 221.36 558.10 211.30
601.01 221.64 601.03 211.21
643.94 221.92 643.96 211.12
686.87 222.19 686.89 211.04
729.80 222.45 729.82 210.97
772.73 222.71 772.75 210.90
815.66 222.96 815.68 210.83
858.59 223.21 858.61 210.77
901.52 223.45 901.54 210.71
944.45 223.69 944.47 210.66
987.38 223.93 987.40 210.61
1030.31 224.16 1030.33 210.57
1073.23 224.39 1073.27 210.52
1116.16 224.62 1116.20 210.48
1159.09 224.84 1159.13 210.45
1202.02 225.07 1202.06 210.41
1244.95 225.29 1244.99 210.38
1287.88 225.50 1287.92 210.35
1330.81 225.72 1330.85 210.32
1373.74 225.93 1373.78 210.30
1416.67 226.14 1416.71 210.27
1459.60 226.35 1459.64 210.25
1502.53 226.56 1502.57 210.23
1545.46 226.76 1545.50 210.22
1588.39 226.97 1588.43 210.20
1631.32 227.17 1631.36 210.18
1674.25 227.37 1674.29 210.17
1717.18 227.57 1717.22 210.16
1760.11 227.76 1760.15 210.15
1803.04 227.96 1803.08 210.14
1845.97 228.15 1846.01 210.14
1888.90 228.35 1888.94 210.13
1931.83 228.54 1931.87 210.13
1974.76 228.73 1974.80 210.12
2017.69 228.92 2017.73 210.12
2060.62 229.11 2060.66 210.12
2103.55 229.29 2103.59 210.12
2146.48 229.48 2146.52 210.12
2189.41 229.67 2189.45 210.12
2232.34 229.85 2232.38 210.13
2275.27 230.03 2275.31 210.13
2318.20 230.21 2318.24 210.14
2361.13 230.39 2361.17 210.14
2404.06 230.57 2404.10 210.15
2446.99 230.75 2447.03 210.16
2489.92 230.93 2489.96 210.17
2532.85 231.11 2532.89 210.18
2575.78 231.29 2575.82 210.19
2618.71 231.46 2618.75 210.20
2661.64 231.64 2661.68 210.22
2704.57 231.81 2704.61 210.23
2747.50 231.98 2747.54 210.24
2790.43 232.16 2790.47 210.26
2833.36 232.33 2833.40 210.27
2876.29 232.50 2876.33 210.29
2919.22 232.67 2919.26 210.31
2962.15 232.84 2962.19 210.33
3005.08 233.01 3005.12 210.34
3048.01 233.18 3048.05 210.36
3090.93 233.34 3090.99 210.38
3133.86 233.51 3133.92 210.40
3176.79 233.68 3176.85 210.43
3219.72 233.84 3219.78 210.45
3262.65 234.01 3262.71 210.47
3305.58 234.17 3305.64 210.49
3348.51 234.34 3348.57 210.52
3391.44 234.50 3391.50 210.54
3434.37 234.66 3434.43 210.56
3477.30 234.82 3477.36 210.59
3520.23 234.99 3520.29 210.62
3563.16 235.15 3563.22 210.64
3606.09 235.31 3606.15 210.67
3649.02 235.47 3649.08 210.70
3691.95 235.63 3692.01 210.72
3734.88 235.79 3734.94 210.75
3777.81 235.94 3777.87 210.78
3820.74 236.10 3820.80 210.81
3863.67 236.26 3863.73 210.84
3906.60 236.42 3906.66 210.87
3949.53 236.57 3949.59 210.90
3992.46 236.73 3992.52 210.93
4035.39 236.89 4035.45 210.97
4078.32 237.04 4078.38 211.00
4121.25 237.20 4121.31 211.03
4164.18 237.35 4164.24 211.06
4207.11 237.51 4207.17 211.10
4250.04 237.66 4250.10 211.13
4292.97 237.81 4293.03 211.16
4335.90 237.96 4335.96 211.20
4378.83 238.12 4378.89 211.23
4421.76 238.27 4421.82 211.27
4464.69 238.42 4464.75 211.31
4507.62 238.57 4507.68 211.34
4550.55 238.72 4550.61 211.38
4593.48 238.87 4593.54 211.42
4636.41 239.02 4636.47 211.45
4679.34 239.17 4679.40 211.49
4722.27 239.32 4722.33 211.53
4765.20 239.47 4765.26 211.57
4808.13 239.62 4808.19 211.61
4851.06 239.77 4851.12 211.65
4893.99 239.92 4894.05 211.69
4936.92 240.06 4936.98 211.73
4979.85 240.21 4979.91 211.77
5022.78 240.36 5022.84 211.81
5065.71 240.50 5065.77 211.85
5108.64 240.65 5108.70 211.89
5151.57 240.80 5151.63 211.93
5194.50 240.94 5194.56 211.97
5237.43 241.09 5237.49 212.02
5280.36 241.23 5280.42 212.06
5323.29 241.38 5323.35 212.10
5366.22 241.52 5366.28 212.14
5409.15 241.66 5409.21 212.19
5452.08 241.81 5452.14 212.23
5495.01 241.95 5495.07 212.28
5537.94 242.09 5538.00 212.32
5580.87 242.24 5580.93 212.36
5623.80 242.38 5623.86 212.41
5666.73 242.52 5666.79 212.45
5709.66 242.66 5709.72 212.50
5752.59 242.80 5752.65 212.55
5795.52 242.95 5795.58 212.59
5838.45 243.09 5838.51 212.64
5881.38 243.23 5881.44 212.69
5924.31 243.37 5924.37 212.73
5967.24 243.51 5967.30 212.78
6010.17 243.65 6010.23 212.83
6053.10 243.79 6053.16 212.88
6096.03 243.93 6096.09 212.92
6138.96 244.07 6139.02 212.97
6181.89 244.21 6181.95 213.02
6224.82 244.34 6224.88 213.07
6267.75 244.48 6267.81 213.12
6310.68 244.62 6310.74 213.17
6353.61 244.76 6353.67 213.22
6396.54 244.90 6396.60 213.27
6439.47 245.03 6439.53 213.32
6482.40 245.17 6482.46 213.37
6525.33 245.31 6525.39 213.42
6568.26 245.44 6568.32 213.47
6611.18 245.58 6611.26 213.52
6654.11 245.72 6654.19 213.57
6697.04 245.85 6697.12 213.62
6739.97 245.99 6740.05 213.67
6782.90 246.12 6782.98 213.73
6825.83 246.26 6825.91 213.78
6868.76 246.39 6868.84 213.83
6911.69 246.53 6911.77 213.88
6954.62 246.66 6954.70 213.94
6997.55 246.80 6997.63 213.99
7040.48 246.93 7040.56 214.04
7083.41 247.07 7083.49 214.10
7126.34 247.20 7126.42 214.15
7169.27 247.33 7169.35 214.20
7212.20 247.47 7212.28 214.26
7255.13 247.60 7255.21 214.31
7298.06 247.73 7298.14 214.37
7340.99 247.87 7341.07 214.42
7383.92 248.00 7384.00 214.48
7426.85 248.13 7426.93 214.53
7469.78 248.26 7469.86 214.59
7512.71 248.39 7512.79 214.64
7555.64 248.53 7555.72 214.70
7598.57 248.66 7598.65 214.76
7641.50 248.79 7641.58 214.81
7684.43 248.92 7684.51 214.87
7727.36 249.05 7727.44 214.92
7770.29 249.18 7770.37 214.98
7813.22 249.31 7813.30 215.04
7856.15 249.44 7856.23 215.10
7899.08 249.57 7899.16 215.15
7942.01 249.70 7942.09 215.21
7984.94 249.83 7985.02 215.27
8027.87 249.96 8027.95 215.33
8070.80 250.09 8070.88 215.39
8113.73 250.22 8113.81 215.44
8156.66 250.35 8156.74 215.50
8199.59 250.48 8199.67 215.56
8242.52 250.61 8242.60 215.62
8285.45 250.73 8285.53 215.68
8328.38 250.86 8328.46 215.74
8371.31 250.99 8371.39 215.80
8414.24 251.12 8414.32 215.86
8457.17 251.25 8457.25 215.92
8500.10 251.37 8500.18 215.98
8543.03 251.50 8543.11 216.04
8585.96 251.63 8586.04 216.10
8628.89 251.75 8628.97 216.16
8671.82 251.88 8671.90 216.22
8714.75 252.01 8714.83 216.28
8757.68 252.13 8757.76 216.34
8800.61 252.26 8800.69 216.40
8843.54 252.39 8843.62 216.46
8886.47 252.51 8886.55 216.52
8929.40 252.64 8929.48 216.59
8972.33 252.76 8972.41 216.65
9015.26 252.89 9015.34 216.71
9058.19 253.01 9058.27 216.77
9101.12 253.14 9101.20 216.83
9144.05 253.26 9144.13 216.90
9186.98 253.39 9187.06 216.96
9229.91 253.51 9229.99 217.02
9272.84 253.64 9272.92 217.09
9315.77 253.76 9315.85 217.15
9358.70 253.89 9358.78 217.21
9401.63 254.01 9401.71 217.28
9444.56 254.13 9444.64 217.34
9487.49 254.26 9487.57 217.40
9530.42 254.38 9530.50 217.47
9573.35 254.51 9573.43 217.53
9616.28 254.63 9616.36 217.60
9659.21 254.75 9659.29 217.66
9702.14 254.87 9702.22 217.72
9745.07 255.00 9745.15 217.79
9788.00 255.12 9788.08 217.85
9830.93 255.24 9831.01 217.92
9873.86 255.36 9873.94 217.98
9916.79 255.49 9916.87 218.05
9959.72 255.61 9959.80 218.12
10002.65 255.73 10002.73 218.18
10045.58 255.85 10045.66 218.25
10088.51 255.97 10088.59 218.31
10131.44 256.10 10131.52 218.38
10174.37 256.22 10174.45 218.44
10217.30 256.34 10217.38 218.51
10260.23 256.46 10260.31 218.58
10303.16 256.58 10303.24 218.64
10346.09 256.70 10346.17 218.71
10389.02 256.82 10389.10 218.78
10431.95 256.94 10432.03 218.85
10474.88 257.06 10474.96 218.91
10517.81 257.18 10517.89 218.98
10560.74 257.30 10560.82 219.05
10603.67 257.42 10603.75 219.11
10646.60 257.54 10646.68 219.18
10689.53 257.66 10689.61 219.25
10732.46 257.78 10732.54 219.32
10775.39 257.90 10775.47 219.39
10818.32 258.02 10818.40 219.45
10861.25 258.14 10861.33 219.52
10904.18 258.26 10904.26 219.59
10947.11 258.38 10947.19 219.66
10990.04 258.49 10990.12 219.73
11032.97 258.61 11033.05 219.80
11075.90 258.73 11075.98 219.87
11118.83 258.85 11118.91 219.94
11161.76 258.97 11161.84 220.01
11204.69 259.09 11204.77 220.08
11247.62 259.20 11247.70 220.15
11290.55 259.32 11290.63 220.22
11333.48 259.44 11333.56 220.29
11376.41 259.56 11376.49 220.36
11419.34 259.67 11419.42 220.43
11462.27 259.79 11462.35 220.50
11505.20 259.91 11505.28 220.57
11548.13 260.02 11548.21 220.64
11591.06 260.14 11591.14 220.71
11633.99 260.26 11634.07 220.78
11676.92 260.37 11677.00 220.85
11719.85 260.49 11719.93 220.92
11762.78 260.61 11762.86 220.99
11805.71 260.72 11805.79 221.06
11848.64 260.84 11848.72 221.13
11891.57 260.96 11891.65 221.21
11934.50 261.07 11934.58 221.28
11977.43 261.19 11977.51 221.35
12020.36 261.30 12020.44 221.42
12063.29 261.42 12063.37 221.49
12106.22 261.53 12106.30 221.57
12149.15 261.65 12149.23 221.64
12192.08 261.76 12192.16 221.71
12235.01 261.88 12235.09 221.78
12277.94 261.99 12278.02 221.85
12320.87 262.11 12320.95 221.93
12363.80 262.22 12363.88 222.00
12406.73 262.34 12406.81 222.07
12449.66 262.45 12449.74 222.15
12492.59 262.57 12492.67 222.22
12535.52 262.68 12535.60 222.29
12578.45 262.79 12578.53 222.37
12621.38 262.91 12621.46 222.44
12664.31 263.02 12664.39 222.51
12707.24 263.14 12707.32 222.59
12750.17 263.25 12750.25 222.66
12793.10 263.36 12793.18 222.74
12836.03 263.48 12836.11 222.81
12878.96 263.59 12879.04 222.88
12921.89 263.70 12921.97 222.96
12964.82 263.81 12964.90 223.03
13007.75 263.93 13007.83 223.11
13050.68 264.04 13050.76 223.18
13093.61 264.15 13093.69 223.26
13136.54 264.27 13136.62 223.33
13179.47 264.38 13179.55 223.41
13222.40 264.49 13222.48 223.48
13265.33 264.60 13265.41 223.56
13308.26 264.71 13308.34 223.63
13351.19 264.83 13351.27 223.71
13394.12 264.94 13394.20 223.78
13437.05 265.05 13437.13 223.86
13479.97 265.16 13480.07 223.94
13522.90 265.27 13523.00 224.01
13565.83 265.38 13565.93 224.09
13608.76 265.50 13608.86 224.16
13651.69 265.61 13651.79 224.24
13694.62 265.72 13694.72 224.32
13737.55 265.83 13737.65 224.39
13780.48 265.94 13780.58 224.47
13823.41 266.05 13823.51 224.55
13866.34 266.16 13866.44 224.62
13909.27 266.27 13909.37 224.70
13952.20 266.38 13952.30 224.78
13995.13 266.49 13995.23 224.86
14038.06 266.60 14038.16 224.93
14080.99 266.71 14081.09 225.01
14123.92 266.82 14124.02 225.09
14166.85 266.93 14166.95 225.17
14209.78 267.04 14209.88 225.24
14252.71 267.15 14252.81 225.32
14295.64 267.26 14295.74 225.40
14338.57 267.37 14338.67 225.48
14381.50 267.48 14381.60 225.56
14424.43 267.59 14424.53 225.63
14467.36 267.70 14467.46 225.71
14510.29 267.81 14510.39 225.79
14553.22 267.92 14553.32 225.87
14596.15 268.02 14596.25 225.95
14639.08 268.13 14639.18 226.03
14682.01 268.24 14682.11 226.11
14724.94 268.35 14725.04 226.18
14767.87 268.46 14767.97 226.26
14810.80 268.57 14810.90 226.34
14853.73 268.68 14853.83 226.42
14896.66 268.78 14896.76 226.50
14939.59 268.89 14939.69 226.58
14982.52 269.00 14982.62 226.66
15025.45 269.11 15025.55 226.74
15068.38 269.21 15068.48 226.82
15111.31 269.32 15111.41 226.90
15154.24 269.43 15154.34 226.98
15197.17 269.54 15197.27 227.06
15240.10 269.64 15240.20 227.14
15283.03 269.75 15283.13 227.22
15325.96 269.86 15326.06 227.30
15368.89 269.97 15368.99 227.38
15411.82 270.07 15411.92 227.46
15454.75 270.18 15454.85 227.54
15497.68 270.29 15497.78 227.62
15540.61 270.39 15540.71 227.71
15583.54 270.50 15583.64 227.79
15626.47 270.60 15626.57 227.87
15669.40 270.71 15669.50 227.95
15712.33 270.82 15712.43 228.03
15755.26 270.92 15755.36 228.11
15798.19 271.03 15798.29 228.19
15841.12 271.14 15841.22 228.27
15884.05 271.24 15884.15 228.36
15926.98 271.35 15927.08 228.44
15969.91 271.45 15970.01 228.52
16012.84 271.56 16012.94 228.60
16055.77 271.66 16055.87 228.68
16098.70 271.77 16098.80 228.77
16141.63 271.87 16141.73 228.85
16184.56 271.98 16184.66 228.93
16227.49 272.08 16227.59 229.01
16270.42 272.19 16270.52 229.10
16313.35 272.29 16313.45 229.18
16356.28 272.40 16356.38 229.26
16399.21 272.50 16399.31 229.34
16442.14 272.61 16442.24 229.43
16485.07 272.71 16485.17 229.51
16528.00 272.82 16528.10 229.59
16570.93 272.92 16571.03 229.68
16613.86 273.02 16613.96 229.76
16656.79 273.13 16656.89 229.84
16699.72 273.23 16699.82 229.93
16742.65 273.34 16742.75 230.01
16785.58 273.44 16785.68 230.10
16828.51 273.54 16828.61 230.18
16871.44 273.65 16871.54 230.26
16914.37 273.75 16914.47 230.35
16957.30 273.85 16957.40 230.43
17000.23 273.96 17000.33 230.52
17043.16 274.06 17043.26 230.60
17086.09 274.16 17086.19 230.68
17129.02 274.27 17129.12 230.77
17171.95 274.37 17172.05 230.85
17214.88 274.47 17214.98 230.94
17257.81 274.57 17257.91 231.02
17300.74 274.68 17300.84 231.11
17343.67 274.78 17343.77 231.19
17386.60 274.88 17386.70 231.28
17429.53 274.98 17429.63 231.36
17472.46 275.09 17472.56 231.45
17515.39 275.19 17515.49 231.53
17558.32 275.29 17558.42 231.62
17601.25 275.39 17601.35 231.70
17644.18 275.49 17644.28 231.79
17687.11 275.60 17687.21 231.88
17730.04 275.70 17730.14 231.96
17772.97 275.80 17773.07 232.05
17815.90 275.90 17816.00 232.13
17858.83 276.00 17858.93 232.22
17901.76 276.10 17901.86 232.31
17944.69 276.20 17944.79 232.39
17987.62 276.30 17987.72 232.48
18030.55 276.41 18030.65 232.57
18073.48 276.51 18073.58 232.65
18116.41 276.61 18116.51 232.74
18159.34 276.71 18159.44 232.83
18202.27 276.81 18202.37 232.91
18245.20 276.91 18245.30 233.00
18288.13 277.01 18288.23 233.09
18331.06 277.11 18331.16 233.17
18373.99 277.21 18374.09 233.26
18416.92 277.31 18417.02 233.35
18459.85 277.41 18459.95 233.44
18502.78 277.51 18502.88 233.52
18545.71 277.61 18545.81 233.61
18588.64 277.71 18588.74 233.70
18631.57 277.81 18631.67 233.79
18674.50 277.91 18674.60 233.87
18717.43 278.01 18717.53 233.96
18760.36 278.11 18760.46 234.05
18803.29 278.21 18803.39 234.14
18846.22 278.31 18846.32 234.23
18889.15 278.41 18889.25 234.31
18932.08 278.51 18932.18 234.40
18975.01 278.60 18975.11 234.49
19017.94 278.70 19018.04 234.58
19060.87 278.80 19060.97 234.67
19103.80 278.90 19103.90 234.76
19146.73 279.00 19146.83 234.85
19189.66 279.10 19189.76 234.94
19232.59 279.20 19232.69 235.02
19275.52 279.29 19275.62 235.11
19318.45 279.39 19318.55 235.20
19361.38 279.49 19361.48 235.29
19404.31 279.59 19404.41 235.38
19447.24 279.69 19447.34 235.47
19490.17 279.78 19490.27 235.56
19533.10 279.88 19533.20 235.65
19576.03 279.98 19576.13 235.74
19618.96 280.08 19619.06 235.83
19661.89 280.18 19661.99 235.92
19704.82 280.27 19704.92 236.01
19747.75 280.37 19747.85 236.10
19790.68 280.47 19790.78 236.19
19833.61 280.56 19833.71 236.28
19876.54 280.66 19876.64 236.37
19919.47 280.76 19919.57 236.46
19962.40 280.86 19962.50 236.55
20005.33 280.95 20005.43 236.64
20048.26 281.05 20048.36 236.73
20091.19 281.15 20091.29 236.82
20134.12 281.24 20134.22 236.92
20177.05 281.34 20177.15 237.01
20219.98 281.44 20220.08 237.10
20262.91 281.53 20263.01 237.19
20305.84 281.63 20305.94 237.28
20348.77 281.72 20348.87 237.37
20391.70 281.82 20391.80 237.46
20434.63 281.92 20434.73 237.55
20477.56 282.01 20477.66 237.65
20520.49 282.11 20520.59 237.74
20563.42 282.20 20563.52 237.83
20606.35 282.30 20606.45 237.92
20649.28 282.39 20649.38 238.01
20692.21 282.49 20692.31 238.11
20735.14 282.58 20735.24 238.20
20778.07 282.68 20778.17 238.29
20821.00 282.77 20821.10 238.38
20863.93 282.87 20864.03 238.48
20906.86 282.96 20906.96 238.57
20949.79 283.06 20949.89 238.66
20992.72 283.15 20992.82 238.75
21035.65 283.25 21035.75 238.85
21078.58 283.34 21078.68 238.94
21121.51 283.44 21121.61 239.03
21164.44 283.53 21164.54 239.12
21207.37 283.63 21207.47 239.22
21250.30 283.72 21250.40 239.31
21293.23 283.82 21293.33 239.40
21336.16 283.91 21336.26 239.50
21379.09 284.00 21379.19 239.59
21422.02 284.10 21422.12 239.69
21464.95 284.19 21465.05 239.78
21507.88 284.28 21507.98 239.87
21550.81 284.38 21550.91 239.97
21593.74 284.47 21593.84 240.06
21636.67 284.57 21636.77 240.15
21679.60 284.66 21679.70 240.25
21722.53 284.75 21722.63 240.34
21765.46 284.84 21765.56 240.44
21808.39 284.94 21808.49 240.53
21851.32 285.03 21851.42 240.63
21894.25 285.12 21894.35 240.72
21937.18 285.22 21937.28 240.82
21980.11 285.31 21980.21 240.91
22023.04 285.40 22023.14 241.01
22065.97 285.49 22066.07 241.10
22108.90 285.59 22109.00 241.20
22151.83 285.68 22151.93 241.29
22194.76 285.77 22194.86 241.39
22237.69 285.86 22237.79 241.48
22280.62 285.96 22280.72 241.58
22323.55 286.05 22323.65 241.67
22366.48 286.14 22366.58 241.77
22409.41 286.23 22409.51 241.86
22452.34 286.32 22452.44 241.96
22495.27 286.42 22495.37 242.05
22538.20 286.51 22538.30 242.15
22581.13 286.60 22581.23 242.25
22624.06 286.69 22624.16 242.34
22666.99 286.78 22667.09 242.44
22709.92 286.87 22710.02 242.53
22752.85 286.96 22752.95 242.63
22795.78 287.05 22795.88 242.73
22838.71 287.15 22838.81 242.82
22881.64 287.24 22881.74 242.92
22924.57 287.33 22924.67 243.02
22967.50 287.42 22967.60 243.11
23010.43 287.51 23010.53 243.21
23053.36 287.60 23053.46 243.31
23096.29 287.69 23096.39 243.41
23139.22 287.78 23139.32 243.50
23182.15 287.87 23182.25 243.60
23225.08 287.96 23225.18 243.70
23268.01 288.05 23268.11 243.79
23310.94 288.14 23311.04 243.89
23353.87 288.23 23353.97 243.99
23396.80 288.32 23396.90 244.09
23439.73 288.41 23439.83 244.19
23482.66 288.50 23482.76 244.28
23525.59 288.59 23525.69 244.38
23568.52 288.68 23568.62 244.48
23611.45 288.77 23611.55 244.58
23654.38 288.86 23654.48 244.68
23697.31 288.95 23697.41 244.77
23740.24 289.03 23740.34 244.87
23783.17 289.12 23783.27 244.97
23826.10 289.21 23826.20 245.07
23869.03 289.30 23869.13 245.17
23911.96 289.39 23912.06 245.27
23954.89 289.48 23954.99 245.37
23997.82 289.57 23997.92 245.46
24040.75 289.65 24040.85 245.56
24083.68 289.74 24083.78 245.66
24126.61 289.83 24126.71 245.76
24169.54 289.92 24169.64 245.86
24212.47 290.01 24212.57 245.96
24255.40 290.10 24255.50 246.06
24298.33 290.18 24298.43 246.16
24341.26 290.27 24341.36 246.26
24384.19 290.36 24384.29 246.36
24427.12 290.45 24427.22 246.46
24470.05 290.53 24470.15 246.56
24512.98 290.62 24513.08 246.66
24555.91 290.71 24556.01 246.76
24598.84 290.80 24598.94 246.86
24641.77 290.88 24641.87 246.96
24684.70 290.97 24684.80 247.06
24727.63 291.06 24727.73 247.16
24770.56 291.14 24770.66 247.26
24813.49 291.23 24813.59 247.36
24856.42 291.32 24856.52 247.46
24899.35 291.40 24899.45 247.56
24942.28 291.49 24942.38 247.67
24985.21 291.58 24985.31 247.77
25028.14 291.66 25028.24 247.87
25071.07 291.75 25071.17 247.97
25114.00 291.84 25114.10 248.07
25156.93 291.92 25157.03 248.17
25199.86 292.01 25199.96 248.27
25242.79 292.09 25242.89 248.37
25285.72 292.18 25285.82 248.48
25328.65 292.27 25328.75 248.58
25371.58 292.35 25371.68 248.68
25414.51 292.44 25414.61 248.78
25457.44 292.52 25457.54 248.88
25500.37 292.61 25500.47 248.99
25543.30 292.69 25543.40 249.09
25586.23 292.78 25586.33 249.19
25629.16 292.86 25629.26 249.29
25672.09 292.95 25672.19 249.40
25715.02 293.03 25715.12 249.50
25757.95 293.12 25758.05 249.60
25800.88 293.20 25800.98 249.70
25843.81 293.29 25843.91 249.81
25886.74 293.37 25886.84 249.91
25929.67 293.45 25929.77 250.01
25972.60 293.54 25972.70 250.12
26015.53 293.62 26015.63 250.22
26058.46 293.71 26058.56 250.32
26101.39 293.79 26101.49 250.43
26144.32 293.87 26144.42 250.53
26187.25 293.96 26187.35 250.63
26230.18 294.04 26230.28 250.74
26273.11 294.13 26273.21 250.84
26316.04 294.21 26316.14 250.95
26358.97 294.29 26359.07 251.05
26401.90 294.38 26402.00 251.15
26444.83 294.46 26444.93 251.26
26487.76 294.54 26487.86 251.36
26530.69 294.63 26530.79 251.47
26573.62 294.71 26573.72 251.57
26616.55 294.79 26616.65 251.68
26659.48 294.87 26659.58 251.78
26702.41 294.96 26702.51 251.89
26745.34 295.04 26745.44 251.99
26788.27 295.12 26788.37 252.10
26831.20 295.20 26831.30 252.20
26874.13 295.29 26874.23 252.31
26917.06 295.37 26917.16 252.41
26959.99 295.45 26960.09 252.52
27002.92 295.53 27003.02 252.62
27045.85 295.61 27045.95 252.73
27088.78 295.70 27088.88 252.83
27131.71 295.78 27131.81 252.94
27174.64 295.86 27174.74 253.05
27217.57 295.94 27217.67 253.15
27260.50 296.02 27260.60 253.26
27303.43 296.10 27303.53 253.37
27346.36 296.18 27346.46 253.47
27389.29 296.26 27389.39 253.58
27432.22 296.35 27432.32 253.68
27475.15 296.43 27475.25 253.79
27518.08 296.51 27518.18 253.90
27561.01 296.59 27561.11 254.00
27603.94 296.67 27604.04 254.11
27646.87 296.75 27646.97 254.22
27689.80 296.83 27689.90 254.33
27732.73 296.91 27732.83 254.43
27775.66 296.99 27775.76 254.54
27818.59 297.07 27818.69 254.65
27861.52 297.15 27861.62 254.76
27904.45 297.23 27904.55 254.86
27947.38 297.31 27947.48 254.97
27990.31 297.39 27990.41 255.08
28033.24 297.47 28033.34 255.19
28076.17 297.55 28076.27 255.29
28119.10 297.63 28119.20 255.40
28162.03 297.71 28162.13 255.51
28204.96 297.79 28205.06 255.62
28247.89 297.86 28247.99 255.73
28290.82 297.94 28290.92 255.84
28333.75 298.02 28333.85 255.95
28376.68 298.10 28376.78 256.05
28419.61 298.18 28419.71 256.16
28462.54 298.26 28462.64 256.27
28505.47 298.34 28505.57 256.38
28548.40 298.41 28548.50 256.49
28591.33 298.49 28591.43 256.60
28634.26 298.57 28634.36 256.71
28677.19 298.65 28677.29 256.82
28720.12 298.73 28720.22 256.93
28763.05 298.80 28763.15 257.04
28805.98 298.88 28806.08 257.15
28848.91 298.96 28849.01 257.26
28891.84 299.04 28891.94 257.37
28934.77 299.11 28934.87 257.48
28977.70 299.19 28977.80 257.59
29020.63 299.27 29020.73 257.70
29063.56 299.35 29063.66 257.81
29106.49 299.42 29106.59 257.92
29149.42 299.50 29149.52 258.03
29192.35 299.58 29192.45 258.14
29235.28 299.65 29235.38 258.25
29278.21 299.73 29278.31 258.36
29321.14 299.80 29321.24 258.47
29364.07 299.88 29364.17 258.59
29407.00 299.96 29407.10 258.70
29449.93 300.03 29450.03 258.81
29492.87 300.11 29492.95 258.92
29535.80 300.18 29535.88 259.03
29578.73 300.26 29578.81 259.14
29621.66 300.34 29621.74 259.26
29664.59 300.41 29664.67 259.37
29707.52 300.49 29707.60 259.48
29750.45 300.56 29750.53 259.59
29793.38 300.64 29793.46 259.70
29836.31 300.71 29836.39 259.82
29879.24 300.79 29879.32 259.93
29922.17 300.86 29922.25 260.04
29965.10 300.94 29965.18 260.16
30008.03 301.01 30008.11 260.27
30050.96 301.09 30051.04 260.38
30093.89 301.16 30093.97 260.49
30136.82 301.23 30136.90 260.61
30179.75 301.31 30179.83 260.72
30222.68 301.38 30222.76 260.83
30265.61 301.46 30265.69 260.95
30308.54 301.53 30308.62 261.06
30351.47 301.60 30351.55 261.18
30394.40 301.68 30394.48 261.29
30437.33 301.75 30437.41 261.40
30480.26 301.82 30480.34 261.52
30523.19 301.90 30523.27 261.63
30566.12 301.97 30566.20 261.75
30609.05 302.04 30609.13 261.86
30651.98 302.12 30652.06 261.98
30694.91 302.19 30694.99 262.09
30737.84 302.26 30737.92 262.21
30780.77 302.33 30780.85 262.32
30823.70 302.40 30823.78 262.44
30866.63 302.48 30866.71 262.55
30909.56 302.55 30909.64 262.67
30952.49 302.62 30952.57 262.78
30995.42 302.69 30995.50 262.90
31038.35 302.76 31038.43 263.01
31081.28 302.84 31081.36 263.13
31124.21 302.91 31124.29 263.25
31167.14 302.98 31167.22 263.36
31210.07 303.05 31210.15 263.48
31253.00 303.12 31253.08 263.60
31295.93 303.19 31296.01 263.71
31338.86 303.26 31338.94 263.83
31381.79 303.33 31381.87 263.95
31424.72 303.40 31424.80 264.06
31467.65 303.47 31467.73 264.18
31510.58 303.54 31510.66 264.30
31553.51 303.61 31553.59 264.41
31596.44 303.68 31596.52 264.53
31639.37 303.75 31639.45 264.65
31682.30 303.82 31682.38 264.77
31725.23 303.89 31725.31 264.88
31768.16 303.96 31768.24 265.00
31811.09 304.03 31811.17 265.12
31854.02 304.10 31854.10 265.24
31896.95 304.17 31897.03 265.36
31939.88 304.24 31939.96 265.48
31982.81 304.31 31982.89 265.59
32025.74 304.38 32025.82 265.71
32068.67 304.45 32068.75 265.83
32111.60 304.51 32111.68 265.95
32154.53 304.58 32154.61 266.07
32197.46 304.65 32197.54 266.19
32240.39 304.72 32240.47 266.31
32283.32 304.79 32283.40 266.43
32326.25 304.86 32326.33 266.55
32369.18 304.92 32369.26 266.67
32412.11 304.99 32412.19 266.79
32455.04 305.06 32455.12 266.91
32497.97 305.12 32498.05 267.03
32540.90 305.19 32540.98 267.15
32583.83 305.26 32583.91 267.27
32626.76 305.33 32626.84 267.39
32669.69 305.39 32669.77 267.51
32712.62 305.46 32712.70 267.63
32755.55 305.52 32755.63 267.75
32798.48 305.59 32798.56 267.87
32841.41 305.66 32841.49 268.00
32884.34 305.72 32884.42 268.12
32927.27 305.79 32927.35 268.24
32970.20 305.85 32970.28 268.36
33013.13 305.92 33013.21 268.48
33056.06 305.99 33056.14 268.61
33098.99 306.05 33099.07 268.73
33141.92 306.12 33142.00 268.85
33184.85 306.18 33184.93 268.97
33227.78 306.25 33227.86 269.10
33270.71 306.31 33270.79 269.22
33313.64 306.37 33313.72 269.34
33356.57 306.44 33356.65 269.46
33399.50 306.50 33399.58 269.59
33442.43 306.57 33442.51 269.71
33485.36 306.63 33485.44 269.84
33528.29 306.69 33528.37 269.96
33571.22 306.76 33571.30 270.08
33614.15 306.82 33614.23 270.21
33657.08 306.88 33657.16 270.33
33700.01 306.95 33700.09 270.46
33742.94 307.01 33743.02 270.58
33785.87 307.07 33785.95 270.71
33828.80 307.13 33828.88 270.83
33871.73 307.20 33871.81 270.96
33914.66 307.26 33914.74 271.08
33957.59 307.32 33957.67 271.21
34000.52 307.38 34000.60 271.33
34043.45 307.45 34043.53 271.46
34086.38 307.51 34086.46 271.58
34129.31 307.57 34129.39 271.71
34172.24 307.63 34172.32 271.84
34215.17 307.69 34215.25 271.96
34258.10 307.75 34258.18 272.09
34301.03 307.81 34301.11 272.22
34343.96 307.87 34344.04 272.34
34386.89 307.93 34386.97 272.47
34429.82 307.99 34429.90 272.60
34472.75 308.05 34472.83 272.72
34515.68 308.11 34515.76 272.85
34558.61 308.17 34558.69 272.98
34601.54 308.23 34601.62 273.11
34644.47 308.29 34644.55 273.24
34687.40 308.35 34687.48 273.36
34730.33 308.41 34730.41 273.49
34773.26 308.47 34773.34 273.62
34816.19 308.53 34816.27 273.75
34859.12 308.58 34859.20 273.88
34902.05 308.64 34902.13 274.01
34944.98 308.70 34945.06 274.14
34987.91 308.76 34987.99 274.27
35030.84 308.82 35030.92 274.40
35073.77 308.87 35073.85 274.53
35116.70 308.93 35116.78 274.66
35159.63 308.99 35159.71 274.79
35202.56 309.04 35202.64 274.92
35245.49 309.10 35245.57 275.05
35288.42 309.16 35288.50 275.18
35331.35 309.21 35331.43 275.31
35374.28 309.27 35374.36 275.44
35417.21 309.33 35417.29 275.58
35460.14 309.38 35460.22 275.71
35503.07 309.44 35503.15 275.84
35546.00 309.49 35546.08 275.97
35588.93 309.55 35589.01 276.10
35631.86 309.60 35631.94 276.24
35674.79 309.66 35674.87 276.37
35717.72 309.71 35717.80 276.50
35760.65 309.77 35760.73 276.64
35803.58 309.82 35803.66 276.77
35846.51 309.87 35846.59 276.90
35889.44 309.93 35889.52 277.04
35932.37 309.98 35932.45 277.17
35975.30 310.03 35975.38 277.31
36018.23 310.09 36018.31 277.44
36061.16 310.14 36061.24 277.58
36104.09 310.19 36104.17 277.71
36147.02 310.24 36147.10 277.85
36189.95 310.30 36190.03 277.98
36232.88 310.35 36232.96 278.12
36275.81 310.40 36275.89 278.25
36318.74 310.45 36318.82 278.39
36361.68 310.50 36361.74 278.53
36404.61 310.55 36404.67 278.66
36447.54 310.60 36447.60 278.80
36490.47 310.65 36490.53 278.94
36533.40 310.70 36533.46 279.07
36576.33 310.75 36576.39 279.21
36619.26 310.80 36619.32 279.35
36662.19 310.85 36662.25 279.49
36705.12 310.90 36705.18 279.63
36748.05 310.95 36748.11 279.76
36790.98 311.00 36791.04 279.90
36833.91 311.05 36833.97 280.04
36876.84 311.09 36876.90 280.18
36919.77 311.14 36919.83 280.32
36962.70 311.19 36962.76 280.46
37005.63 311.24 37005.69 280.60
37048.56 311.28 37048.62 280.74
37091.49 311.33 37091.55 280.88
37134.42 311.38 37134.48 281.02
37177.35 311.42 37177.41 281.17
37220.28 311.47 37220.34 281.31
37263.21 311.52 37263.27 281.45
37306.14 311.56 37306.20 281.59
37349.07 311.61 37349.13 281.73
37392.00 311.65 37392.06 281.88
37434.93 311.69 37434.99 282.02
37477.86 311.74 37477.92 282.16
37520.79 311.78 37520.85 282.31
37563.72 311.83 37563.78 282.45
37606.65 311.87 37606.71 282.59
37649.58 311.91 37649.64 282.74
37692.51 311.95 37692.57 282.88
37735.44 312.00 37735.50 283.03
37778.37 312.04 37778.43 283.17
37821.30 312.08 37821.36 283.32
37864.23 312.12 37864.29 283.47
37907.16 312.16 37907.22 283.61
37950.09 312.20 37950.15 283.76
37993.02 312.24 37993.08 283.91
38035.95 312.28 38036.01 284.05
38078.88 312.32 38078.94 284.20
38121.81 312.36 38121.87 284.35
38164.74 312.40 38164.80 284.50
38207.67 312.44 38207.73 284.65
38250.60 312.48 38250.66 284.80
38293.53 312.52 38293.59 284.95
38336.46 312.55 38336.52 285.10
38379.39 312.59 38379.45 285.25
38422.32 312.63 38422.38 285.40
38465.25 312.66 38465.31 285.55
38508.18 312.70 38508.24 285.70
38551.11 312.74 38551.17 285.85
38594.04 312.77 38594.10 286.01
38636.97 312.81 38637.03 286.16
38679.90 312.84 38679.96 286.31
38722.83 312.87 38722.89 286.46
38765.76 312.91 38765.82 286.62
38808.69 312.94 38808.75 286.77
38851.62 312.97 38851.68 286.93
38894.55 313.00 38894.61 287.08
38937.48 313.04 38937.54 287.24
38980.41 313.07 38980.47 287.40
39023.34 313.10 39023.40 287.55
39066.27 313.13 39066.33 287.71
39109.20 313.16 39109.26 287.87
39152.13 313.19 39152.19 288.02
39195.06 313.22 39195.12 288.18
39237.99 313.25 39238.05 288.34
39280.92 313.27 39280.98 288.50
39323.85 313.30 39323.91 288.66
39366.78 313.33 39366.84 288.82
39409.71 313.35 39409.77 288.98
39452.64 313.38 39452.70 289.15
39495.57 313.41 39495.63 289.31
39538.50 313.43 39538.56 289.47
39581.43 313.45 39581.49 289.63
39624.36 313.48 39624.42 289.80
39667.29 313.50 39667.35 289.96
39710.22 313.52 39710.28 290.13
39753.15 313.54 39753.21 290.29
39796.08 313.57 39796.14 290.46
39839.01 313.59 39839.07 290.63
39881.95 313.61 39881.99 290.79
39924.88 313.63 39924.92 290.96
39967.81 313.64 39967.85 291.13
40010.74 313.66 40010.78 291.30
40053.67 313.68 40053.71 291.47
40096.60 313.70 40096.64 291.64
40139.53 313.71 40139.57 291.81
40182.46 313.73 40182.50 291.99
40225.39 313.74 40225.43 292.16
40268.32 313.75 40268.36 292.33
40311.25 313.77 40311.29 292.51
40354.18 313.78 40354.22 292.68
40397.11 313.79 40397.15 292.86
40440.04 313.80 40440.08 293.04
40482.97 313.81 40483.01 293.22
40525.90 313.82 40525.94 293.40
40568.83 313.83 40568.87 293.58
40611.76 313.83 40611.80 293.76
40654.69 313.84 40654.73 293.94
40697.62 313.84 40697.66 294.12
40740.55 313.85 40740.59 294.30
40783.48 313.85 40783.52 294.49
40826.41 313.85 40826.45 294.68
40869.34 313.85 40869.38 294.86
40912.27 313.85 40912.31 295.05
40955.20 313.85 40955.24 295.24
40998.13 313.84 40998.17 295.43
41041.06 313.84 41041.10 295.62
41083.99 313.83 41084.03 295.82
41126.92 313.83 41126.96 296.01
41169.85 313.82 41169.89 296.21
41212.78 313.81 41212.82 296.40
41255.71 313.80 41255.75 296.60
41298.64 313.79 41298.68 296.80
41341.57 313.77 41341.61 297.00
41384.50 313.75 41384.54 297.21
41427.43 313.74 41427.47 297.41
41470.36 313.72 41470.40 297.62
41513.29 313.70 41513.33 297.83
41556.22 313.67 41556.26 298.04
41599.15 313.65 41599.19 298.25
41642.08 313.62 41642.12 298.47
41685.01 313.59 41685.05 298.68
41727.94 313.56 41727.98 298.90
41770.87 313.52 41770.91 299.13
41813.80 313.49 41813.84 299.35
41856.73 313.45 41856.77 299.58
41899.67 313.40 41899.69 299.81
41942.60 313.36 41942.62 300.04
41985.53 313.31 41985.55 300.28
42028.46 313.26 42028.48 300.52
42071.39 313.20 42071.41 300.76
42114.32 313.14 42114.34 301.01
42157.25 313.07 42157.27 301.26
42200.18 313.00 42200.20 301.52
42243.11 312.93 42243.13 301.78
42286.04 312.85 42286.06 302.05
42328.97 312.76 42328.99 302.33
42371.90 312.67 42371.92 302.61
42414.83 312.57 42414.85 302.90
42457.76 312.46 42457.78 303.19
42500.69 312.34 42500.71 303.50
42543.62 312.21 42543.64 303.82
42586.55 312.06 42586.57 304.15
42629.48 311.90 42629.50 304.50
42672.41 311.72 42672.43 304.86
42715.34 311.52 42715.36 305.25
42758.27 311.28 42758.29 305.68
42801.20 311.00 42801.22 306.15
42844.14 310.65 42844.14 306.68
42887.07 310.17 42887.07 307.36
42930.00 308.86 42930.00 308.86
