0.00 208.98
10.00 208.98
20.00 209.06
30.00 209.64
40.00 210.82
50.00 210.82
60.00 209.10
70.00 206.58
80.00 205.81
90.00 204.06
100.00 201.54
110.00 200.47
120.00 198.42
130.00 193.90
140.00 191.53
150.00 187.71
160.00 185.96
170.00 185.19
180.00 182.67
190.00 179.15
200.00 179.15
210.00 172.43
220.00 168.11
230.00 169.15
240.00 168.99
250.00 167.47
260.00 167.31
270.00 164.45
280.00 160.33
290.00 158.61
300.00 158.64
310.00 157.89
320.00 157.77
330.00 157.80
340.00 157.88
350.00 158.13
360.00 158.46
370.00 158.54
380.00 159.12
390.00 159.12
400.00 159.20
410.00 159.28
420.00 159.28
430.00 159.36
440.00 159.44
450.00 159.47
460.00 159.52
470.00 159.59
480.00 159.63
490.00 158.51
500.00 157.95
510.00 155.69
520.00 152.57
530.00 150.55
540.00 149.59
550.00 148.82
560.00 147.60
570.00 146.95
580.00 146.68
590.00 145.46
600.00 143.44
610.00 143.44
620.00 141.22
630.00 137.40
640.00 134.03
650.00 132.48
660.00 127.95
670.00 125.89
680.00 121.77
690.00 120.31
700.00 119.25
710.00 117.53
720.00 116.77
730.00 116.00
740.00 114.78
750.00 112.76
760.00 112.30
770.00 110.84
780.00 108.82
790.00 106.60
800.00 106.60
810.00 104.77
820.00 102.55
830.00 99.49
840.00 97.93
850.00 94.61
860.00 91.84
870.00 93.99
880.00 91.97
890.00 92.00
900.00 92.08
910.00 92.62
920.00 92.36
930.00 91.13
940.00 88.91
950.00 88.91
960.00 87.99
970.00 87.27
980.00 87.80
990.00 86.85
1000.00 86.92
1010.00 88.50
1020.00 88.50
1030.00 90.38
1040.00 92.36
1050.00 92.89
1060.00 93.74
1070.00 93.01
1080.00 93.05
1090.00 93.13
1100.00 93.17
1110.00 93.20
1120.00 95.38
1130.00 95.46
1140.00 95.46
1150.00 95.54
1160.00 93.51
1170.00 93.51
1180.00 93.59
1190.00 95.77
1200.00 95.80
1210.00 95.85
1220.00 95.92
1230.00 94.86
1240.00 94.94
1250.00 94.98
1260.00 95.36
1270.00 95.89
1280.00 95.67
1290.00 95.21
1300.00 95.54
1310.00 95.62
1320.00 95.36
1330.00 95.40
1340.00 96.58
1350.00 96.65
1360.00 96.65
1370.00 96.73
1380.00 96.81
1390.00 94.74
1400.00 94.78
1410.00 94.86
1420.00 94.90
1430.00 94.97
1440.00 97.11
1450.00 97.15
1460.00 97.23
1470.00 97.27
1480.00 95.20
1490.00 95.28
1500.00 97.46
1510.00 97.50
1520.00 97.53
1530.00 97.61
1540.00 97.69
1550.00 97.69
1560.00 97.76
1570.00 97.84
1580.00 97.87
1590.00 96.62
1600.00 96.39
1610.00 95.93
1620.00 96.47
1630.00 97.05
1640.00 96.08
1650.00 96.16
1660.00 96.70
1670.00 98.33
1680.00 96.81
1690.00 96.89
1700.00 96.89
1710.00 96.16
1720.00 94.94
1730.00 94.47
1740.00 92.41
1750.00 89.69
1760.00 87.37
1770.00 87.37
1780.00 85.64
1790.00 83.92
1800.00 83.45
1810.00 81.39
1820.00 79.07
1830.00 78.60
1840.00 76.58
1850.00 75.32
1860.00 74.86
1870.00 73.13
1880.00 71.41
1890.00 71.41
1900.00 69.38
1910.00 67.66
1920.00 67.66
1930.00 66.14
1940.00 64.71
1950.00 64.75
1960.00 63.69
1970.00 62.76
1980.00 62.00
1990.00 59.97
2000.00 59.51
2010.00 58.59
2020.00 58.02
2030.00 56.30
2040.00 54.84
2050.00 54.88
2060.00 52.35
2070.00 50.49
2080.00 50.03
2090.00 48.30
2100.00 48.38
2110.00 48.38
2120.00 48.45
2130.00 48.23
2140.00 48.26
2150.00 48.30
2160.00 48.38
2170.00 48.41
2180.00 48.79
2190.00 48.33
2200.00 48.56
2210.00 48.64
2220.00 48.18
2230.00 48.71
2240.00 48.79
2250.00 49.16
2260.00 48.90
2270.00 49.24
2280.00 49.31
2290.00 51.49
2300.00 51.49
2310.00 51.56
2320.00 51.64
2330.00 51.67
2340.00 51.71
2350.00 49.69
2360.00 49.72
2370.00 49.76
2380.00 51.94
2390.00 51.17
2400.00 52.25
2410.00 53.09
2420.00 53.12
2430.00 53.99
2440.00 55.87
2450.00 55.87
2460.00 58.54
2470.00 62.32
2480.00 64.35
2490.00 67.29
2500.00 75.67
2510.00 84.04
2520.00 84.04
2530.00 89.32
2540.00 93.59
2550.00 94.92
2560.00 96.77
2570.00 97.94
2580.00 97.97
2590.00 99.35
2600.00 100.09
2610.00 102.02
2620.00 105.40
2630.00 108.87
2640.00 108.87
2650.00 113.14
2660.00 116.82
2670.00 116.82
2680.00 118.99
2690.00 121.37
2700.00 123.20
2710.00 123.24
2720.00 125.42
2730.00 126.25
2740.00 127.62
2750.00 128.46
2760.00 129.84
2770.00 130.87
2780.00 132.84
2790.00 133.09
2800.00 134.92
2810.00 137.89
2820.00 139.23
2830.00 140.87
2840.00 143.24
2850.00 145.11
2860.00 145.11
2870.00 148.29
2880.00 151.26
2890.00 152.29
2900.00 152.63
2910.00 154.81
2920.00 154.84
2930.00 154.91
2940.00 154.96
2950.00 152.89
2960.00 153.96
2970.00 155.30
2980.00 155.93
2990.00 158.81
3000.00 161.98
3010.00 163.12
3020.00 163.85
3030.00 165.33
3040.00 165.40
3050.00 165.40
3060.00 165.47
3070.00 165.25
3080.00 165.25
3090.00 166.12
3100.00 166.39
3110.00 167.23
3120.00 166.47
3130.00 166.54
3140.00 166.87
3150.00 167.25
3160.00 167.29
3170.00 167.82
3180.00 167.59
3190.00 167.17
3200.00 167.17
3210.00 166.94
3220.00 167.01
3230.00 167.01
3240.00 166.38
3250.00 166.96
3260.00 168.03
3270.00 168.03
3280.00 168.40
3290.00 169.28
3300.00 170.01
3310.00 169.05
3320.00 168.62
3330.00 169.15
3340.00 165.83
3350.00 165.07
3360.00 165.40
3370.00 163.67
3380.00 162.41
3390.00 163.24
3400.00 162.22
3410.00 161.79
3420.00 161.79
3430.00 161.06
3440.00 160.33
3450.00 161.17
3460.00 160.71
3470.00 161.58
3480.00 162.91
3490.00 163.18
3500.00 163.82
3510.00 164.60
3520.00 165.73
3530.00 165.27
3540.00 165.54
3550.00 166.07
3560.00 166.14
3570.00 165.98
3580.00 166.72
3590.00 167.89
3600.00 168.46
3610.00 168.46
3620.00 169.63
3630.00 171.20
3640.00 173.54
3650.00 173.08
3660.00 173.95
3670.00 176.38
3680.00 174.32
3690.00 174.39
3700.00 175.92
3710.00 176.80
3720.00 177.94
3730.00 177.97
3740.00 178.04
3750.00 178.11
3760.00 178.15
3770.00 176.08
3780.00 158.16
3790.00 114.83
3800.00 114.83
3810.00 100.60
3820.00 91.57
3830.00 91.57
3840.00 81.74
3850.00 72.71
3860.00 71.94
3870.00 64.78
3880.00 59.06
3890.00 59.69
3900.00 53.26
3910.00 45.50
3920.00 43.93
3930.00 39.30
3940.00 35.77
3950.00 35.77
3960.00 32.94
3970.00 30.92
3980.00 30.92
3990.00 30.99
4000.00 29.76
4010.00 28.53
4020.00 28.53
4030.00 28.10
4040.00 28.67
4050.00 30.60
4060.00 27.44
4070.00 23.11
4080.00 23.95
4090.00 17.02
4100.00 8.46
4110.00 8.19
4120.00 3.36
4130.00 1.30
4140.00 1.63
4150.00 0.00
4160.00 0.07
4170.00 0.07
4180.00 0.14
4190.00 0.21
4200.00 0.24
4210.00 0.28
4220.00 0.35
4230.00 0.39
4240.00 0.46
4250.00 0.50
4260.00 0.57
4270.00 0.60
4280.00 0.64
4290.00 0.71
4300.00 0.74
4310.00 0.81
4320.00 0.85
4330.00 0.88
4340.00 0.95
4350.00 1.02
4360.00 1.02
4370.00 1.09
4380.00 1.16
4390.00 1.19
4400.00 1.23
4410.00 1.30
4420.00 1.33
4430.00 1.37
4440.00 1.44
4450.00 1.47
4460.00 1.54
4470.00 1.58
4480.00 1.61
4490.00 1.68
4500.00 1.75
4510.00 1.79
4520.00 1.82
4530.00 1.89
4540.00 1.96
4550.00 1.96
4560.00 2.03
4570.00 2.10
4580.00 2.10
4590.00 2.17
4600.00 2.24
4610.00 2.27
4620.00 2.31
4630.00 2.38
4640.00 2.41
4650.00 2.48
4660.00 2.52
4670.00 2.55
4680.00 2.62
4690.00 2.69
4700.00 2.69
4710.00 2.76
4720.00 2.83
4730.00 2.83
4740.00 2.90
4750.00 2.97
4760.00 3.04
4770.00 3.04
4780.00 3.11
4790.00 3.18
4800.00 3.21
4810.00 3.25
4820.00 3.32
4830.00 3.35
4840.00 3.42
4850.00 3.46
4860.00 3.49
4870.00 3.56
4880.00 3.60
4890.00 3.63
4900.00 3.70
4910.00 3.76
4920.00 3.76
4930.00 3.83
4940.00 3.90
4950.00 3.93
4960.00 3.97
4970.00 4.04
4980.00 4.07
4990.00 4.14
5000.00 4.18
5010.00 4.25
5020.00 4.28
5030.00 4.32
5040.00 4.39
5050.00 4.42
5060.00 4.48
5070.00 4.52
5080.00 4.55
5090.00 4.62
5100.00 4.69
5110.00 4.69
5120.00 4.76
5130.00 4.83
5140.00 4.86
5150.00 4.90
5160.00 4.97
5170.00 5.00
5180.00 5.03
5190.00 5.10
5200.00 5.13
5210.00 5.20
5220.00 5.24
5230.00 5.31
5240.00 5.34
5250.00 5.41
5260.00 5.45
5270.00 5.48
5280.00 5.54
5290.00 5.61
5300.00 5.61
5310.00 5.68
5320.00 5.75
5330.00 5.75
5340.00 5.82
5350.00 5.89
5360.00 5.92
5370.00 5.95
5380.00 6.02
5390.00 6.05
5400.00 6.12
5410.00 6.16
5420.00 6.19
5430.00 6.26
5440.00 6.32
5450.00 6.32
5460.00 6.39
5470.00 6.46
5480.00 6.50
5490.00 6.53
5500.00 6.60
5510.00 6.66
5520.00 6.66
5530.00 6.73
5540.00 6.80
5550.00 6.83
5560.00 6.87
5570.00 6.93
5580.00 6.96
5590.00 7.03
5600.00 7.07
5610.00 7.10
5620.00 7.17
5630.00 7.21
5640.00 7.23
5650.00 7.30
5660.00 7.37
5670.00 7.37
5680.00 7.44
5690.00 7.50
5700.00 7.53
5710.00 7.57
5720.00 7.64
5730.00 7.71
5740.00 7.74
5750.00 7.77
5760.00 7.84
5770.00 7.87
5780.00 7.91
5790.00 7.98
5800.00 8.01
5810.00 8.07
5820.00 8.11
5830.00 8.14
5840.00 8.21
5850.00 8.27
5860.00 8.27
5870.00 8.34
5880.00 8.41
5890.00 8.44
5900.00 8.48
5910.00 8.54
5920.00 8.57
5930.00 8.61
5940.00 8.68
5950.00 8.71
5960.00 8.77
5970.00 8.81
5980.00 8.88
5990.00 8.91
6000.00 8.97
6010.00 9.01
6020.00 9.04
6030.00 9.11
6040.00 9.17
6050.00 9.17
6060.00 9.24
6070.00 9.31
6080.00 9.31
6090.00 9.37
6100.00 9.44
6110.00 9.47
6120.00 9.51
6130.00 9.57
6140.00 9.60
6150.00 9.67
6160.00 9.71
6170.00 9.73
6180.00 9.80
6190.00 9.87
6200.00 9.87
6210.00 9.93
6220.00 10.00
6230.00 10.04
6240.00 10.07
6250.00 10.13
6260.00 10.20
6270.00 10.20
6280.00 10.26
6290.00 10.33
6300.00 10.36
6310.00 10.40
6320.00 10.46
6330.00 10.49
6340.00 10.53
6350.00 10.59
6360.00 10.62
6370.00 10.69
6380.00 10.73
6390.00 10.75
6400.00 10.82
6410.00 10.89
6420.00 10.89
6430.00 10.95
6440.00 11.02
6450.00 11.05
6460.00 11.08
6470.00 11.15
6480.00 11.22
6490.00 11.22
6500.00 11.28
6510.00 11.35
6520.00 11.38
6530.00 11.41
6540.00 11.48
6550.00 11.51
6560.00 11.57
6570.00 11.61
6580.00 11.64
6590.00 11.70
6600.00 11.77
6610.00 11.77
6620.00 11.83
6630.00 11.90
6640.00 11.90
6650.00 11.96
6660.00 12.03
6670.00 12.06
6680.00 12.10
6690.00 12.16
6700.00 12.19
6710.00 12.25
6720.00 12.29
6730.00 12.36
6740.00 12.38
6750.00 12.45
6760.00 12.49
6770.00 12.51
6780.00 12.58
6790.00 12.62
6800.00 12.64
6810.00 12.71
6820.00 12.77
6830.00 12.77
6840.00 12.84
6850.00 12.90
6860.00 12.93
6870.00 12.97
6880.00 13.03
6890.00 13.06
6900.00 13.13
6910.00 13.16
6920.00 13.19
6930.00 13.26
6940.00 13.29
6950.00 13.32
6960.00 13.39
6970.00 13.45
6980.00 13.49
6990.00 13.51
7000.00 13.58
7010.00 13.64
7020.00 13.64
7030.00 13.71
7040.00 13.77
7050.00 13.80
7060.00 13.84
7070.00 13.90
7080.00 13.93
7090.00 13.97
7100.00 14.03
7110.00 14.06
7120.00 14.12
7130.00 14.16
7140.00 14.19
7150.00 14.25
7160.00 14.32
7170.00 14.32
7180.00 14.38
7190.00 14.44
7200.00 14.47
7210.00 14.51
7220.00 14.57
7230.00 14.64
7240.00 14.64
7250.00 14.70
7260.00 14.76
7270.00 14.79
7280.00 14.83
7290.00 14.89
7300.00 14.92
7310.00 14.98
7320.00 15.02
7330.00 15.05
7340.00 15.11
7350.00 15.17
7360.00 15.17
7370.00 15.24
7380.00 15.30
7390.00 15.30
7400.00 15.37
7410.00 15.43
7420.00 15.46
7430.00 15.49
7440.00 15.56
7450.00 15.58
7460.00 15.65
7470.00 15.68
7480.00 15.75
7490.00 15.77
7500.00 15.84
7510.00 15.87
7520.00 15.90
7530.00 15.96
7540.00 16.00
7550.00 16.03
7560.00 16.09
7570.00 16.15
7580.00 16.15
7590.00 16.22
7600.00 16.28
7610.00 16.31
7620.00 16.34
7630.00 16.41
7640.00 16.43
7650.00 16.50
7660.00 16.53
7670.00 16.56
7680.00 16.62
7690.00 16.66
7700.00 16.69
7710.00 16.75
7720.00 16.81
7730.00 16.85
7740.00 16.88
7750.00 16.94
7760.00 17.00
7770.00 17.00
7780.00 17.06
7790.00 17.13
7800.00 17.15
7810.00 17.19
7820.00 17.25
7830.00 17.28
7840.00 17.32
7850.00 17.38
7860.00 17.41
7870.00 17.47
7880.00 17.50
7890.00 17.53
7900.00 17.59
7910.00 17.66
7920.00 17.66
7930.00 17.72
7940.00 17.78
7950.00 17.81
7960.00 17.84
7970.00 17.91
7980.00 17.97
7990.00 17.97
8000.00 18.03
8010.00 18.09
8020.00 18.12
8030.00 18.16
8040.00 18.22
8050.00 18.24
8060.00 18.31
8070.00 18.34
8080.00 18.37
8090.00 18.43
8100.00 18.49
8110.00 18.49
8120.00 18.55
8130.00 18.62
8140.00 18.62
8150.00 18.68
8160.00 18.74
8170.00 18.77
8180.00 18.80
8190.00 18.86
8200.00 18.89
8210.00 18.95
8220.00 18.99
8230.00 19.05
8240.00 19.08
8250.00 19.14
8260.00 19.17
8270.00 19.20
8280.00 19.26
8290.00 19.30
8300.00 19.32
8310.00 19.39
8320.00 19.45
8330.00 19.45
8340.00 19.51
8350.00 19.57
8360.00 19.60
8370.00 19.63
8380.00 19.69
8390.00 19.72
8400.00 19.78
8410.00 19.82
8420.00 19.84
8430.00 19.90
8440.00 19.94
8450.00 19.97
8460.00 20.03
8470.00 20.09
8480.00 20.12
8490.00 20.15
8500.00 20.21
8510.00 20.27
8520.00 20.27
8530.00 20.33
8540.00 20.39
8550.00 20.42
8560.00 20.45
8570.00 20.52
8580.00 20.54
8590.00 20.58
8600.00 20.64
8610.00 20.66
8620.00 20.73
8630.00 20.76
8640.00 20.79
8650.00 20.85
8660.00 20.91
8670.00 20.91
8680.00 20.97
8690.00 21.03
8700.00 21.06
8710.00 21.09
8720.00 21.15
8730.00 21.21
8740.00 21.21
8750.00 21.27
8760.00 21.33
8770.00 21.36
8780.00 21.39
8790.00 21.45
8800.00 21.48
8810.00 21.54
8820.00 21.58
8830.00 21.60
8840.00 21.66
8850.00 21.72
8860.00 21.72
8870.00 21.78
8880.00 21.84
8890.00 21.84
8900.00 21.90
8910.00 21.96
8920.00 21.99
8930.00 22.02
8940.00 22.08
8950.00 22.11
8960.00 22.17
8970.00 22.20
8980.00 22.26
8990.00 22.29
9000.00 22.35
9010.00 22.39
9020.00 22.41
9030.00 22.47
9040.00 22.51
9050.00 22.53
9060.00 22.59
9070.00 22.65
9080.00 22.65
9090.00 22.71
9100.00 22.77
9110.00 22.80
9120.00 22.83
9130.00 22.89
9140.00 22.92
9150.00 22.98
9160.00 23.01
9170.00 23.04
9180.00 23.09
9190.00 23.13
9200.00 23.15
9210.00 23.21
9220.00 23.27
9230.00 23.31
9240.00 23.33
9250.00 23.39
9260.00 23.45
9270.00 23.45
9280.00 23.51
9290.00 23.57
9300.00 23.60
9310.00 23.63
9320.00 23.69
9330.00 23.72
9340.00 23.75
9350.00 23.81
9360.00 23.83
9370.00 23.89
9380.00 23.93
9390.00 23.95
9400.00 24.01
9410.00 24.07
9420.00 24.07
9430.00 24.13
9440.00 24.19
9450.00 24.25
9460.00 24.25
9470.00 24.31
9480.00 24.37
9490.00 24.37
9500.00 24.43
9510.00 24.49
9520.00 24.51
9530.00 24.54
9540.00 24.60
9550.00 24.63
9560.00 24.69
9570.00 24.72
9580.00 24.75
9590.00 24.80
9600.00 24.84
9610.00 24.86
9620.00 24.92
9630.00 24.98
9640.00 24.98
9650.00 25.04
9660.00 25.10
9670.00 25.12
9680.00 25.16
9690.00 25.22
9700.00 25.27
9710.00 25.30
9720.00 25.33
9730.00 25.39
9740.00 25.42
9750.00 25.45
9760.00 25.51
9770.00 25.53
9780.00 25.59
9790.00 25.62
9800.00 25.65
9810.00 25.71
9820.00 25.77
9830.00 25.77
9840.00 25.82
9850.00 25.88
9860.00 25.91
9870.00 25.94
9880.00 26.00
9890.00 26.02
9900.00 26.06
9910.00 26.12
9920.00 26.14
9930.00 26.20
9940.00 26.23
9950.00 26.29
9960.00 26.31
9970.00 26.37
9980.00 26.41
9990.00 26.43
10000.00 26.49
10010.00 26.55
10020.00 26.55
10030.00 26.60
10040.00 26.66
10050.00 26.66
10060.00 26.72
10070.00 26.78
10080.00 26.80
10090.00 26.83
10100.00 26.89
10110.00 26.92
10120.00 26.97
10130.00 27.01
10140.00 27.03
10150.00 27.09
10160.00 27.15
10170.00 27.15
10180.00 27.20
10190.00 27.26
10200.00 27.30
10210.00 27.32
10220.00 27.38
10230.00 27.43
10240.00 27.43
10250.00 27.49
10260.00 27.55
10270.00 27.57
10280.00 27.61
10290.00 27.66
10300.00 27.69
10310.00 27.74
10320.00 27.78
10330.00 27.80
10340.00 27.86
10350.00 27.89
10360.00 27.92
10370.00 27.97
10380.00 28.03
10390.00 28.03
10400.00 28.09
10410.00 28.14
10420.00 28.17
10430.00 28.20
10440.00 28.26
10450.00 28.32
10460.00 28.34
10470.00 28.37
10480.00 28.43
10490.00 28.45
10500.00 28.49
10510.00 28.54
10520.00 28.57
10530.00 28.62
10540.00 28.66
10550.00 28.68
10560.00 28.74
10570.00 28.79
10580.00 28.79
10590.00 28.85
10600.00 28.91
10610.00 28.93
10620.00 28.96
10630.00 29.02
10640.00 29.04
10650.00 29.08
10660.00 29.13
10670.00 29.16
10680.00 29.21
10690.00 29.25
10700.00 29.30
10710.00 29.33
10720.00 29.38
10730.00 29.41
10740.00 29.44
10750.00 29.49
10760.00 29.55
10770.00 29.55
10780.00 29.61
10790.00 29.66
10800.00 29.66
10810.00 29.72
10820.00 29.77
10830.00 29.80
10840.00 29.83
10850.00 29.89
10860.00 29.91
10870.00 29.97
10880.00 30.00
10890.00 30.02
10900.00 30.08
10910.00 30.13
10920.00 30.13
10930.00 30.19
10940.00 30.25
10950.00 30.28
10960.00 30.30
10970.00 30.36
10980.00 30.41
10990.00 30.41
11000.00 30.47
11010.00 30.52
11020.00 30.55
11030.00 30.58
11040.00 30.64
11050.00 30.66
11060.00 30.71
11070.00 30.75
11080.00 30.77
11090.00 30.83
11100.00 30.86
11110.00 30.88
11120.00 30.94
11130.00 30.99
11140.00 30.99
11150.00 31.05
11160.00 31.10
11170.00 31.13
11180.00 31.16
11190.00 31.21
11200.00 31.27
11210.00 31.29
11220.00 31.32
11230.00 31.38
11240.00 31.40
11250.00 31.43
11260.00 31.49
11270.00 31.51
11280.00 31.57
11290.00 31.60
11300.00 31.62
11310.00 31.68
11320.00 31.73
11330.00 31.73
11340.00 31.79
11350.00 31.84
11360.00 31.86
11370.00 31.90
11380.00 31.95
11390.00 31.97
11400.00 32.01
11410.00 32.06
11420.00 32.08
11430.00 32.14
11440.00 32.17
11450.00 32.23
11460.00 32.25
11470.00 32.30
11480.00 32.33
11490.00 32.36
11500.00 32.41
11510.00 32.47
11520.00 32.47
11530.00 32.52
11540.00 32.58
11550.00 32.58
11560.00 32.63
11570.00 32.68
11580.00 32.71
11590.00 32.74
11600.00 32.79
11610.00 32.82
11620.00 32.87
11630.00 32.90
11640.00 32.92
11650.00 32.98
11660.00 33.03
11670.00 33.03
11680.00 33.09
11690.00 33.14
11700.00 33.17
11710.00 33.20
11720.00 33.25
11730.00 33.30
11740.00 33.30
11750.00 33.36
11760.00 33.41
11770.00 33.43
11780.00 33.47
11790.00 33.52
11800.00 33.54
11810.00 33.60
11820.00 33.63
11830.00 33.65
11840.00 33.70
11850.00 33.74
11860.00 33.76
11870.00 33.81
11880.00 33.86
11890.00 33.86
11900.00 33.92
11910.00 33.97
11920.00 33.99
11930.00 34.03
11940.00 34.08
11950.00 34.13
11960.00 34.16
11970.00 34.19
11980.00 34.24
11990.00 34.26
12000.00 34.29
12010.00 34.35
12020.00 34.37
12030.00 34.42
12040.00 34.45
12050.00 34.48
12060.00 34.53
12070.00 34.58
12080.00 34.58
12090.00 34.64
12100.00 34.69
12110.00 34.71
12120.00 34.74
12130.00 34.80
12140.00 34.82
12150.00 34.85
12160.00 34.90
12170.00 34.92
12180.00 34.98
12190.00 35.01
12200.00 35.06
12210.00 35.08
12220.00 35.14
12230.00 35.17
12240.00 35.19
12250.00 35.24
12260.00 35.29
12270.00 35.29
12280.00 35.35
12290.00 35.40
12300.00 35.40
12310.00 35.45
12320.00 35.51
12330.00 35.53
12340.00 35.56
12350.00 35.61
12360.00 35.63
12370.00 35.69
12380.00 35.72
12390.00 35.74
12400.00 35.79
12410.00 35.84
12420.00 35.84
12430.00 35.90
12440.00 35.95
12450.00 35.98
12460.00 36.00
12470.00 36.05
12480.00 36.11
12490.00 36.11
12500.00 36.16
12510.00 36.21
12520.00 36.23
12530.00 36.26
12540.00 36.32
12550.00 36.34
12560.00 36.39
12570.00 36.42
12580.00 36.44
12590.00 36.49
12600.00 36.52
12610.00 36.55
12620.00 36.60
12630.00 36.65
12640.00 36.65
12650.00 36.70
12660.00 36.75
12670.00 36.77
12680.00 36.81
12690.00 36.86
12700.00 36.91
12710.00 36.91
12720.00 36.96
12730.00 37.01
12740.00 37.03
12750.00 37.07
12760.00 37.12
12770.00 37.14
12780.00 37.19
12790.00 37.22
12800.00 37.24
12810.00 37.29
12820.00 37.34
12830.00 37.34
12840.00 37.40
12850.00 37.45
12860.00 37.45
12870.00 37.50
12880.00 37.55
12890.00 37.57
12900.00 37.60
12910.00 37.65
12920.00 37.68
12930.00 37.73
12940.00 37.76
12950.00 37.81
12960.00 37.83
12970.00 37.88
12980.00 37.91
12990.00 37.93
13000.00 37.98
13010.00 38.01
13020.00 38.03
13030.00 38.09
13040.00 38.14
13050.00 38.14
13060.00 38.19
13070.00 38.24
13080.00 38.26
13090.00 38.29
13100.00 38.34
13110.00 38.36
13120.00 38.41
13130.00 38.44
13140.00 38.46
13150.00 38.51
13160.00 38.55
13170.00 38.57
13180.00 38.62
13190.00 38.67
13200.00 38.70
13210.00 38.72
13220.00 38.77
13230.00 38.82
13240.00 38.82
13250.00 38.87
13260.00 38.92
13270.00 38.94
13280.00 38.97
13290.00 39.02
13300.00 39.04
13310.00 39.07
13320.00 39.12
13330.00 39.14
13340.00 39.19
13350.00 39.22
13360.00 39.25
13370.00 39.30
13380.00 39.35
13390.00 39.35
13400.00 39.40
13410.00 39.45
13420.00 39.47
13430.00 39.50
13440.00 39.55
13450.00 39.60
13460.00 39.60
13470.00 39.65
13480.00 39.70
13490.00 39.72
13500.00 39.75
13510.00 39.80
13520.00 39.82
13530.00 39.87
13540.00 39.90
13550.00 39.92
13560.00 39.97
13570.00 40.02
13580.00 40.02
13590.00 40.07
13600.00 40.12
13610.00 40.12
13620.00 40.17
13630.00 40.22
13640.00 40.24
13650.00 40.27
13660.00 40.32
13670.00 40.37
13680.00 40.39
13690.00 40.42
13700.00 40.47
13710.00 40.49
13720.00 40.54
13730.00 40.57
13740.00 40.59
13750.00 40.64
13760.00 40.67
13770.00 40.69
13780.00 40.74
13790.00 40.78
13800.00 40.78
13810.00 40.83
13820.00 40.88
13830.00 40.90
13840.00 40.93
13850.00 40.98
13860.00 41.00
13870.00 41.05
13880.00 41.08
13890.00 41.10
13900.00 41.15
13910.00 41.18
13920.00 41.23
13930.00 41.25
13940.00 41.30
13950.00 41.33
13960.00 41.35
13970.00 41.40
13980.00 41.45
13990.00 41.45
14000.00 41.49
14010.00 41.54
14020.00 41.56
14030.00 41.59
14040.00 41.64
14050.00 41.66
14060.00 41.69
14070.00 41.74
14080.00 41.76
14090.00 41.81
14100.00 41.84
14110.00 41.86
14120.00 41.91
14130.00 41.95
14140.00 41.95
14150.00 42.00
14160.00 42.05
14170.00 42.10
14180.00 42.10
14190.00 42.15
14200.00 42.20
14210.00 42.20
14220.00 42.25
14230.00 42.29
14240.00 42.31
14250.00 42.34
14260.00 42.39
14270.00 42.41
14280.00 42.46
14290.00 42.49
14300.00 42.51
14310.00 42.56
14320.00 42.60
14330.00 42.60
14340.00 42.65
14350.00 42.70
14360.00 42.70
14370.00 42.75
14380.00 42.80
14390.00 42.82
14400.00 42.85
14410.00 42.89
14420.00 42.94
14430.00 42.96
14440.00 42.99
14450.00 43.04
14460.00 43.06
14470.00 43.11
14480.00 43.13
14490.00 43.15
14500.00 43.20
14510.00 43.23
14520.00 43.25
14530.00 43.30
14540.00 43.34
14550.00 43.34
14560.00 43.39
14570.00 43.44
14580.00 43.46
14590.00 43.49
14600.00 43.54
14610.00 43.55
14620.00 43.60
14630.00 43.63
14640.00 43.65
14650.00 43.70
14660.00 43.73
14670.00 43.77
14680.00 43.79
14690.00 43.84
14700.00 43.87
14710.00 43.89
14720.00 43.94
14730.00 43.98
14740.00 43.98
14750.00 44.03
14760.00 44.08
14770.00 44.10
14780.00 44.12
14790.00 44.17
14800.00 44.19
14810.00 44.22
14820.00 44.27
14830.00 44.29
14840.00 44.33
14850.00 44.36
14860.00 44.38
14870.00 44.43
14880.00 44.47
14890.00 44.47
14900.00 44.52
14910.00 44.57
14920.00 44.62
14930.00 44.62
14940.00 44.66
14950.00 44.71
14960.00 44.71
14970.00 44.76
14980.00 44.80
14990.00 44.82
15000.00 44.85
15010.00 44.90
15020.00 44.91
15030.00 44.96
15040.00 44.99
15050.00 45.01
15060.00 45.06
15070.00 45.10
15080.00 45.10
15090.00 45.15
15100.00 45.20
15110.00 45.20
15120.00 45.24
15130.00 45.29
15140.00 45.31
15150.00 45.33
15160.00 45.38
15170.00 45.43
15180.00 45.45
15190.00 45.47
15200.00 45.52
15210.00 45.54
15220.00 45.59
15230.00 45.61
15240.00 45.63
15250.00 45.68
15260.00 45.71
15270.00 45.72
15280.00 45.77
15290.00 45.82
15300.00 45.82
15310.00 45.86
15320.00 45.91
15330.00 45.93
15340.00 45.95
15350.00 46.00
15360.00 46.02
15370.00 46.06
15380.00 46.09
15390.00 46.11
15400.00 46.16
15410.00 46.18
15420.00 46.23
15430.00 46.25
15440.00 46.29
15450.00 46.32
15460.00 46.34
15470.00 46.39
15480.00 46.43
15490.00 46.43
15500.00 46.48
15510.00 46.52
15520.00 46.54
15530.00 46.57
15540.00 46.61
15550.00 46.63
15560.00 46.66
15570.00 46.71
15580.00 46.72
15590.00 46.77
15600.00 46.80
15610.00 46.81
15620.00 46.86
15630.00 46.91
15640.00 46.91
15650.00 46.95
15660.00 47.00
15670.00 47.04
15680.00 47.04
15690.00 47.09
15700.00 47.13
15710.00 47.13
15720.00 47.18
15730.00 47.22
15740.00 47.24
15750.00 47.27
15760.00 47.31
15770.00 47.33
15780.00 47.38
15790.00 47.40
15800.00 47.42
15810.00 47.47
15820.00 47.51
15830.00 47.51
15840.00 47.56
15850.00 47.60
15860.00 47.60
15870.00 47.65
15880.00 47.69
15890.00 47.71
15900.00 47.74
15910.00 47.78
15920.00 47.82
15930.00 47.84
15940.00 47.87
15950.00 47.91
15960.00 47.93
15970.00 47.96
15980.00 48.00
15990.00 48.02
16000.00 48.07
16010.00 48.09
16020.00 48.11
16030.00 48.15
16040.00 48.20
16050.00 48.20
16060.00 48.24
16070.00 48.29
16080.00 48.31
16090.00 48.33
16100.00 48.38
16110.00 48.39
16120.00 48.42
16130.00 48.47
16140.00 48.48
16150.00 48.53
16160.00 48.55
16170.00 48.60
16180.00 48.62
16190.00 48.66
16200.00 48.69
16210.00 48.70
16220.00 48.75
16230.00 48.79
16240.00 48.79
16250.00 48.84
16260.00 48.88
16270.00 48.88
16280.00 48.92
16290.00 48.97
16300.00 48.99
16310.00 49.01
16320.00 49.06
16330.00 49.07
16340.00 49.12
16350.00 49.14
16360.00 49.16
16370.00 49.20
16380.00 49.25
16390.00 49.25
16400.00 49.29
16410.00 49.34
16420.00 49.36
16430.00 49.38
16440.00 49.42
16450.00 49.47
16460.00 49.47
16470.00 49.51
16480.00 49.55
16490.00 49.57
16500.00 49.60
16510.00 49.64
16520.00 49.66
16530.00 49.70
16540.00 49.73
16550.00 49.74
16560.00 49.79
16570.00 49.81
16580.00 49.83
16590.00 49.87
16600.00 49.92
16610.00 49.92
16620.00 49.96
16630.00 50.00
16640.00 50.02
16650.00 50.05
16660.00 50.09
16670.00 50.13
16680.00 50.15
16690.00 50.18
16700.00 50.22
16710.00 50.24
16720.00 50.26
16730.00 50.31
16740.00 50.32
16750.00 50.37
16760.00 50.39
16770.00 50.41
16780.00 50.45
16790.00 50.49
16800.00 50.49
16810.00 50.54
16820.00 50.58
16830.00 50.60
16840.00 50.62
16850.00 50.67
16860.00 50.68
16870.00 50.71
16880.00 50.75
16890.00 50.77
16900.00 50.81
16910.00 50.84
16920.00 50.88
16930.00 50.89
16940.00 50.94
16950.00 50.96
16960.00 50.98
16970.00 51.02
16980.00 51.06
16990.00 51.06
17000.00 51.11
17010.00 51.15
17020.00 51.15
17030.00 51.19
17040.00 51.23
17050.00 51.25
17060.00 51.28
17070.00 51.32
17080.00 51.34
17090.00 51.38
17100.00 51.40
17110.00 51.42
17120.00 51.46
17130.00 51.50
17140.00 51.50
17150.00 51.55
17160.00 51.59
17170.00 51.61
17180.00 51.63
17190.00 51.67
17200.00 51.71
17210.00 51.71
17220.00 51.76
17230.00 51.80
17240.00 51.81
17250.00 51.84
17260.00 51.88
17270.00 51.90
17280.00 51.94
17290.00 51.96
17300.00 51.98
17310.00 52.02
17320.00 52.05
17330.00 52.06
17340.00 52.11
17350.00 52.15
17360.00 52.15
17370.00 52.19
17380.00 52.23
17390.00 52.25
17400.00 52.27
17410.00 52.31
17420.00 52.35
17430.00 52.37
17440.00 52.40
17450.00 52.44
17460.00 52.45
17470.00 52.48
17480.00 52.52
17490.00 52.54
17500.00 52.58
17510.00 52.60
17520.00 52.62
17530.00 52.66
17540.00 52.70
17550.00 52.70
17560.00 52.74
17570.00 52.78
17580.00 52.80
17590.00 52.82
17600.00 52.87
17610.00 52.88
17620.00 52.91
17630.00 52.95
17640.00 52.96
17650.00 53.00
17660.00 53.03
17670.00 53.07
17680.00 53.09
17690.00 53.13
17700.00 53.15
17710.00 53.17
17720.00 53.21
17730.00 53.25
17740.00 53.25
17750.00 53.29
17760.00 53.33
17770.00 53.33
17780.00 53.37
17790.00 53.41
17800.00 53.43
17810.00 53.45
17820.00 53.49
17830.00 53.51
17840.00 53.55
17850.00 53.57
17860.00 53.59
17870.00 53.63
17880.00 53.67
17890.00 53.67
17900.00 53.71
17910.00 53.75
17920.00 53.78
17930.00 53.79
17940.00 53.83
17950.00 53.87
17960.00 53.87
17970.00 53.91
17980.00 53.95
17990.00 53.97
18000.00 53.99
18010.00 54.03
18020.00 54.05
18030.00 54.09
18040.00 54.11
18050.00 54.13
18060.00 54.17
18070.00 54.19
18080.00 54.21
18090.00 54.25
18100.00 54.29
18110.00 54.29
18120.00 54.33
18130.00 54.37
18140.00 54.41
18150.00 54.41
18160.00 54.45
18170.00 54.49
18180.00 54.50
18190.00 54.53
18200.00 54.57
18210.00 54.58
18220.00 54.61
18230.00 54.65
18240.00 54.66
18250.00 54.70
18260.00 54.73
18270.00 54.74
18280.00 54.78
18290.00 54.82
18300.00 54.82
18310.00 54.86
18320.00 54.90
18330.00 54.91
18340.00 54.94
18350.00 54.98
18360.00 54.99
18370.00 55.02
18380.00 55.06
18390.00 55.10
18400.00 55.11
18410.00 55.13
18420.00 55.17
18430.00 55.19
18440.00 55.23
18450.00 55.25
18460.00 55.27
18470.00 55.31
18480.00 55.34
18490.00 55.34
18500.00 55.38
18510.00 55.42
18520.00 55.42
18530.00 55.46
18540.00 55.50
18550.00 55.52
18560.00 55.54
18570.00 55.58
18580.00 55.59
18590.00 55.63
18600.00 55.66
18610.00 55.67
18620.00 55.71
18630.00 55.75
18640.00 55.77
18650.00 55.79
18660.00 55.83
18670.00 55.85
18680.00 55.86
18690.00 55.90
18700.00 55.94
18710.00 55.94
18720.00 55.98
18730.00 56.02
18740.00 56.03
18750.00 56.06
18760.00 56.10
18770.00 56.11
18780.00 56.15
18790.00 56.17
18800.00 56.19
18810.00 56.23
18820.00 56.25
18830.00 56.26
18840.00 56.30
18850.00 56.34
18860.00 56.34
18870.00 56.38
18880.00 56.42
18890.00 56.46
18900.00 56.46
18910.00 56.49
18920.00 56.53
18930.00 56.55
18940.00 56.57
18950.00 56.61
18960.00 56.62
18970.00 56.65
18980.00 56.68
18990.00 56.70
19000.00 56.74
19010.00 56.76
19020.00 56.77
19030.00 56.81
19040.00 56.85
19050.00 56.85
19060.00 56.89
19070.00 56.92
19080.00 56.94
19090.00 56.96
19100.00 57.00
19110.00 57.01
19120.00 57.04
19130.00 57.08
19140.00 57.11
19150.00 57.13
19160.00 57.15
19170.00 57.19
19180.00 57.20
19190.00 57.24
19200.00 57.26
19210.00 57.28
19220.00 57.31
19230.00 57.34
19240.00 57.35
19250.00 57.39
19260.00 57.43
19270.00 57.43
19280.00 57.46
19290.00 57.50
19300.00 57.52
19310.00 57.54
19320.00 57.58
19330.00 57.59
19340.00 57.63
19350.00 57.65
19360.00 57.66
19370.00 57.70
19380.00 57.72
19390.00 57.76
19400.00 57.78
19410.00 57.81
19420.00 57.84
19430.00 57.85
19440.00 57.89
19450.00 57.92
19460.00 57.92
19470.00 57.96
19480.00 58.00
19490.00 58.01
19500.00 58.03
19510.00 58.07
19520.00 58.08
19530.00 58.11
19540.00 58.14
19550.00 58.16
19560.00 58.19
19570.00 58.22
19580.00 58.23
19590.00 58.27
19600.00 58.30
19610.00 58.30
19620.00 58.34
19630.00 58.38
19640.00 58.41
19650.00 58.41
19660.00 58.45
19670.00 58.49
19680.00 58.49
19690.00 58.52
19700.00 58.56
19710.00 58.57
19720.00 58.60
19730.00 58.63
19740.00 58.65
19750.00 58.68
19760.00 58.71
19770.00 58.72
19780.00 58.75
19790.00 58.79
19800.00 58.79
19810.00 58.83
19820.00 58.86
19830.00 58.86
19840.00 58.90
19850.00 58.94
19860.00 58.95
19870.00 58.97
19880.00 59.01
19890.00 59.04
19900.00 59.06
19910.00 59.08
19920.00 59.12
19930.00 59.13
19940.00 59.16
19950.00 59.19
19960.00 59.20
19970.00 59.24
19980.00 59.26
19990.00 59.27
20000.00 59.31
20010.00 59.34
20020.00 59.34
20030.00 59.38
20040.00 59.41
20050.00 59.43
20060.00 59.45
20070.00 59.49
20080.00 59.50
20090.00 59.53
20100.00 59.56
20110.00 59.57
20120.00 59.60
20130.00 59.63
20140.00 59.66
20150.00 59.68
20160.00 59.71
20170.00 59.73
20180.00 59.75
20190.00 59.78
20200.00 59.82
20210.00 59.82
20220.00 59.85
20230.00 59.89
20240.00 59.90
20250.00 59.92
20260.00 59.96
20270.00 59.97
20280.00 59.99
20290.00 60.03
20300.00 60.04
20310.00 60.08
20320.00 60.10
20330.00 60.11
20340.00 60.15
20350.00 60.18
20360.00 60.18
20370.00 60.22
20380.00 60.25
20390.00 60.29
20400.00 60.29
20410.00 60.32
20420.00 60.35
20430.00 60.35
20440.00 60.39
20450.00 60.42
20460.00 60.44
20470.00 60.46
20480.00 60.49
20490.00 60.51
20500.00 60.54
20510.00 60.56
20520.00 60.58
20530.00 60.61
20540.00 60.64
20550.00 60.64
20560.00 60.68
20570.00 60.71
20580.00 60.71
20590.00 60.75
20600.00 60.78
20610.00 60.79
20620.00 60.82
20630.00 60.85
20640.00 60.89
20650.00 60.90
20660.00 60.92
20670.00 60.95
20680.00 60.97
20690.00 61.00
20700.00 61.02
20710.00 61.03
20720.00 61.07
20730.00 61.09
20740.00 61.10
20750.00 61.14
20760.00 61.17
20770.00 61.17
20780.00 61.20
20790.00 61.24
20800.00 61.25
20810.00 61.27
20820.00 61.31
20830.00 61.32
20840.00 61.35
20850.00 61.37
20860.00 61.39
20870.00 61.42
20880.00 61.44
20890.00 61.48
20900.00 61.49
20910.00 61.52
20920.00 61.54
20930.00 61.55
20940.00 61.59
20950.00 61.62
20960.00 61.62
20970.00 61.66
20980.00 61.69
20990.00 61.70
21000.00 61.72
21010.00 61.76
21020.00 61.77
21030.00 61.79
21040.00 61.82
21050.00 61.83
21060.00 61.87
21070.00 61.89
21080.00 61.90
21090.00 61.93
21100.00 61.97
21110.00 61.97
21120.00 62.00
21130.00 62.03
21140.00 62.07
21150.00 62.07
21160.00 62.10
21170.00 62.13
21180.00 62.13
21190.00 62.17
21200.00 62.20
21210.00 62.21
21220.00 62.23
21230.00 62.27
21240.00 62.28
21250.00 62.31
21260.00 62.33
21270.00 62.34
21280.00 62.38
21290.00 62.41
21300.00 62.41
21310.00 62.44
21320.00 62.47
21330.00 62.47
21340.00 62.51
21350.00 62.54
21360.00 62.55
21370.00 62.57
21380.00 62.61
21390.00 62.64
21400.00 62.65
21410.00 62.67
21420.00 62.70
21430.00 62.71
21440.00 62.75
21450.00 62.77
21460.00 62.78
21470.00 62.81
21480.00 62.83
21490.00 62.84
21500.00 62.88
21510.00 62.91
21520.00 62.91
21530.00 62.94
21540.00 62.97
21550.00 62.99
21560.00 63.01
21570.00 63.04
21580.00 63.05
21590.00 63.08
21600.00 63.10
21610.00 63.11
21620.00 63.15
21630.00 63.17
21640.00 63.20
21650.00 63.21
21660.00 63.24
21670.00 63.26
21680.00 63.27
21690.00 63.31
21700.00 63.34
21710.00 63.34
21720.00 63.37
21730.00 63.40
21740.00 63.41
21750.00 63.43
21760.00 63.47
21770.00 63.48
21780.00 63.50
21790.00 63.53
21800.00 63.54
21810.00 63.57
21820.00 63.59
21830.00 63.60
21840.00 63.64
21850.00 63.67
21860.00 63.67
21870.00 63.70
21880.00 63.73
21890.00 63.76
21900.00 63.76
21910.00 63.79
21920.00 63.82
21930.00 63.82
21940.00 63.86
21950.00 63.89
21960.00 63.90
21970.00 63.92
21980.00 63.95
21990.00 63.96
22000.00 63.99
22010.00 64.01
22020.00 64.02
22030.00 64.05
22040.00 64.09
22050.00 64.09
22060.00 64.12
22070.00 64.15
22080.00 64.15
22090.00 64.18
22100.00 64.21
22110.00 64.22
22120.00 64.24
22130.00 64.27
22140.00 64.30
22150.00 64.31
22160.00 64.33
22170.00 64.37
22180.00 64.38
22190.00 64.41
22200.00 64.43
22210.00 64.44
22220.00 64.47
22230.00 64.49
22240.00 64.50
22250.00 64.53
22260.00 64.56
22270.00 64.56
22280.00 64.59
22290.00 64.62
22300.00 64.63
22310.00 64.65
22320.00 64.68
22330.00 64.69
22340.00 64.72
22350.00 64.74
22360.00 64.77
22370.00 64.78
22380.00 64.81
22390.00 64.84
22400.00 64.85
22410.00 64.88
22420.00 64.90
22430.00 64.91
22440.00 64.94
22450.00 64.97
22460.00 64.97
22470.00 65.00
22480.00 65.03
22490.00 65.03
22500.00 65.06
22510.00 65.09
22520.00 65.10
22530.00 65.12
22540.00 65.15
22550.00 65.16
22560.00 65.19
22570.00 65.21
22580.00 65.22
22590.00 65.25
22600.00 65.28
22610.00 65.30
22620.00 65.31
22630.00 65.34
22640.00 65.36
22650.00 65.37
22660.00 65.40
22670.00 65.43
22680.00 65.43
22690.00 65.46
22700.00 65.49
22710.00 65.50
22720.00 65.52
22730.00 65.55
22740.00 65.56
22750.00 65.59
22760.00 65.61
22770.00 65.62
22780.00 65.64
22790.00 65.66
22800.00 65.67
22810.00 65.70
22820.00 65.73
22830.00 65.73
22840.00 65.76
22850.00 65.79
22860.00 65.82
22870.00 65.82
22880.00 65.85
22890.00 65.88
22900.00 65.89
22910.00 65.91
22920.00 65.94
22930.00 65.95
22940.00 65.97
22950.00 66.00
22960.00 66.01
22970.00 66.04
22980.00 66.06
22990.00 66.07
23000.00 66.09
23010.00 66.12
23020.00 66.12
23030.00 66.15
23040.00 66.18
23050.00 66.19
23060.00 66.21
23070.00 66.24
23080.00 66.25
23090.00 66.27
23100.00 66.30
23110.00 66.33
23120.00 66.33
23130.00 66.35
23140.00 66.38
23150.00 66.39
23160.00 66.42
23170.00 66.44
23180.00 66.45
23190.00 66.48
23200.00 66.51
23210.00 66.51
23220.00 66.54
23230.00 66.56
23240.00 66.56
23250.00 66.59
23260.00 66.62
23270.00 66.63
23280.00 66.65
23290.00 66.68
23300.00 66.69
23310.00 66.72
23320.00 66.74
23330.00 66.74
23340.00 66.77
23350.00 66.80
23360.00 66.82
23370.00 66.83
23380.00 66.86
23390.00 66.88
23400.00 66.89
23410.00 66.91
23420.00 66.94
23430.00 66.94
23440.00 66.97
23450.00 67.00
23460.00 67.01
23470.00 67.03
23480.00 67.05
23490.00 67.06
23500.00 67.09
23510.00 67.11
23520.00 67.12
23530.00 67.15
23540.00 67.17
23550.00 67.17
23560.00 67.20
23570.00 67.23
23580.00 67.23
23590.00 67.26
23600.00 67.29
23610.00 67.31
23620.00 67.31
23630.00 67.34
23640.00 67.37
23650.00 67.38
23660.00 67.40
23670.00 67.42
23680.00 67.43
23690.00 67.45
23700.00 67.48
23710.00 67.49
23720.00 67.52
23730.00 67.53
23740.00 67.54
23750.00 67.57
23760.00 67.60
23770.00 67.60
23780.00 67.62
23790.00 67.65
23800.00 67.66
23810.00 67.68
23820.00 67.71
23830.00 67.72
23840.00 67.73
23850.00 67.76
23860.00 67.79
23870.00 67.80
23880.00 67.82
23890.00 67.84
23900.00 67.85
23910.00 67.88
23920.00 67.90
23930.00 67.91
23940.00 67.93
23950.00 67.96
23960.00 67.96
23970.00 67.99
23980.00 68.01
23990.00 68.01
24000.00 68.04
24010.00 68.07
24020.00 68.07
24030.00 68.09
24040.00 68.12
24050.00 68.13
24060.00 68.16
24070.00 68.17
24080.00 68.18
24090.00 68.21
24100.00 68.24
24110.00 68.25
24120.00 68.26
24130.00 68.29
24140.00 68.31
24150.00 68.31
24160.00 68.34
24170.00 68.37
24180.00 68.37
24190.00 68.39
24200.00 68.42
24210.00 68.43
24220.00 68.45
24230.00 68.47
24240.00 68.48
24250.00 68.51
24260.00 68.53
24270.00 68.53
24280.00 68.56
24290.00 68.58
24300.00 68.59
24310.00 68.61
24320.00 68.64
24330.00 68.64
24340.00 68.66
24350.00 68.69
24360.00 68.72
24370.00 68.72
24380.00 68.74
24390.00 68.77
24400.00 68.78
24410.00 68.80
24420.00 68.82
24430.00 68.83
24440.00 68.85
24450.00 68.87
24460.00 68.88
24470.00 68.91
24480.00 68.92
24490.00 68.93
24500.00 68.96
24510.00 68.98
24520.00 68.98
24530.00 69.01
24540.00 69.03
24550.00 69.04
24560.00 69.06
24570.00 69.09
24580.00 69.09
24590.00 69.11
24600.00 69.14
24610.00 69.16
24620.00 69.17
24630.00 69.19
24640.00 69.21
24650.00 69.22
24660.00 69.25
24670.00 69.26
24680.00 69.27
24690.00 69.30
24700.00 69.32
24710.00 69.32
24720.00 69.35
24730.00 69.37
24740.00 69.37
24750.00 69.40
24760.00 69.42
24770.00 69.43
24780.00 69.45
24790.00 69.47
24800.00 69.48
24810.00 69.51
24820.00 69.52
24830.00 69.53
24840.00 69.56
24850.00 69.58
24860.00 69.60
24870.00 69.61
24880.00 69.63
24890.00 69.65
24900.00 69.66
24910.00 69.68
24920.00 69.71
24930.00 69.71
24940.00 69.73
24950.00 69.76
24960.00 69.76
24970.00 69.78
24980.00 69.80
24990.00 69.81
25000.00 69.84
25010.00 69.85
25020.00 69.86
25030.00 69.89
25040.00 69.90
25050.00 69.91
25060.00 69.93
25070.00 69.96
25080.00 69.96
25090.00 69.98
25100.00 70.01
25110.00 70.03
25120.00 70.03
25130.00 70.06
25140.00 70.08
25150.00 70.09
25160.00 70.11
25170.00 70.13
25180.00 70.14
25190.00 70.15
25200.00 70.18
25210.00 70.18
25220.00 70.21
25230.00 70.23
25240.00 70.23
25250.00 70.26
25260.00 70.28
25270.00 70.28
25280.00 70.31
25290.00 70.33
25300.00 70.34
25310.00 70.35
25320.00 70.38
25330.00 70.38
25340.00 70.40
25350.00 70.42
25360.00 70.45
25370.00 70.46
25380.00 70.47
25390.00 70.50
25400.00 70.50
25410.00 70.53
25420.00 70.54
25430.00 70.55
25440.00 70.57
25450.00 70.60
25460.00 70.60
25470.00 70.62
25480.00 70.64
25490.00 70.64
25500.00 70.67
25510.00 70.69
25520.00 70.70
25530.00 70.72
25540.00 70.74
25550.00 70.75
25560.00 70.77
25570.00 70.79
25580.00 70.79
25590.00 70.82
25600.00 70.83
25610.00 70.86
25620.00 70.86
25630.00 70.89
25640.00 70.90
25650.00 70.91
25660.00 70.93
25670.00 70.95
25680.00 70.95
25690.00 70.98
25700.00 71.00
25710.00 71.01
25720.00 71.02
25730.00 71.05
25740.00 71.05
25750.00 71.07
25760.00 71.09
25770.00 71.10
25780.00 71.12
25790.00 71.14
25800.00 71.15
25810.00 71.17
25820.00 71.19
25830.00 71.19
25840.00 71.21
25850.00 71.24
25860.00 71.26
25870.00 71.26
25880.00 71.28
25890.00 71.30
25900.00 71.30
25910.00 71.33
25920.00 71.35
25930.00 71.36
25940.00 71.37
25950.00 71.39
25960.00 71.40
25970.00 71.42
25980.00 71.44
25990.00 71.45
26000.00 71.47
26010.00 71.49
26020.00 71.49
26030.00 71.51
26040.00 71.54
26050.00 71.54
26060.00 71.56
26070.00 71.58
26080.00 71.59
26090.00 71.60
26100.00 71.62
26110.00 71.65
26120.00 71.65
26130.00 71.67
26140.00 71.69
26150.00 71.70
26160.00 71.72
26170.00 71.73
26180.00 71.74
26190.00 71.76
26200.00 71.78
26210.00 71.78
26220.00 71.81
26230.00 71.83
26240.00 71.83
26250.00 71.85
26260.00 71.87
26270.00 71.88
26280.00 71.89
26290.00 71.92
26300.00 71.92
26310.00 71.94
26320.00 71.96
26330.00 71.96
26340.00 71.99
26350.00 72.00
26360.00 72.02
26370.00 72.03
26380.00 72.05
26390.00 72.07
26400.00 72.07
26410.00 72.09
26420.00 72.12
26430.00 72.12
26440.00 72.14
26450.00 72.16
26460.00 72.16
26470.00 72.18
26480.00 72.20
26490.00 72.21
26500.00 72.22
26510.00 72.24
26520.00 72.25
26530.00 72.27
26540.00 72.29
26550.00 72.29
26560.00 72.31
26570.00 72.33
26580.00 72.35
26590.00 72.36
26600.00 72.38
26610.00 72.40
26620.00 72.40
26630.00 72.42
26640.00 72.44
26650.00 72.44
26660.00 72.46
26670.00 72.48
26680.00 72.49
26690.00 72.50
26700.00 72.52
26710.00 72.53
26720.00 72.55
26730.00 72.57
26740.00 72.57
26750.00 72.59
26760.00 72.61
26770.00 72.61
26780.00 72.63
26790.00 72.65
26800.00 72.65
26810.00 72.67
26820.00 72.69
26830.00 72.71
26840.00 72.71
26850.00 72.74
26860.00 72.76
26870.00 72.76
26880.00 72.78
26890.00 72.80
26900.00 72.80
26910.00 72.82
26920.00 72.84
26930.00 72.84
26940.00 72.86
26950.00 72.88
26960.00 72.88
26970.00 72.90
26980.00 72.92
26990.00 72.92
27000.00 72.94
27010.00 72.96
27020.00 72.97
27030.00 72.98
27040.00 73.00
27050.00 73.01
27060.00 73.03
27070.00 73.04
27080.00 73.06
27090.00 73.07
27100.00 73.08
27110.00 73.10
27120.00 73.11
27130.00 73.13
27140.00 73.14
27150.00 73.15
27160.00 73.17
27170.00 73.19
27180.00 73.19
27190.00 73.21
27200.00 73.23
27210.00 73.23
27220.00 73.25
27230.00 73.27
27240.00 73.27
27250.00 73.29
27260.00 73.31
27270.00 73.31
27280.00 73.33
27290.00 73.35
27300.00 73.35
27310.00 73.37
27320.00 73.39
27330.00 73.40
27340.00 73.41
27350.00 73.43
27360.00 73.45
27370.00 73.45
27380.00 73.47
27390.00 73.49
27400.00 73.49
27410.00 73.51
27420.00 73.53
27430.00 73.53
27440.00 73.54
27450.00 73.56
27460.00 73.57
27470.00 73.59
27480.00 73.60
27490.00 73.61
27500.00 73.63
27510.00 73.64
27520.00 73.64
27530.00 73.66
27540.00 73.68
27550.00 73.68
27560.00 73.70
27570.00 73.72
27580.00 73.74
27590.00 73.74
27600.00 73.76
27610.00 73.78
27620.00 73.78
27630.00 73.80
27640.00 73.81
27650.00 73.82
27660.00 73.84
27670.00 73.85
27680.00 73.86
27690.00 73.87
27700.00 73.89
27710.00 73.89
27720.00 73.91
27730.00 73.93
27740.00 73.93
27750.00 73.95
27760.00 73.97
27770.00 73.97
27780.00 73.99
27790.00 74.00
27800.00 74.01
27810.00 74.03
27820.00 74.04
27830.00 74.06
27840.00 74.06
27850.00 74.08
27860.00 74.10
27870.00 74.10
27880.00 74.12
27890.00 74.13
27900.00 74.14
27910.00 74.16
27920.00 74.17
27930.00 74.17
27940.00 74.19
27950.00 74.21
27960.00 74.21
27970.00 74.23
27980.00 74.25
27990.00 74.25
28000.00 74.26
28010.00 74.28
28020.00 74.29
28030.00 74.30
28040.00 74.32
28050.00 74.32
28060.00 74.34
28070.00 74.36
28080.00 74.37
28090.00 74.37
28100.00 74.39
28110.00 74.41
28120.00 74.41
28130.00 74.43
28140.00 74.45
28150.00 74.45
28160.00 74.46
28170.00 74.48
28180.00 74.48
28190.00 74.50
28200.00 74.52
28210.00 74.52
28220.00 74.54
28230.00 74.55
28240.00 74.55
28250.00 74.57
28260.00 74.59
28270.00 74.59
28280.00 74.61
28290.00 74.62
28300.00 74.62
28310.00 74.64
28320.00 74.66
28330.00 74.68
28340.00 74.68
28350.00 74.69
28360.00 74.71
28370.00 74.71
28380.00 74.73
28390.00 74.74
28400.00 74.75
28410.00 74.76
28420.00 74.78
28430.00 74.78
28440.00 74.80
28450.00 74.81
28460.00 74.82
28470.00 74.83
28480.00 74.85
28490.00 74.85
28500.00 74.87
28510.00 74.88
28520.00 74.89
28530.00 74.90
28540.00 74.92
28550.00 74.92
28560.00 74.94
28570.00 74.95
28580.00 74.97
28590.00 74.97
28600.00 74.98
28610.00 75.00
28620.00 75.00
28630.00 75.02
28640.00 75.03
28650.00 75.04
28660.00 75.05
28670.00 75.07
28680.00 75.07
28690.00 75.09
28700.00 75.10
28710.00 75.11
28720.00 75.12
28730.00 75.14
28740.00 75.14
28750.00 75.15
28760.00 75.17
28770.00 75.17
28780.00 75.19
28790.00 75.20
28800.00 75.20
28810.00 75.22
28820.00 75.24
28830.00 75.25
28840.00 75.25
28850.00 75.27
28860.00 75.28
28870.00 75.28
28880.00 75.30
28890.00 75.32
28900.00 75.32
28910.00 75.33
28920.00 75.35
28930.00 75.35
28940.00 75.36
28950.00 75.38
28960.00 75.38
28970.00 75.40
28980.00 75.41
28990.00 75.41
29000.00 75.43
29010.00 75.44
29020.00 75.45
29030.00 75.46
29040.00 75.48
29050.00 75.48
29060.00 75.49
29070.00 75.51
29080.00 75.52
29090.00 75.52
29100.00 75.54
29110.00 75.55
29120.00 75.56
29130.00 75.57
29140.00 75.59
29150.00 75.59
29160.00 75.60
29170.00 75.62
29180.00 75.62
29190.00 75.63
29200.00 75.65
29210.00 75.65
29220.00 75.66
29230.00 75.68
29240.00 75.68
29250.00 75.70
29260.00 75.71
29270.00 75.71
29280.00 75.73
29290.00 75.74
29300.00 75.74
29310.00 75.76
29320.00 75.77
29330.00 75.79
29340.00 75.79
29350.00 75.80
29360.00 75.82
29370.00 75.82
29380.00 75.83
29390.00 75.85
29400.00 75.85
29410.00 75.86
29420.00 75.88
29430.00 75.88
29440.00 75.89
29450.00 75.91
29460.00 75.91
29470.00 75.92
29480.00 75.94
29490.00 75.94
29500.00 75.95
29510.00 75.97
29520.00 75.97
29530.00 75.98
29540.00 75.99
29550.00 76.00
29560.00 76.01
29570.00 76.03
29580.00 76.04
29590.00 76.04
29600.00 76.05
29610.00 76.07
29620.00 76.07
29630.00 76.08
29640.00 76.10
29650.00 76.10
29660.00 76.11
29670.00 76.13
29680.00 76.13
29690.00 76.14
29700.00 76.15
29710.00 76.16
29720.00 76.17
29730.00 76.18
29740.00 76.18
29750.00 76.20
29760.00 76.21
29770.00 76.21
29780.00 76.23
29790.00 76.24
29800.00 76.24
29810.00 76.26
29820.00 76.27
29830.00 76.28
29840.00 76.28
29850.00 76.30
29860.00 76.31
29870.00 76.31
29880.00 76.32
29890.00 76.34
29900.00 76.34
29910.00 76.35
29920.00 76.37
29930.00 76.37
29940.00 76.38
29950.00 76.39
29960.00 76.39
29970.00 76.41
29980.00 76.42
29990.00 76.42
30000.00 76.44
30010.00 76.45
30020.00 76.45
30030.00 76.46
30040.00 76.48
30050.00 76.48
30060.00 76.49
30070.00 76.50
30080.00 76.52
30090.00 76.52
30100.00 76.53
30110.00 76.54
30120.00 76.54
30130.00 76.56
30140.00 76.57
30150.00 76.57
30160.00 76.58
30170.00 76.60
30180.00 76.60
30190.00 76.61
30200.00 76.62
30210.00 76.62
30220.00 76.64
30230.00 76.65
30240.00 76.65
30250.00 76.66
30260.00 76.68
30270.00 76.68
30280.00 76.69
30290.00 76.70
30300.00 76.70
30310.00 76.71
30320.00 76.73
30330.00 76.74
30340.00 76.74
30350.00 76.75
30360.00 76.77
30370.00 76.77
30380.00 76.78
30390.00 76.79
30400.00 76.79
30410.00 76.80
30420.00 76.82
30430.00 76.82
30440.00 76.83
30450.00 76.84
30460.00 76.84
30470.00 76.86
30480.00 76.87
30490.00 76.87
30500.00 76.88
30510.00 76.89
30520.00 76.89
30530.00 76.90
30540.00 76.92
30550.00 76.92
30560.00 76.93
30570.00 76.94
30580.00 76.95
30590.00 76.95
30600.00 76.97
30610.00 76.98
30620.00 76.98
30630.00 76.99
30640.00 77.00
30650.00 77.00
30660.00 77.02
30670.00 77.03
30680.00 77.03
30690.00 77.04
30700.00 77.05
30710.00 77.05
30720.00 77.06
30730.00 77.08
30740.00 77.08
30750.00 77.09
30760.00 77.10
30770.00 77.10
30780.00 77.11
30790.00 77.12
30800.00 77.13
30810.00 77.13
30820.00 77.15
30830.00 77.16
30840.00 77.16
30850.00 77.17
30860.00 77.18
30870.00 77.18
30880.00 77.19
30890.00 77.20
30900.00 77.21
30910.00 77.22
30920.00 77.23
30930.00 77.23
30940.00 77.24
30950.00 77.25
30960.00 77.25
30970.00 77.26
30980.00 77.27
30990.00 77.27
31000.00 77.29
31010.00 77.30
31020.00 77.30
31030.00 77.31
31040.00 77.32
31050.00 77.33
31060.00 77.33
31070.00 77.34
31080.00 77.35
31090.00 77.35
31100.00 77.36
31110.00 77.37
31120.00 77.37
31130.00 77.39
31140.00 77.40
31150.00 77.40
31160.00 77.41
31170.00 77.42
31180.00 77.42
31190.00 77.43
31200.00 77.44
31210.00 77.44
31220.00 77.45
31230.00 77.46
31240.00 77.46
31250.00 77.47
31260.00 77.48
31270.00 77.48
31280.00 77.49
31290.00 77.51
31300.00 77.52
31310.00 77.52
31320.00 77.53
31330.00 77.54
31340.00 77.54
31350.00 77.55
31360.00 77.56
31370.00 77.56
31380.00 77.57
31390.00 77.58
31400.00 77.58
31410.00 77.59
31420.00 77.60
31430.00 77.60
31440.00 77.61
31450.00 77.62
31460.00 77.62
31470.00 77.63
31480.00 77.64
31490.00 77.64
31500.00 77.65
31510.00 77.66
31520.00 77.66
31530.00 77.67
31540.00 77.68
31550.00 77.69
31560.00 77.69
31570.00 77.70
31580.00 77.71
31590.00 77.71
31600.00 77.72
31610.00 77.73
31620.00 77.73
31630.00 77.74
31640.00 77.75
31650.00 77.75
31660.00 77.76
31670.00 77.77
31680.00 77.77
31690.00 77.78
31700.00 77.79
31710.00 77.79
31720.00 77.80
31730.00 77.81
31740.00 77.81
31750.00 77.82
31760.00 77.83
31770.00 77.83
31780.00 77.84
31790.00 77.85
31800.00 77.86
31810.00 77.86
31820.00 77.87
31830.00 77.88
31840.00 77.88
31850.00 77.89
31860.00 77.90
31870.00 77.90
31880.00 77.90
31890.00 77.91
31900.00 77.91
31910.00 77.92
31920.00 77.93
31930.00 77.93
31940.00 77.94
31950.00 77.95
31960.00 77.95
31970.00 77.96
31980.00 77.97
31990.00 77.97
32000.00 77.98
32010.00 77.99
32020.00 77.99
32030.00 78.00
32040.00 78.00
32050.00 78.01
32060.00 78.01
32070.00 78.02
32080.00 78.03
32090.00 78.03
32100.00 78.04
32110.00 78.05
32120.00 78.05
32130.00 78.06
32140.00 78.07
32150.00 78.07
32160.00 78.08
32170.00 78.08
32180.00 78.08
32190.00 78.09
32200.00 78.10
32210.00 78.10
32220.00 78.11
32230.00 78.12
32240.00 78.12
32250.00 78.13
32260.00 78.14
32270.00 78.14
32280.00 78.14
32290.00 78.15
32300.00 78.16
32310.00 78.16
32320.00 78.17
32330.00 78.18
32340.00 78.18
32350.00 78.19
32360.00 78.19
32370.00 78.19
32380.00 78.20
32390.00 78.21
32400.00 78.21
32410.00 78.22
32420.00 78.23
32430.00 78.23
32440.00 78.23
32450.00 78.24
32460.00 78.24
32470.00 78.25
32480.00 78.26
32490.00 78.26
32500.00 78.27
32510.00 78.27
32520.00 78.27
32530.00 78.28
32540.00 78.29
32550.00 78.30
32560.00 78.30
32570.00 78.31
32580.00 78.31
32590.00 78.31
32600.00 78.32
32610.00 78.33
32620.00 78.33
32630.00 78.34
32640.00 78.34
32650.00 78.34
32660.00 78.35
32670.00 78.36
32680.00 78.36
32690.00 78.37
32700.00 78.37
32710.00 78.37
32720.00 78.38
32730.00 78.39
32740.00 78.39
32750.00 78.39
32760.00 78.40
32770.00 78.40
32780.00 78.41
32790.00 78.42
32800.00 78.43
32810.00 78.42
32820.00 78.43
32830.00 78.44
32840.00 78.44
32850.00 78.45
32860.00 78.45
32870.00 78.45
32880.00 78.46
32890.00 78.47
32900.00 78.46
32910.00 78.47
32920.00 78.48
32930.00 78.48
32940.00 78.49
32950.00 78.50
32960.00 78.49
32970.00 78.50
32980.00 78.51
32990.00 78.51
33000.00 78.51
33010.00 78.52
33020.00 78.52
33030.00 78.53
33040.00 78.53
33050.00 78.54
33060.00 78.54
33070.00 78.55
33080.00 78.55
33090.00 78.55
33100.00 78.56
33110.00 78.57
33120.00 78.57
33130.00 78.57
33140.00 78.58
33150.00 78.58
33160.00 78.59
33170.00 78.59
33180.00 78.59
33190.00 78.60
33200.00 78.60
33210.00 78.60
33220.00 78.61
33230.00 78.62
33240.00 78.62
33250.00 78.62
33260.00 78.63
33270.00 78.63
33280.00 78.63
33290.00 78.64
33300.00 78.65
33310.00 78.65
33320.00 78.66
33330.00 78.66
33340.00 78.66
33350.00 78.67
33360.00 78.67
33370.00 78.67
33380.00 78.68
33390.00 78.68
33400.00 78.68
33410.00 78.69
33420.00 78.70
33430.00 78.69
33440.00 78.70
33450.00 78.71
33460.00 78.70
33470.00 78.71
33480.00 78.72
33490.00 78.72
33500.00 78.72
33510.00 78.73
33520.00 78.73
33530.00 78.73
33540.00 78.74
33550.00 78.75
33560.00 78.74
33570.00 78.75
33580.00 78.76
33590.00 78.76
33600.00 78.76
33610.00 78.77
33620.00 78.77
33630.00 78.77
33640.00 78.78
33650.00 78.78
33660.00 78.78
33670.00 78.79
33680.00 78.79
33690.00 78.79
33700.00 78.80
33710.00 78.80
33720.00 78.80
33730.00 78.81
33740.00 78.81
33750.00 78.81
33760.00 78.82
33770.00 78.82
33780.00 78.82
33790.00 78.83
33800.00 78.83
33810.00 78.83
33820.00 78.84
33830.00 78.84
33840.00 78.84
33850.00 78.85
33860.00 78.85
33870.00 78.85
33880.00 78.86
33890.00 78.86
33900.00 78.86
33910.00 78.87
33920.00 78.87
33930.00 78.87
33940.00 78.87
33950.00 78.88
33960.00 78.88
33970.00 78.88
33980.00 78.89
33990.00 78.89
34000.00 78.89
34010.00 78.90
34020.00 78.90
34030.00 78.90
34040.00 78.91
34050.00 78.91
34060.00 78.91
34070.00 78.92
34080.00 78.92
34090.00 78.92
34100.00 78.92
34110.00 78.93
34120.00 78.93
34130.00 78.93
34140.00 78.94
34150.00 78.94
34160.00 78.94
34170.00 78.94
34180.00 78.94
34190.00 78.95
34200.00 78.95
34210.00 78.95
34220.00 78.96
34230.00 78.96
34240.00 78.96
34250.00 78.96
34260.00 78.97
34270.00 78.97
34280.00 78.97
34290.00 78.97
34300.00 78.98
34310.00 78.98
34320.00 78.98
34330.00 78.99
34340.00 78.99
34350.00 78.99
34360.00 78.99
34370.00 78.99
34380.00 79.00
34390.00 79.00
34400.00 79.00
34410.00 79.01
34420.00 79.01
34430.00 79.01
34440.00 79.01
34450.00 79.02
34460.00 79.01
34470.00 79.02
34480.00 79.02
34490.00 79.02
34500.00 79.02
34510.00 79.03
34520.00 79.03
34530.00 79.03
34540.00 79.03
34550.00 79.04
34560.00 79.04
34570.00 79.04
34580.00 79.04
34590.00 79.04
34600.00 79.05
34610.00 79.05
34620.00 79.05
34630.00 79.05
34640.00 79.06
34650.00 79.05
34660.00 79.06
34670.00 79.06
34680.00 79.06
34690.00 79.06
34700.00 79.07
34710.00 79.07
34720.00 79.07
34730.00 79.07
34740.00 79.07
34750.00 79.08
34760.00 79.08
34770.00 79.07
34780.00 79.08
34790.00 79.08
34800.00 79.09
34810.00 79.08
34820.00 79.09
34830.00 79.09
34840.00 79.09
34850.00 79.09
34860.00 79.10
34870.00 79.09
34880.00 79.10
34890.00 79.10
34900.00 79.10
34910.00 79.10
34920.00 79.10
34930.00 79.10
34940.00 79.11
34950.00 79.11
34960.00 79.11
34970.00 79.11
34980.00 79.12
34990.00 79.11
35000.00 79.11
35010.00 79.12
35020.00 79.12
35030.00 79.12
35040.00 79.12
35050.00 79.13
35060.00 79.12
35070.00 79.12
35080.00 79.13
35090.00 79.13
35100.00 79.13
35110.00 79.13
35120.00 79.13
35130.00 79.13
35140.00 79.14
35150.00 79.13
35160.00 79.14
35170.00 79.14
35180.00 79.14
35190.00 79.14
35200.00 79.14
35210.00 79.14
35220.00 79.14
35230.00 79.15
35240.00 79.14
35250.00 79.15
35260.00 79.15
35270.00 79.15
35280.00 79.15
35290.00 79.15
35300.00 79.15
35310.00 79.15
35320.00 79.15
35330.00 79.16
35340.00 79.15
35350.00 79.16
35360.00 79.16
35370.00 79.15
35380.00 79.16
35390.00 79.16
35400.00 79.16
35410.00 79.16
35420.00 79.17
35430.00 79.16
35440.00 79.16
35450.00 79.16
35460.00 79.16
35470.00 79.17
35480.00 79.17
35490.00 79.16
35500.00 79.17
35510.00 79.17
35520.00 79.17
35530.00 79.17
35540.00 79.17
35550.00 79.17
35560.00 79.17
35570.00 79.17
35580.00 79.18
35590.00 79.17
35600.00 79.17
35610.00 79.18
35620.00 79.17
35630.00 79.17
35640.00 79.18
35650.00 79.18
35660.00 79.18
35670.00 79.18
35680.00 79.18
35690.00 79.18
35700.00 79.18
35710.00 79.17
35720.00 79.18
35730.00 79.18
35740.00 79.18
35750.00 79.18
35760.00 79.18
35770.00 79.18
35780.00 79.18
35790.00 79.18
35800.00 79.18
35810.00 79.18
35820.00 79.18
35830.00 79.19
35840.00 79.18
35850.00 79.18
35860.00 79.18
35870.00 79.18
35880.00 79.18
35890.00 79.18
35900.00 79.18
35910.00 79.18
35920.00 79.18
35930.00 79.18
35940.00 79.18
35950.00 79.18
35960.00 79.18
35970.00 79.18
35980.00 79.18
35990.00 79.18
36000.00 79.18
36010.00 79.18
36020.00 79.19
36030.00 79.18
36040.00 79.18
36050.00 79.18
36060.00 79.18
36070.00 79.18
36080.00 79.18
36090.00 79.17
36100.00 79.18
36110.00 79.18
36120.00 79.17
36130.00 79.18
36140.00 79.18
36150.00 79.17
36160.00 79.17
36170.00 79.18
36180.00 79.17
36190.00 79.17
36200.00 79.17
36210.00 79.17
36220.00 79.17
36230.00 79.17
36240.00 79.17
36250.00 79.17
36260.00 79.17
36270.00 79.17
36280.00 79.17
36290.00 79.17
36300.00 79.17
36310.00 79.17
36320.00 79.17
36330.00 79.17
36340.00 79.16
36350.00 79.16
36360.00 79.17
36370.00 79.16
36380.00 79.16
36390.00 79.16
36400.00 79.16
36410.00 79.16
36420.00 79.16
36430.00 79.16
36440.00 79.16
36450.00 79.16
36460.00 79.15
36470.00 79.16
36480.00 79.16
36490.00 79.15
36500.00 79.15
36510.00 79.16
36520.00 79.16
36530.00 79.15
36540.00 79.15
36550.00 79.15
36560.00 79.15
36570.00 79.15
36580.00 79.15
36590.00 79.15
36600.00 79.14
36610.00 79.14
36620.00 79.14
36630.00 79.14
36640.00 79.14
36650.00 79.13
36660.00 79.14
36670.00 79.14
36680.00 79.13
36690.00 79.13
36700.00 79.14
36710.00 79.13
36720.00 79.13
36730.00 79.13
36740.00 79.13
36750.00 79.13
36760.00 79.12
36770.00 79.13
36780.00 79.12
36790.00 79.12
36800.00 79.12
36810.00 79.12
36820.00 79.12
36830.00 79.12
36840.00 79.11
36850.00 79.11
36860.00 79.11
36870.00 79.11
36880.00 79.11
36890.00 79.11
36900.00 79.10
36910.00 79.10
36920.00 79.11
36930.00 79.10
36940.00 79.10
36950.00 79.10
36960.00 79.10
36970.00 79.09
36980.00 79.09
36990.00 79.08
37000.00 79.09
37010.00 79.09
37020.00 79.09
37030.00 79.09
37040.00 79.08
37050.00 79.08
37060.00 79.07
37070.00 79.08
37080.00 79.08
37090.00 79.07
37100.00 79.07
37110.00 79.07
37120.00 79.07
37130.00 79.06
37140.00 79.06
37150.00 79.06
37160.00 79.06
37170.00 79.06
37180.00 79.06
37190.00 79.05
37200.00 79.05
37210.00 79.04
37220.00 79.05
37230.00 79.05
37240.00 79.04
37250.00 79.04
37260.00 79.04
37270.00 79.04
37280.00 79.03
37290.00 79.03
37300.00 79.03
37310.00 79.03
37320.00 79.02
37330.00 79.03
37340.00 79.02
37350.00 79.02
37360.00 79.02
37370.00 79.02
37380.00 79.01
37390.00 79.01
37400.00 79.00
37410.00 79.01
37420.00 79.00
37430.00 79.00
37440.00 78.99
37450.00 79.00
37460.00 78.99
37470.00 78.99
37480.00 78.99
37490.00 78.99
37500.00 78.98
37510.00 78.98
37520.00 78.98
37530.00 78.98
37540.00 78.97
37550.00 78.97
37560.00 78.97
37570.00 78.97
37580.00 78.96
37590.00 78.96
37600.00 78.96
37610.00 78.96
37620.00 78.95
37630.00 78.95
37640.00 78.95
37650.00 78.94
37660.00 78.94
37670.00 78.94
37680.00 78.94
37690.00 78.93
37700.00 78.93
37710.00 78.93
37720.00 78.92
37730.00 78.92
37740.00 78.91
37750.00 78.92
37760.00 78.91
37770.00 78.91
37780.00 78.91
37790.00 78.91
37800.00 78.90
37810.00 78.90
37820.00 78.90
37830.00 78.90
37840.00 78.89
37850.00 78.88
37860.00 78.89
37870.00 78.88
37880.00 78.88
37890.00 78.87
37900.00 78.87
37910.00 78.87
37920.00 78.86
37930.00 78.86
37940.00 78.86
37950.00 78.86
37960.00 78.85
37970.00 78.85
37980.00 78.85
37990.00 78.84
38000.00 78.84
38010.00 78.84
38020.00 78.84
38030.00 78.83
38040.00 78.82
38050.00 78.83
38060.00 78.82
38070.00 78.81
38080.00 78.82
38090.00 78.81
38100.00 78.81
38110.00 78.80
38120.00 78.80
38130.00 78.80
38140.00 78.79
38150.00 78.78
38160.00 78.79
38170.00 78.78
38180.00 78.77
38190.00 78.77
38200.00 78.77
38210.00 78.77
38220.00 78.76
38230.00 78.76
38240.00 78.76
38250.00 78.75
38260.00 78.75
38270.00 78.75
38280.00 78.74
38290.00 78.74
38300.00 78.73
38310.00 78.73
38320.00 78.73
38330.00 78.72
38340.00 78.71
38350.00 78.72
38360.00 78.71
38370.00 78.70
38380.00 78.71
38390.00 78.70
38400.00 78.69
38410.00 78.69
38420.00 78.69
38430.00 78.68
38440.00 78.68
38450.00 78.67
38460.00 78.67
38470.00 78.67
38480.00 78.66
38490.00 78.66
38500.00 78.66
38510.00 78.65
38520.00 78.65
38530.00 78.65
38540.00 78.64
38550.00 78.64
38560.00 78.63
38570.00 78.63
38580.00 78.63
38590.00 78.62
38600.00 78.61
38610.00 78.61
38620.00 78.61
38630.00 78.60
38640.00 78.60
38650.00 78.59
38660.00 78.59
38670.00 78.58
38680.00 78.58
38690.00 78.58
38700.00 78.57
38710.00 78.56
38720.00 78.57
38730.00 78.56
38740.00 78.55
38750.00 78.55
38760.00 78.55
38770.00 78.54
38780.00 78.53
38790.00 78.54
38800.00 78.53
38810.00 78.52
38820.00 78.52
38830.00 78.52
38840.00 78.51
38850.00 78.50
38860.00 78.50
38870.00 78.50
38880.00 78.49
38890.00 78.49
38900.00 78.48
38910.00 78.48
38920.00 78.47
38930.00 78.46
38940.00 78.47
38950.00 78.46
38960.00 78.45
38970.00 78.44
38980.00 78.45
38990.00 78.44
39000.00 78.43
39010.00 78.43
39020.00 78.43
39030.00 78.42
39040.00 78.41
39050.00 78.41
39060.00 78.41
39070.00 78.40
39080.00 78.39
39090.00 78.39
39100.00 78.39
39110.00 78.38
39120.00 78.37
39130.00 78.37
39140.00 78.37
39150.00 78.36
39160.00 78.35
39170.00 78.35
39180.00 78.34
39190.00 78.34
39200.00 78.33
39210.00 78.33
39220.00 78.32
39230.00 78.32
39240.00 78.32
39250.00 78.31
39260.00 78.30
39270.00 78.30
39280.00 78.30
39290.00 78.29
39300.00 78.28
39310.00 78.27
39320.00 78.27
39330.00 78.27
39340.00 78.26
39350.00 78.25
39360.00 78.25
39370.00 78.24
39380.00 78.24
39390.00 78.24
39400.00 78.23
39410.00 78.22
39420.00 78.21
39430.00 78.21
39440.00 78.21
39450.00 78.20
39460.00 78.19
39470.00 78.19
39480.00 78.18
39490.00 78.18
39500.00 78.17
39510.00 78.17
39520.00 78.16
39530.00 78.15
39540.00 78.15
39550.00 78.15
39560.00 78.14
39570.00 78.13
39580.00 78.13
39590.00 78.12
39600.00 78.11
39610.00 78.11
39620.00 78.11
39630.00 78.10
39640.00 78.09
39650.00 78.08
39660.00 78.08
39670.00 78.07
39680.00 78.06
39690.00 78.07
39700.00 78.06
39710.00 78.05
39720.00 78.04
39730.00 78.04
39740.00 78.03
39750.00 78.02
39760.00 78.02
39770.00 78.02
39780.00 78.01
39790.00 78.00
39800.00 77.99
39810.00 77.99
39820.00 77.98
39830.00 77.98
39840.00 77.98
39850.00 77.97
39860.00 77.96
39870.00 77.95
39880.00 77.95
39890.00 77.94
39900.00 77.93
39910.00 77.92
39920.00 77.93
39930.00 77.92
39940.00 77.91
39950.00 77.90
39960.00 77.90
39970.00 77.89
39980.00 77.88
39990.00 77.88
40000.00 77.87
40010.00 77.86
40020.00 77.86
40030.00 77.86
40040.00 77.85
40050.00 77.84
40060.00 77.83
40070.00 77.83
40080.00 77.82
40090.00 77.81
40100.00 77.80
40110.00 77.80
40120.00 77.79
40130.00 77.78
40140.00 77.78
40150.00 77.77
40160.00 77.77
40170.00 77.76
40180.00 77.76
40190.00 77.75
40200.00 77.74
40210.00 77.73
40220.00 77.73
40230.00 77.72
40240.00 77.71
40250.00 77.70
40260.00 77.70
40270.00 77.69
40280.00 77.68
40290.00 77.68
40300.00 77.67
40310.00 77.66
40320.00 77.65
40330.00 77.66
40340.00 77.64
40350.00 77.64
40360.00 77.63
40370.00 77.63
40380.00 77.62
40390.00 77.61
40400.00 77.60
40410.00 77.60
40420.00 77.59
40430.00 77.58
40440.00 77.58
40450.00 77.57
40460.00 77.56
40470.00 77.55
40480.00 77.55
40490.00 77.54
40500.00 77.53
40510.00 77.52
40520.00 77.52
40530.00 77.51
40540.00 77.50
40550.00 77.49
40560.00 77.49
40570.00 77.48
40580.00 77.47
40590.00 77.47
40600.00 77.46
40610.00 77.45
40620.00 77.44
40630.00 77.44
40640.00 77.43
40650.00 77.42
40660.00 77.41
40670.00 77.41
40680.00 77.40
40690.00 77.39
40700.00 77.38
40710.00 77.38
40720.00 77.37
40730.00 77.36
40740.00 77.36
40750.00 77.35
40760.00 77.34
40770.00 77.33
40780.00 77.33
40790.00 77.32
40800.00 77.31
40810.00 77.29
40820.00 77.30
40830.00 77.29
40840.00 77.27
40850.00 77.26
40860.00 77.26
40870.00 77.25
40880.00 77.24
40890.00 77.24
40900.00 77.23
40910.00 77.22
40920.00 77.21
40930.00 77.21
40940.00 77.20
40950.00 77.19
40960.00 77.18
40970.00 77.18
40980.00 77.17
40990.00 77.16
41000.00 77.15
41010.00 77.15
41020.00 77.13
41030.00 77.12
41040.00 77.12
41050.00 77.11
41060.00 77.10
41070.00 77.09
41080.00 77.09
41090.00 77.08
41100.00 77.07
41110.00 77.06
41120.00 77.06
41130.00 77.05
41140.00 77.04
41150.00 77.02
41160.00 77.02
41170.00 77.01
41180.00 77.00
41190.00 77.00
41200.00 76.99
41210.00 76.98
41220.00 76.97
41230.00 76.97
41240.00 76.96
41250.00 76.94
41260.00 76.93
41270.00 76.93
41280.00 76.92
41290.00 76.91
41300.00 76.90
41310.00 76.90
41320.00 76.89
41330.00 76.88
41340.00 76.88
41350.00 76.86
41360.00 76.85
41370.00 76.84
41380.00 76.84
41390.00 76.83
41400.00 76.82
41410.00 76.81
41420.00 76.81
41430.00 76.79
41440.00 76.78
41450.00 76.77
41460.00 76.77
41470.00 76.76
41480.00 76.75
41490.00 76.75
41500.00 76.73
41510.00 76.72
41520.00 76.71
41530.00 76.71
41540.00 76.70
41550.00 76.69
41560.00 76.67
41570.00 76.67
41580.00 76.66
41590.00 76.65
41600.00 76.64
41610.00 76.64
41620.00 76.63
41630.00 76.61
41640.00 76.61
41650.00 76.60
41660.00 76.59
41670.00 76.58
41680.00 76.58
41690.00 76.56
41700.00 76.55
41710.00 76.54
41720.00 76.54
41730.00 76.53
41740.00 76.51
41750.00 76.51
41760.00 76.50
41770.00 76.49
41780.00 76.48
41790.00 76.48
41800.00 76.46
41810.00 76.45
41820.00 76.44
41830.00 76.44
41840.00 76.43
41850.00 76.41
41860.00 76.40
41870.00 76.40
41880.00 76.39
41890.00 76.38
41900.00 76.38
41910.00 76.36
41920.00 76.35
41930.00 76.34
41940.00 76.34
41950.00 76.32
41960.00 76.31
41970.00 76.30
41980.00 76.30
41990.00 76.28
42000.00 76.27
42010.00 76.26
42020.00 76.26
42030.00 76.25
42040.00 76.23
42050.00 76.23
42060.00 76.22
42070.00 76.21
42080.00 76.19
42090.00 76.19
42100.00 76.18
42110.00 76.17
42120.00 76.15
42130.00 76.15
42140.00 76.14
42150.00 76.13
42160.00 76.11
42170.00 76.11
42180.00 76.10
42190.00 76.09
42200.00 76.09
42210.00 76.07
42220.00 76.06
42230.00 76.05
42240.00 76.05
42250.00 76.03
42260.00 76.02
42270.00 76.01
42280.00 76.01
42290.00 75.99
42300.00 75.98
42310.00 75.96
42320.00 75.96
42330.00 75.95
42340.00 75.94
42350.00 75.94
42360.00 75.92
42370.00 75.91
42380.00 75.90
42390.00 75.89
42400.00 75.88
42410.00 75.87
42420.00 75.85
42430.00 75.85
42440.00 75.84
42450.00 75.83
42460.00 75.81
42470.00 75.81
42480.00 75.80
42490.00 75.78
42500.00 75.78
42510.00 75.77
42520.00 75.75
42530.00 75.74
42540.00 75.74
42550.00 75.73
42560.00 75.71
42570.00 75.70
42580.00 75.70
42590.00 75.68
42600.00 75.67
42610.00 75.66
42620.00 75.66
42630.00 75.64
42640.00 75.63
42650.00 75.63
42660.00 75.61
42670.00 75.60
42680.00 75.58
42690.00 75.58
42700.00 75.57
42710.00 75.56
42720.00 75.54
42730.00 75.54
42740.00 75.52
42750.00 75.51
42760.00 75.50
42770.00 75.49
42780.00 75.48
42790.00 75.47
42800.00 75.47
42810.00 75.45
42820.00 75.44
42830.00 75.42
42840.00 75.42
42850.00 75.41
42860.00 75.39
42870.00 75.38
42880.00 75.38
42890.00 75.36
42900.00 75.35
42910.00 75.33
42920.00 75.33
42930.00 75.32
42940.00 75.30
42950.00 75.30
42960.00 75.29
42970.00 75.27
42980.00 75.26
42990.00 75.26
43000.00 75.24
43010.00 75.23
43020.00 75.21
43030.00 75.21
43040.00 75.20
43050.00 75.18
43060.00 75.17
43070.00 75.17
43080.00 75.15
43090.00 75.14
43100.00 75.13
43110.00 75.12
43120.00 75.11
43130.00 75.09
43140.00 75.09
43150.00 75.07
43160.00 75.06
43170.00 75.04
43180.00 75.04
43190.00 75.03
43200.00 75.01
43210.00 75.00
43220.00 75.00
43230.00 74.98
43240.00 74.96
43250.00 74.96
43260.00 74.95
43270.00 74.93
43280.00 74.92
43290.00 74.92
43300.00 74.90
43310.00 74.89
43320.00 74.87
43330.00 74.87
43340.00 74.85
43350.00 74.84
43360.00 74.82
43370.00 74.82
43380.00 74.81
43390.00 74.79
43400.00 74.79
43410.00 74.77
43420.00 74.76
43430.00 74.74
43440.00 74.74
43450.00 74.73
43460.00 74.71
43470.00 74.69
43480.00 74.69
43490.00 74.68
43500.00 74.66
43510.00 74.65
43520.00 74.64
43530.00 74.63
43540.00 74.61
43550.00 74.61
43560.00 74.60
43570.00 74.58
43580.00 74.56
43590.00 74.56
43600.00 74.55
43610.00 74.53
43620.00 74.52
43630.00 74.51
43640.00 74.50
43650.00 74.48
43660.00 74.47
43670.00 74.46
43680.00 74.45
43690.00 74.43
43700.00 74.43
43710.00 74.41
43720.00 74.40
43730.00 74.38
43740.00 74.38
43750.00 74.36
43760.00 74.35
43770.00 74.33
43780.00 74.33
43790.00 74.31
43800.00 74.30
43810.00 74.28
43820.00 74.28
43830.00 74.26
43840.00 74.25
43850.00 74.24
43860.00 74.23
43870.00 74.21
43880.00 74.20
43890.00 74.19
43900.00 74.18
43910.00 74.16
43920.00 74.14
43930.00 74.14
43940.00 74.13
43950.00 74.11
43960.00 74.09
43970.00 74.09
43980.00 74.07
43990.00 74.06
44000.00 74.06
44010.00 74.04
44020.00 74.02
44030.00 74.01
44040.00 74.00
44050.00 73.99
44060.00 73.97
44070.00 73.95
44080.00 73.95
44090.00 73.94
44100.00 73.92
44110.00 73.90
44120.00 73.90
44130.00 73.88
44140.00 73.87
44150.00 73.87
44160.00 73.85
44170.00 73.83
44180.00 73.81
44190.00 73.81
44200.00 73.79
44210.00 73.78
44220.00 73.76
44230.00 73.76
44240.00 73.74
44250.00 73.72
44260.00 73.71
44270.00 73.70
44280.00 73.69
44290.00 73.67
44300.00 73.67
44310.00 73.65
44320.00 73.63
44330.00 73.62
44340.00 73.62
44350.00 73.60
44360.00 73.58
44370.00 73.56
44380.00 73.56
44390.00 73.54
44400.00 73.53
44410.00 73.51
44420.00 73.51
44430.00 73.49
44440.00 73.47
44450.00 73.47
44460.00 73.45
44470.00 73.43
44480.00 73.42
44490.00 73.41
44500.00 73.40
44510.00 73.38
44520.00 73.36
44530.00 73.36
44540.00 73.34
44550.00 73.32
44560.00 73.31
44570.00 73.30
44580.00 73.29
44590.00 73.27
44600.00 73.27
44610.00 73.25
44620.00 73.23
44630.00 73.21
44640.00 73.21
44650.00 73.19
44660.00 73.18
44670.00 73.16
44680.00 73.16
44690.00 73.14
44700.00 73.12
44710.00 73.10
44720.00 73.10
44730.00 73.08
44740.00 73.06
44750.00 73.06
44760.00 73.04
44770.00 73.02
44780.00 73.01
44790.00 73.00
44800.00 72.98
44810.00 72.97
44820.00 72.95
44830.00 72.95
44840.00 72.93
44850.00 72.91
44860.00 72.91
44870.00 72.89
44880.00 72.87
44890.00 72.85
44900.00 72.85
44910.00 72.83
44920.00 72.81
44930.00 72.80
44940.00 72.79
44950.00 72.77
44960.00 72.75
44970.00 72.74
44980.00 72.73
44990.00 72.71
45000.00 72.70
45010.00 72.69
45020.00 72.68
45030.00 72.66
45040.00 72.64
45050.00 72.64
45060.00 72.62
45070.00 72.60
45080.00 72.58
45090.00 72.58
45100.00 72.56
45110.00 72.54
45120.00 72.52
45130.00 72.52
45140.00 72.50
45150.00 72.48
45160.00 72.48
45170.00 72.46
45180.00 72.44
45190.00 72.42
45200.00 72.42
45210.00 72.40
45220.00 72.38
45230.00 72.36
45240.00 72.36
45250.00 72.34
45260.00 72.32
45270.00 72.30
45280.00 72.30
45290.00 72.28
45300.00 72.26
45310.00 72.26
45320.00 72.24
45330.00 72.22
45340.00 72.20
45350.00 72.20
45360.00 72.18
45370.00 72.16
45380.00 72.14
45390.00 72.14
45400.00 72.12
45410.00 72.10
45420.00 72.08
45430.00 72.08
45440.00 72.06
45450.00 72.04
45460.00 72.03
45470.00 72.02
45480.00 72.00
45490.00 71.98
45500.00 71.98
45510.00 71.96
45520.00 71.94
45530.00 71.92
45540.00 71.91
45550.00 71.89
45560.00 71.88
45570.00 71.86
45580.00 71.85
45590.00 71.83
45600.00 71.81
45610.00 71.81
45620.00 71.79
45630.00 71.77
45640.00 71.75
45650.00 71.75
45660.00 71.73
45670.00 71.71
45680.00 71.69
45690.00 71.69
45700.00 71.67
45710.00 71.64
45720.00 71.63
45730.00 71.62
45740.00 71.60
45750.00 71.58
45760.00 71.58
45770.00 71.56
45780.00 71.54
45790.00 71.52
45800.00 71.52
45810.00 71.50
45820.00 71.48
45830.00 71.46
45840.00 71.46
45850.00 71.43
45860.00 71.41
45870.00 71.40
45880.00 71.39
45890.00 71.37
45900.00 71.35
45910.00 71.35
45920.00 71.33
45930.00 71.31
45940.00 71.29
45950.00 71.28
45960.00 71.26
45970.00 71.24
45980.00 71.22
45990.00 71.22
46000.00 71.20
46010.00 71.18
46020.00 71.16
46030.00 71.16
46040.00 71.13
46050.00 71.11
46060.00 71.11
46070.00 71.09
46080.00 71.07
46090.00 71.05
46100.00 71.05
46110.00 71.02
46120.00 71.01
46130.00 70.98
46140.00 70.98
46150.00 70.96
46160.00 70.94
46170.00 70.92
46180.00 70.92
46190.00 70.89
46200.00 70.87
46210.00 70.87
46220.00 70.85
46230.00 70.83
46240.00 70.80
46250.00 70.80
46260.00 70.78
46270.00 70.76
46280.00 70.74
46290.00 70.74
46300.00 70.71
46310.00 70.70
46320.00 70.67
46330.00 70.67
46340.00 70.65
46350.00 70.63
46360.00 70.62
46370.00 70.61
46380.00 70.58
46390.00 70.56
46400.00 70.56
46410.00 70.54
46420.00 70.51
46430.00 70.50
46440.00 70.49
46450.00 70.47
46460.00 70.45
46470.00 70.43
46480.00 70.42
46490.00 70.40
46500.00 70.38
46510.00 70.38
46520.00 70.35
46530.00 70.34
46540.00 70.31
46550.00 70.31
46560.00 70.29
46570.00 70.27
46580.00 70.24
46590.00 70.24
46600.00 70.22
46610.00 70.20
46620.00 70.18
46630.00 70.17
46640.00 70.15
46650.00 70.13
46660.00 70.13
46670.00 70.10
46680.00 70.09
46690.00 70.06
46700.00 70.06
46710.00 70.03
46720.00 70.02
46730.00 69.99
46740.00 69.99
46750.00 69.97
46760.00 69.94
46770.00 69.92
46780.00 69.92
46790.00 69.90
46800.00 69.87
46810.00 69.87
46820.00 69.85
46830.00 69.83
46840.00 69.81
46850.00 69.80
46860.00 69.78
46870.00 69.76
46880.00 69.74
46890.00 69.73
46900.00 69.71
46910.00 69.69
46920.00 69.66
46930.00 69.66
46940.00 69.64
46950.00 69.62
46960.00 69.61
46970.00 69.59
46980.00 69.57
46990.00 69.54
47000.00 69.54
47010.00 69.52
47020.00 69.50
47030.00 69.48
47040.00 69.47
47050.00 69.45
47060.00 69.43
47070.00 69.40
47080.00 69.40
47090.00 69.38
47100.00 69.36
47110.00 69.35
47120.00 69.33
47130.00 69.31
47140.00 69.28
47150.00 69.28
47160.00 69.26
47170.00 69.23
47180.00 69.21
47190.00 69.21
47200.00 69.18
47210.00 69.16
47220.00 69.14
47230.00 69.13
47240.00 69.11
47250.00 69.09
47260.00 69.09
47270.00 69.06
47280.00 69.04
47290.00 69.02
47300.00 69.01
47310.00 68.99
47320.00 68.97
47330.00 68.94
47340.00 68.94
47350.00 68.92
47360.00 68.89
47370.00 68.87
47380.00 68.87
47390.00 68.84
47400.00 68.82
47410.00 68.82
47420.00 68.79
47430.00 68.77
47440.00 68.75
47450.00 68.74
47460.00 68.72
47470.00 68.70
47480.00 68.67
47490.00 68.67
47500.00 68.65
47510.00 68.62
47520.00 68.60
47530.00 68.60
47540.00 68.57
47550.00 68.55
47560.00 68.55
47570.00 68.52
47580.00 68.50
47590.00 68.48
47600.00 68.47
47610.00 68.44
47620.00 68.43
47630.00 68.40
47640.00 68.39
47650.00 68.37
47660.00 68.35
47670.00 68.32
47680.00 68.32
47690.00 68.30
47700.00 68.27
47710.00 68.27
47720.00 68.25
47730.00 68.22
47740.00 68.19
47750.00 68.19
47760.00 68.17
47770.00 68.14
47780.00 68.12
47790.00 68.12
47800.00 68.09
47810.00 68.07
47820.00 68.05
47830.00 68.04
47840.00 68.02
47850.00 67.99
47860.00 67.99
47870.00 67.97
47880.00 67.94
47890.00 67.92
47900.00 67.92
47910.00 67.89
47920.00 67.86
47930.00 67.84
47940.00 67.84
47950.00 67.81
47960.00 67.78
47970.00 67.77
47980.00 67.76
47990.00 67.73
48000.00 67.71
48010.00 67.71
48020.00 67.68
48030.00 67.66
48040.00 67.63
48050.00 67.63
48060.00 67.61
48070.00 67.58
48080.00 67.55
48090.00 67.55
48100.00 67.53
48110.00 67.50
48120.00 67.50
48130.00 67.47
48140.00 67.45
48150.00 67.43
48160.00 67.42
48170.00 67.39
48180.00 67.37
48190.00 67.35
48200.00 67.34
48210.00 67.31
48220.00 67.29
48230.00 67.27
48240.00 67.26
48250.00 67.24
48260.00 67.21
48270.00 67.21
48280.00 67.19
48290.00 67.16
48300.00 67.13
48310.00 67.13
48320.00 67.10
48330.00 67.08
48340.00 67.06
48350.00 67.05
48360.00 67.02
48370.00 67.00
48380.00 66.98
48390.00 66.97
48400.00 66.95
48410.00 66.92
48420.00 66.91
48430.00 66.89
48440.00 66.87
48450.00 66.84
48460.00 66.83
48470.00 66.81
48480.00 66.79
48490.00 66.76
48500.00 66.76
48510.00 66.73
48520.00 66.70
48530.00 66.68
48540.00 66.68
48550.00 66.65
48560.00 66.63
48570.00 66.62
48580.00 66.59
48590.00 66.57
48600.00 66.54
48610.00 66.54
48620.00 66.52
48630.00 66.49
48640.00 66.46
48650.00 66.46
48660.00 66.43
48670.00 66.41
48680.00 66.38
48690.00 66.38
48700.00 66.35
48710.00 66.32
48720.00 66.32
48730.00 66.29
48740.00 66.27
48750.00 66.25
48760.00 66.24
48770.00 66.21
48780.00 66.19
48790.00 66.16
48800.00 66.15
48810.00 66.13
48820.00 66.10
48830.00 66.08
48840.00 66.08
48850.00 66.05
48860.00 66.02
48870.00 66.02
48880.00 65.99
48890.00 65.96
48900.00 65.94
48910.00 65.94
48920.00 65.91
48930.00 65.88
48940.00 65.86
48950.00 65.85
48960.00 65.82
48970.00 65.80
48980.00 65.77
48990.00 65.76
49000.00 65.74
49010.00 65.72
49020.00 65.71
49030.00 65.69
49040.00 65.66
49050.00 65.63
49060.00 65.63
49070.00 65.60
49080.00 65.57
49090.00 65.55
49100.00 65.54
49110.00 65.51
49120.00 65.49
49130.00 65.46
49140.00 65.46
49150.00 65.44
49160.00 65.41
49170.00 65.40
49180.00 65.37
49190.00 65.35
49200.00 65.32
49210.00 65.31
49220.00 65.29
49230.00 65.26
49240.00 65.23
49250.00 65.23
49260.00 65.20
49270.00 65.17
49280.00 65.15
49290.00 65.14
49300.00 65.12
49310.00 65.09
49320.00 65.09
49330.00 65.06
49340.00 65.04
49350.00 65.01
49360.00 65.00
49370.00 65.18
49380.00 65.55
49390.00 66.62
49400.00 66.62
49410.00 66.59
49420.00 65.86
49430.00 67.23
49440.00 67.23
49450.00 69.00
49460.00 70.37
49470.00 70.37
49480.00 71.44
49490.00 72.91
49500.00 73.59
49510.00 73.88
49520.00 75.65
49530.00 75.63
49540.00 74.60
49550.00 74.59
49560.00 74.87
49570.00 78.14
49580.00 78.11
49590.00 78.11
49600.00 78.38
49610.00 78.35
49620.00 78.35
49630.00 78.32
49640.00 78.69
49650.00 78.97
49660.00 78.96
49670.00 79.33
49680.00 78.60
49690.00 78.58
49700.00 78.57
49710.00 78.54
49720.00 78.52
49730.00 78.49
49740.00 78.48
49750.00 78.46
49760.00 78.73
49770.00 78.72
49780.00 78.40
49790.00 79.07
49800.00 79.04
49810.00 79.04
49820.00 79.01
49830.00 79.68
49840.00 80.06
49850.00 80.75
49860.00 81.82
49870.00 82.09
49880.00 83.16
49890.00 83.15
49900.00 83.83
49910.00 84.20
49920.00 84.59
49930.00 85.56
49940.00 85.94
49950.00 85.51
49960.00 85.50
49970.00 85.48
49980.00 85.85
49990.00 86.22
50000.00 86.22
50010.00 85.79
50020.00 85.76
50030.00 86.13
50040.00 86.13
50050.00 86.39
50060.00 86.77
50070.00 86.76
50080.00 86.73
50090.00 87.01
50100.00 87.78
50110.00 88.07
50120.00 88.75
50130.00 89.52
50140.00 90.19
50150.00 90.19
50160.00 91.96
50170.00 92.22
50180.00 94.39
50190.00 94.39
50200.00 96.56
50210.00 97.53
50220.00 97.53
50230.00 98.60
50240.00 99.67
50250.00 101.05
50260.00 100.34
50270.00 100.71
50280.00 102.08
50290.00 101.75
50300.00 102.74
50310.00 101.72
50320.00 103.79
50330.00 103.06
50340.00 103.06
50350.00 105.53
50360.00 105.49
50370.00 105.49
50380.00 104.76
50390.00 104.33
50400.00 106.11
50410.00 104.30
50420.00 105.07
50430.00 105.04
50440.00 107.11
50450.00 106.00
50460.00 107.47
50470.00 110.65
50480.00 112.82
50490.00 111.71
50500.00 114.59
50510.00 116.65
50520.00 115.64
50530.00 117.72
50540.00 118.09
50550.00 120.16
50560.00 120.16
50570.00 121.93
50580.00 121.89
50590.00 123.67
50600.00 122.26
50610.00 123.33
50620.00 125.81
50630.00 128.67
50640.00 129.37
50650.00 132.24
50660.00 135.11
50670.00 135.40
50680.00 138.67
50690.00 141.45
50700.00 141.11
50710.00 143.20
50720.00 143.18
50730.00 144.25
50740.00 149.32
50750.00 149.32
50760.00 150.68
50770.00 150.65
50780.00 150.63
50790.00 152.12
50800.00 154.19
50810.00 155.26
50820.00 155.65
50830.00 157.42
50840.00 158.80
50850.00 160.17
50860.00 160.56
50870.00 162.73
50880.00 165.50
50890.00 167.67
50900.00 167.67
50910.00 170.53
50920.00 172.30
50930.00 174.37
50940.00 174.37
50950.00 176.94
50960.00 179.70
50970.00 179.70
50980.00 181.47
50990.00 181.84
51000.00 185.41
51010.00 184.30
51020.00 186.47
51030.00 190.05
51040.00 190.01
51050.00 191.80
51060.00 192.08
51070.00 197.15
51080.00 201.02
51090.00 201.02
51100.00 204.98
51110.00 208.55
51120.00 208.55
51130.00 211.42
51140.00 213.88
51150.00 214.56
51160.00 215.65
51170.00 218.12
51180.00 222.08
51190.00 224.56
51200.00 227.45
51210.00 232.41
51220.00 234.19
51230.00 238.16
51240.00 241.05
51250.00 242.42
51260.00 245.99
51270.00 248.88
51280.00 249.56
51290.00 253.82
51300.00 258.09
51310.00 258.09
51320.00 262.46
51330.00 266.32
51340.00 267.00
51350.00 270.29
51360.00 273.45
51370.00 273.83
51380.00 276.32
51390.00 281.69
51400.00 283.86
51410.00 292.03
51420.00 298.22
51430.00 307.19
51440.00 309.66
51450.00 318.93
51460.00 325.12
51470.00 327.59
51480.00 343.76
51490.00 361.33
51500.00 361.33
51510.00 366.69
51520.00 383.56
51530.00 383.56
51540.00 398.32
51550.00 404.39
51560.00 405.47
51570.00 413.35
51580.00 421.22
51590.00 422.00
51600.00 433.76
