0.00 226.39 0.00 226.39
39.25 227.88 39.27 225.20
78.51 228.59 78.53 224.80
117.77 229.17 117.79 224.53
157.03 229.69 157.05 224.32
196.29 230.16 196.31 224.16
235.55 230.59 235.57 224.03
274.81 231.01 274.83 223.93
314.07 231.41 314.09 223.84
353.32 231.79 353.36 223.77
392.58 232.16 392.62 223.71
431.84 232.52 431.88 223.66
471.10 232.87 471.14 223.62
510.36 233.21 510.40 223.59
549.62 233.54 549.66 223.56
588.88 233.87 588.92 223.54
628.14 234.19 628.18 223.53
667.40 234.51 667.44 223.53
706.66 234.82 706.70 223.52
745.92 235.12 745.96 223.53
785.18 235.43 785.22 223.53
824.44 235.72 824.48 223.55
863.70 236.02 863.74 223.56
902.95 236.31 903.01 223.58
942.21 236.60 942.27 223.60
981.47 236.88 981.53 223.62
1020.73 237.17 1020.79 223.65
1059.99 237.45 1060.05 223.68
1099.25 237.72 1099.31 223.71
1138.51 238.00 1138.57 223.75
1177.77 238.27 1177.83 223.78
1217.03 238.54 1217.09 223.82
1256.29 238.81 1256.35 223.86
1295.55 239.08 1295.61 223.91
1334.81 239.34 1334.87 223.95
1374.07 239.61 1374.13 224.00
1413.33 239.87 1413.39 224.04
1452.59 240.13 1452.65 224.09
1491.85 240.39 1491.91 224.15
1531.11 240.64 1531.17 224.20
1570.37 240.90 1570.43 224.25
1609.63 241.15 1609.69 224.31
1648.89 241.40 1648.95 224.37
1688.15 241.65 1688.21 224.42
1727.41 241.90 1727.47 224.48
1766.67 242.15 1766.73 224.54
1805.92 242.40 1806.00 224.61
1845.18 242.65 1845.26 224.67
1884.44 242.89 1884.52 224.73
1923.70 243.14 1923.78 224.80
1962.96 243.38 1963.04 224.87
2002.22 243.62 2002.30 224.93
2041.48 243.86 2041.56 225.00
2080.74 244.10 2080.82 225.07
2120.00 244.34 2120.08 225.14
2159.26 244.58 2159.34 225.21
2198.52 244.82 2198.60 225.29
2237.78 245.05 2237.86 225.36
2277.04 245.29 2277.12 225.43
2316.30 245.52 2316.38 225.51
2355.56 245.76 2355.64 225.58
2394.82 245.99 2394.90 225.66
2434.08 246.22 2434.16 225.74
2473.34 246.45 2473.42 225.81
2512.60 246.68 2512.68 225.89
2551.86 246.91 2551.94 225.97
2591.12 247.14 2591.20 226.05
2630.38 247.37 2630.46 226.13
2669.64 247.60 2669.72 226.22
2708.90 247.83 2708.98 226.30
2748.16 248.05 2748.24 226.38
2787.42 248.28 2787.50 226.46
2826.68 248.50 2826.76 226.55
2865.94 248.73 2866.02 226.63
2905.20 248.95 2905.28 226.72
2944.46 249.18 2944.54 226.80
2983.72 249.40 2983.80 226.89
3022.98 249.62 3023.06 226.98
3062.24 249.84 3062.32 227.06
3101.49 250.07 3101.59 227.15
3140.75 250.29 3140.85 227.24
3180.01 250.51 3180.11 227.33
3219.27 250.73 3219.37 227.42
3258.53 250.95 3258.63 227.51
3297.79 251.16 3297.89 227.60
3337.05 251.38 3337.15 227.69
3376.31 251.60 3376.41 227.78
3415.57 251.82 3415.67 227.88
3454.83 252.03 3454.93 227.97
3494.09 252.25 3494.19 228.06
3533.35 252.47 3533.45 228.16
3572.61 252.68 3572.71 228.25
3611.87 252.90 3611.97 228.35
3651.13 253.11 3651.23 228.44
3690.39 253.32 3690.49 228.54
3729.65 253.54 3729.75 228.63
3768.91 253.75 3769.01 228.73
3808.17 253.96 3808.27 228.82
3847.43 254.18 3847.53 228.92
3886.69 254.39 3886.79 229.02
3925.95 254.60 3926.05 229.12
3965.21 254.81 3965.31 229.22
4004.47 255.02 4004.57 229.31
4043.73 255.23 4043.83 229.41
4082.99 255.44 4083.09 229.51
4122.25 255.65 4122.35 229.61
4161.51 255.86 4161.61 229.71
4200.77 256.07 4200.87 229.81
4240.03 256.28 4240.13 229.91
4279.29 256.49 4279.39 230.02
4318.55 256.69 4318.65 230.12
4357.81 256.90 4357.91 230.22
4397.07 257.11 4397.17 230.32
4436.33 257.32 4436.43 230.42
4475.59 257.52 4475.69 230.53
4514.85 257.73 4514.95 230.63
4554.11 257.93 4554.21 230.73
4593.37 258.14 4593.47 230.84
4632.63 258.34 4632.73 230.94
4671.89 258.55 4671.99 231.05
4711.15 258.75 4711.25 231.15
4750.41 258.96 4750.51 231.26
4789.67 259.16 4789.77 231.36
4828.93 259.37 4829.03 231.47
4868.18 259.57 4868.30 231.57
4907.44 259.77 4907.56 231.68
4946.70 259.98 4946.82 231.79
4985.96 260.18 4986.08 231.89
5025.22 260.38 5025.34 232.00
5064.48 260.58 5064.60 232.11
5103.74 260.78 5103.86 232.22
5143.00 260.98 5143.12 232.32
5182.26 261.19 5182.38 232.43
5221.52 261.39 5221.64 232.54
5260.78 261.59 5260.90 232.65
5300.04 261.79 5300.16 232.76
5339.30 261.99 5339.42 232.87
5378.56 262.19 5378.68 232.98
5417.82 262.39 5417.94 233.09
5457.08 262.59 5457.20 233.20
5496.34 262.78 5496.46 233.31
5535.60 262.98 5535.72 233.42
5574.86 263.18 5574.98 233.53
5614.12 263.38 5614.24 233.64
5653.38 263.58 5653.50 233.75
5692.64 263.77 5692.76 233.87
5731.90 263.97 5732.02 233.98
5771.16 264.17 5771.28 234.09
5810.42 264.37 5810.54 234.20
5849.68 264.56 5849.80 234.32
5888.94 264.76 5889.06 234.43
5928.20 264.96 5928.32 234.54
5967.46 265.15 5967.58 234.66
6006.72 265.35 6006.84 234.77
6045.98 265.54 6046.10 234.88
6085.24 265.74 6085.36 235.00
6124.50 265.93 6124.62 235.11
6163.76 266.13 6163.88 235.23
6203.02 266.32 6203.14 235.34
6242.28 266.52 6242.40 235.46
6281.54 266.71 6281.66 235.57
6320.80 266.91 6320.92 235.69
6360.06 267.10 6360.18 235.80
6399.32 267.29 6399.44 235.92
6438.58 267.49 6438.70 236.03
6477.84 267.68 6477.96 236.15
6517.10 267.87 6517.22 236.27
6556.36 268.07 6556.48 236.38
6595.62 268.26 6595.74 236.50
6634.88 268.45 6635.00 236.62
6674.14 268.64 6674.26 236.74
6713.40 268.83 6713.52 236.85
6752.66 269.03 6752.78 236.97
6791.92 269.22 6792.04 237.09
6831.18 269.41 6831.30 237.21
6870.44 269.60 6870.56 237.32
6909.70 269.79 6909.82 237.44
6948.96 269.98 6949.08 237.56
6988.22 270.17 6988.34 237.68
7027.48 270.36 7027.60 237.80
7066.74 270.55 7066.86 237.92
7106.00 270.74 7106.12 238.04
7145.26 270.93 7145.38 238.16
7184.52 271.12 7184.64 238.28
7223.78 271.31 7223.90 238.40
7263.04 271.50 7263.16 238.52
7302.29 271.69 7302.43 238.64
7341.55 271.88 7341.69 238.76
7380.81 272.07 7380.95 238.88
7420.07 272.26 7420.21 239.00
7459.33 272.44 7459.47 239.12
7498.59 272.63 7498.73 239.24
7537.85 272.82 7537.99 239.36
7577.11 273.01 7577.25 239.49
7616.37 273.20 7616.51 239.61
7655.63 273.38 7655.77 239.73
7694.89 273.57 7695.03 239.85
7734.15 273.76 7734.29 239.97
7773.41 273.95 7773.55 240.10
7812.67 274.13 7812.81 240.22
7851.93 274.32 7852.07 240.34
7891.19 274.51 7891.33 240.47
7930.45 274.69 7930.59 240.59
7969.71 274.88 7969.85 240.71
8008.97 275.06 8009.11 240.83
8048.23 275.25 8048.37 240.96
8087.49 275.44 8087.63 241.08
8126.75 275.62 8126.89 241.21
8166.01 275.81 8166.15 241.33
8205.27 275.99 8205.41 241.45
8244.53 276.18 8244.67 241.58
8283.79 276.36 8283.93 241.70
8323.05 276.55 8323.19 241.83
8362.31 276.73 8362.45 241.95
8401.57 276.92 8401.71 242.08
8440.83 277.10 8440.97 242.20
8480.09 277.28 8480.23 242.33
8519.35 277.47 8519.49 242.45
8558.61 277.65 8558.75 242.58
8597.87 277.84 8598.01 242.71
8637.13 278.02 8637.27 242.83
8676.39 278.20 8676.53 242.96
8715.65 278.39 8715.79 243.08
8754.91 278.57 8755.05 243.21
8794.17 278.75 8794.31 243.34
8833.43 278.93 8833.57 243.46
8872.69 279.12 8872.83 243.59
8911.95 279.30 8912.09 243.72
8951.21 279.48 8951.35 243.84
8990.47 279.66 8990.61 243.97
9029.73 279.85 9029.87 244.10
9068.99 280.03 9069.13 244.23
9108.25 280.21 9108.39 244.35
9147.51 280.39 9147.65 244.48
9186.77 280.57 9186.91 244.61
9226.03 280.75 9226.17 244.74
9265.29 280.93 9265.43 244.87
9304.55 281.12 9304.69 244.99
9343.81 281.30 9343.95 245.12
9383.07 281.48 9383.21 245.25
9422.33 281.66 9422.47 245.38
9461.59 281.84 9461.73 245.51
9500.85 282.02 9500.99 245.64
9540.11 282.20 9540.25 245.77
9579.37 282.38 9579.51 245.90
9618.63 282.56 9618.77 246.03
9657.89 282.74 9658.03 246.16
9697.15 282.92 9697.29 246.29
9736.41 283.10 9736.55 246.42
9775.67 283.28 9775.81 246.55
9814.93 283.46 9815.07 246.68
9854.19 283.64 9854.33 246.81
9893.45 283.82 9893.59 246.94
9932.71 283.99 9932.85 247.07
9971.97 284.17 9972.11 247.20
10011.23 284.35 10011.37 247.33
10050.49 284.53 10050.63 247.46
10089.75 284.71 10089.89 247.59
10129.01 284.89 10129.15 247.72
10168.27 285.07 10168.41 247.85
10207.53 285.24 10207.67 247.98
10246.79 285.42 10246.93 248.12
10286.05 285.60 10286.19 248.25
10325.31 285.78 10325.45 248.38
10364.57 285.95 10364.71 248.51
10403.83 286.13 10403.97 248.64
10443.09 286.31 10443.23 248.78
10482.35 286.49 10482.49 248.91
10521.61 286.66 10521.75 249.04
10560.87 286.84 10561.01 249.17
10600.13 287.02 10600.27 249.31
10639.39 287.19 10639.53 249.44
10678.65 287.37 10678.79 249.57
10717.91 287.55 10718.05 249.70
10757.17 287.72 10757.31 249.84
10796.43 287.90 10796.57 249.97
10835.69 288.07 10835.83 250.10
10874.95 288.25 10875.09 250.24
10914.21 288.43 10914.35 250.37
10953.46 288.60 10953.62 250.51
10992.72 288.78 10992.88 250.64
11031.98 288.95 11032.14 250.77
11071.24 289.13 11071.40 250.91
11110.50 289.30 11110.66 251.04
11149.76 289.48 11149.92 251.18
11189.02 289.65 11189.18 251.31
11228.28 289.83 11228.44 251.44
11267.54 290.00 11267.70 251.58
11306.80 290.18 11306.96 251.71
11346.06 290.35 11346.22 251.85
11385.32 290.53 11385.48 251.98
11424.58 290.70 11424.74 252.12
11463.84 290.88 11464.00 252.25
11503.10 291.05 11503.26 252.39
11542.36 291.22 11542.52 252.52
11581.62 291.40 11581.78 252.66
11620.88 291.57 11621.04 252.80
11660.14 291.75 11660.30 252.93
11699.40 291.92 11699.56 253.07
11738.66 292.09 11738.82 253.20
11777.92 292.27 11778.08 253.34
11817.18 292.44 11817.34 253.48
11856.44 292.61 11856.60 253.61
11895.70 292.78 11895.86 253.75
11934.96 292.96 11935.12 253.89
11974.22 293.13 11974.38 254.02
12013.48 293.30 12013.64 254.16
12052.74 293.48 12052.90 254.30
12092.00 293.65 12092.16 254.43
12131.26 293.82 12131.42 254.57
12170.52 293.99 12170.68 254.71
12209.78 294.16 12209.94 254.84
12249.04 294.34 12249.20 254.98
12288.30 294.51 12288.46 255.12
12327.56 294.68 12327.72 255.26
12366.82 294.85 12366.98 255.40
12406.08 295.02 12406.24 255.53
12445.34 295.20 12445.50 255.67
12484.60 295.37 12484.76 255.81
12523.86 295.54 12524.02 255.95
12563.12 295.71 12563.28 256.09
12602.38 295.88 12602.54 256.22
12641.64 296.05 12641.80 256.36
12680.90 296.22 12681.06 256.50
12720.16 296.39 12720.32 256.64
12759.42 296.56 12759.58 256.78
12798.68 296.73 12798.84 256.92
12837.94 296.90 12838.10 257.06
12877.20 297.07 12877.36 257.20
12916.46 297.24 12916.62 257.33
12955.72 297.41 12955.88 257.47
12994.98 297.58 12995.14 257.61
13034.24 297.75 13034.40 257.75
13073.50 297.92 13073.66 257.89
13112.76 298.09 13112.92 258.03
13152.02 298.26 13152.18 258.17
13191.28 298.43 13191.44 258.31
13230.54 298.60 13230.70 258.45
13269.80 298.77 13269.96 258.59
13309.06 298.94 13309.22 258.73
13348.32 299.11 13348.48 258.87
13387.58 299.28 13387.74 259.01
13426.84 299.45 13427.00 259.15
13466.10 299.62 13466.26 259.29
13505.36 299.79 13505.52 259.44
13544.62 299.95 13544.78 259.58
13583.88 300.12 13584.04 259.72
13623.14 300.29 13623.30 259.86
13662.40 300.46 13662.56 260.00
13701.66 300.63 13701.82 260.14
13740.92 300.80 13741.08 260.28
13780.18 300.96 13780.34 260.42
13819.44 301.13 13819.60 260.56
13858.70 301.30 13858.86 260.71
13897.96 301.47 13898.12 260.85
13937.22 301.64 13937.38 260.99
13976.48 301.80 13976.64 261.13
14015.74 301.97 14015.90 261.27
14055.00 302.14 14055.16 261.42
14094.26 302.31 14094.42 261.56
14133.52 302.47 14133.68 261.70
14172.78 302.64 14172.94 261.84
14212.04 302.81 14212.20 261.98
14251.30 302.97 14251.46 262.13
14290.56 303.14 14290.72 262.27
14329.82 303.31 14329.98 262.41
14369.08 303.47 14369.24 262.56
14408.34 303.64 14408.50 262.70
14447.60 303.81 14447.76 262.84
14486.86 303.97 14487.02 262.98
14526.12 304.14 14526.28 263.13
14565.38 304.30 14565.54 263.27
14604.64 304.47 14604.80 263.41
14643.90 304.64 14644.06 263.56
14683.16 304.80 14683.32 263.70
14722.42 304.97 14722.58 263.85
14761.68 305.13 14761.84 263.99
14800.94 305.30 14801.10 264.13
14840.20 305.46 14840.36 264.28
14879.46 305.63 14879.62 264.42
14918.72 305.80 14918.88 264.57
14957.98 305.96 14958.14 264.71
14997.24 306.13 14997.40 264.85
15036.50 306.29 15036.66 265.00
15075.76 306.46 15075.92 265.14
15115.02 306.62 15115.18 265.29
15154.28 306.79 15154.44 265.43
15193.54 306.95 15193.70 265.58
15232.80 307.11 15232.96 265.72
15272.06 307.28 15272.22 265.87
15311.32 307.44 15311.48 266.01
15350.58 307.61 15350.74 266.16
15389.84 307.77 15390.00 266.30
15429.10 307.94 15429.26 266.45
15468.36 308.10 15468.52 266.59
15507.62 308.26 15507.78 266.74
15546.88 308.43 15547.04 266.89
15586.14 308.59 15586.30 267.03
15625.40 308.75 15625.56 267.18
15664.66 308.92 15664.82 267.32
15703.92 309.08 15704.08 267.47
15743.18 309.24 15743.34 267.61
15782.44 309.41 15782.60 267.76
15821.70 309.57 15821.86 267.91
15860.96 309.73 15861.12 268.05
15900.22 309.90 15900.38 268.20
15939.48 310.06 15939.64 268.35
15978.74 310.22 15978.90 268.49
16018.00 310.39 16018.16 268.64
16057.26 310.55 16057.42 268.79
16096.52 310.71 16096.68 268.93
16135.78 310.87 16135.94 269.08
16175.04 311.04 16175.20 269.23
16214.30 311.20 16214.46 269.37
16253.56 311.36 16253.72 269.52
16292.82 311.52 16292.98 269.67
16332.08 311.68 16332.24 269.82
16371.34 311.85 16371.50 269.96
16410.60 312.01 16410.76 270.11
16449.86 312.17 16450.02 270.26
16489.12 312.33 16489.28 270.41
16528.38 312.49 16528.54 270.56
16567.64 312.65 16567.80 270.70
16606.90 312.82 16607.06 270.85
16646.16 312.98 16646.32 271.00
16685.42 313.14 16685.58 271.15
16724.68 313.30 16724.84 271.30
16763.94 313.46 16764.10 271.44
16803.20 313.62 16803.36 271.59
16842.46 313.78 16842.62 271.74
16881.72 313.94 16881.88 271.89
16920.98 314.10 16921.14 272.04
16960.24 314.26 16960.40 272.19
16999.50 314.42 16999.66 272.34
17038.76 314.59 17038.92 272.49
17078.02 314.75 17078.18 272.64
17117.28 314.91 17117.44 272.78
17156.54 315.07 17156.70 272.93
17195.80 315.23 17195.96 273.08
17235.06 315.39 17235.22 273.23
17274.32 315.55 17274.48 273.38
17313.58 315.71 17313.74 273.53
17352.84 315.87 17353.00 273.68
17392.10 316.03 17392.26 273.83
17431.36 316.18 17431.52 273.98
17470.62 316.34 17470.78 274.13
17509.88 316.50 17510.04 274.28
17549.14 316.66 17549.30 274.43
17588.40 316.82 17588.56 274.58
17627.66 316.98 17627.82 274.73
17666.92 317.14 17667.08 274.88
17706.18 317.30 17706.34 275.03
17745.44 317.46 17745.60 275.18
17784.70 317.62 17784.86 275.33
17823.96 317.78 17824.12 275.48
17863.22 317.93 17863.38 275.64
17902.48 318.09 17902.64 275.79
17941.74 318.25 17941.90 275.94
17981.00 318.41 17981.16 276.09
18020.26 318.57 18020.42 276.24
18059.52 318.73 18059.68 276.39
18098.78 318.88 18098.94 276.54
18138.04 319.04 18138.20 276.69
18177.30 319.20 18177.46 276.85
18216.56 319.36 18216.72 277.00
18255.82 319.52 18255.98 277.15
18295.08 319.67 18295.24 277.30
18334.34 319.83 18334.50 277.45
18373.60 319.99 18373.76 277.60
18412.86 320.15 18413.02 277.76
18452.12 320.30 18452.28 277.91
18491.38 320.46 18491.54 278.06
18530.64 320.62 18530.80 278.21
18569.90 320.77 18570.06 278.37
18609.16 320.93 18609.32 278.52
18648.42 321.09 18648.58 278.67
18687.68 321.25 18687.84 278.82
18726.94 321.40 18727.10 278.98
18766.20 321.56 18766.36 279.13
18805.46 321.71 18805.62 279.28
18844.72 321.87 18844.88 279.43
18883.98 322.03 18884.14 279.59
18923.24 322.18 18923.40 279.74
18962.50 322.34 18962.66 279.89
19001.76 322.50 19001.92 280.05
19041.02 322.65 19041.18 280.20
19080.28 322.81 19080.44 280.35
19119.54 322.96 19119.70 280.51
19158.80 323.12 19158.96 280.66
19198.06 323.28 19198.22 280.81
19237.32 323.43 19237.48 280.97
19276.58 323.59 19276.74 281.12
19315.84 323.74 19316.00 281.28
19355.10 323.90 19355.26 281.43
19394.36 324.05 19394.52 281.58
19433.62 324.21 19433.78 281.74
19472.88 324.36 19473.04 281.89
19512.14 324.52 19512.30 282.05
19551.40 324.67 19551.56 282.20
19590.66 324.83 19590.82 282.36
19629.92 324.98 19630.08 282.51
19669.18 325.14 19669.34 282.67
19708.44 325.29 19708.60 282.82
19747.70 325.45 19747.86 282.98
19786.96 325.60 19787.12 283.13
19826.22 325.76 19826.38 283.29
19865.48 325.91 19865.64 283.44
19904.74 326.06 19904.90 283.60
19944.00 326.22 19944.16 283.75
19983.26 326.37 19983.42 283.91
20022.52 326.53 20022.68 284.06
20061.78 326.68 20061.94 284.22
20101.04 326.83 20101.20 284.37
20140.30 326.99 20140.46 284.53
20179.56 327.14 20179.72 284.69
20218.82 327.29 20218.98 284.84
20258.08 327.45 20258.24 285.00
20297.34 327.60 20297.50 285.15
20336.60 327.75 20336.76 285.31
20375.86 327.91 20376.02 285.47
20415.12 328.06 20415.28 285.62
20454.38 328.21 20454.54 285.78
20493.64 328.37 20493.80 285.94
20532.90 328.52 20533.06 286.09
20572.16 328.67 20572.32 286.25
20611.42 328.82 20611.58 286.41
20650.68 328.98 20650.84 286.56
20689.94 329.13 20690.10 286.72
20729.20 329.28 20729.36 286.88
20768.46 329.43 20768.62 287.03
20807.72 329.59 20807.88 287.19
20846.98 329.74 20847.14 287.35
20886.24 329.89 20886.40 287.51
20925.50 330.04 20925.66 287.66
20964.76 330.19 20964.92 287.82
21004.02 330.35 21004.18 287.98
21043.28 330.50 21043.44 288.14
21082.54 330.65 21082.70 288.29
21121.80 330.80 21121.96 288.45
21161.06 330.95 21161.22 288.61
21200.32 331.10 21200.48 288.77
21239.58 331.25 21239.74 288.93
21278.84 331.41 21279.00 289.09
21318.10 331.56 21318.26 289.24
21357.36 331.71 21357.52 289.40
21396.62 331.86 21396.78 289.56
21435.88 332.01 21436.04 289.72
21475.14 332.16 21475.30 289.88
21514.40 332.31 21514.56 290.04
21553.66 332.46 21553.82 290.20
21592.92 332.61 21593.08 290.35
21632.18 332.76 21632.34 290.51
21671.44 332.91 21671.60 290.67
21710.70 333.06 21710.86 290.83
21749.96 333.21 21750.12 290.99
21789.22 333.36 21789.38 291.15
21828.48 333.51 21828.64 291.31
21867.74 333.66 21867.90 291.47
21907.00 333.81 21907.16 291.63
21946.26 333.96 21946.42 291.79
21985.52 334.11 21985.68 291.95
22024.78 334.26 22024.94 292.11
22064.04 334.41 22064.20 292.27
22103.30 334.56 22103.46 292.43
22142.56 334.71 22142.72 292.59
22181.82 334.86 22181.98 292.75
22221.08 335.01 22221.24 292.91
22260.34 335.16 22260.50 293.07
22299.60 335.31 22299.76 293.23
22338.86 335.46 22339.02 293.39
22378.12 335.60 22378.28 293.55
22417.38 335.75 22417.54 293.71
22456.64 335.90 22456.80 293.87
22495.90 336.05 22496.06 294.03
22535.16 336.20 22535.32 294.20
22574.42 336.35 22574.58 294.36
22613.68 336.50 22613.84 294.52
22652.94 336.64 22653.10 294.68
22692.20 336.79 22692.36 294.84
22731.46 336.94 22731.62 295.00
22770.72 337.09 22770.88 295.16
22809.98 337.23 22810.14 295.32
22849.24 337.38 22849.40 295.49
22888.50 337.53 22888.66 295.65
22927.76 337.68 22927.92 295.81
22967.02 337.83 22967.18 295.97
23006.28 337.97 23006.44 296.13
23045.54 338.12 23045.70 296.30
23084.80 338.27 23084.96 296.46
23124.06 338.41 23124.22 296.62
23163.32 338.56 23163.48 296.78
23202.58 338.71 23202.74 296.95
23241.84 338.85 23242.00 297.11
23281.10 339.00 23281.26 297.27
23320.36 339.15 23320.52 297.43
23359.62 339.29 23359.78 297.60
23398.88 339.44 23399.04 297.76
23438.14 339.59 23438.30 297.92
23477.40 339.73 23477.56 298.09
23516.66 339.88 23516.82 298.25
23555.92 340.03 23556.08 298.41
23595.18 340.17 23595.34 298.58
23634.44 340.32 23634.60 298.74
23673.70 340.46 23673.86 298.90
23712.96 340.61 23713.12 299.07
23752.22 340.76 23752.38 299.23
23791.48 340.90 23791.64 299.40
23830.74 341.05 23830.90 299.56
23870.00 341.19 23870.16 299.72
23909.26 341.34 23909.42 299.89
23948.52 341.48 23948.68 300.05
23987.78 341.63 23987.94 300.22
24027.04 341.77 24027.20 300.38
24066.30 341.92 24066.46 300.54
24105.56 342.06 24105.72 300.71
24144.82 342.21 24144.98 300.87
24184.08 342.35 24184.24 301.04
24223.34 342.50 24223.50 301.20
24262.60 342.64 24262.76 301.37
24301.86 342.78 24302.02 301.53
24341.12 342.93 24341.28 301.70
24380.38 343.07 24380.54 301.86
24419.64 343.22 24419.80 302.03
24458.90 343.36 24459.06 302.20
24498.16 343.51 24498.32 302.36
24537.42 343.65 24537.58 302.53
24576.68 343.79 24576.84 302.69
24615.94 343.94 24616.10 302.86
24655.20 344.08 24655.36 303.02
24694.46 344.22 24694.62 303.19
24733.72 344.37 24733.88 303.36
24772.98 344.51 24773.14 303.52
24812.24 344.65 24812.40 303.69
24851.50 344.80 24851.66 303.85
24890.76 344.94 24890.92 304.02
24930.02 345.08 24930.18 304.19
24969.28 345.22 24969.44 304.35
25008.54 345.37 25008.70 304.52
25047.80 345.51 25047.96 304.69
25087.06 345.65 25087.22 304.86
25126.32 345.79 25126.48 305.02
25165.58 345.94 25165.74 305.19
25204.84 346.08 25205.00 305.36
25244.10 346.22 25244.26 305.52
25283.36 346.36 25283.52 305.69
25322.62 346.51 25322.78 305.86
25361.88 346.65 25362.04 306.03
25401.14 346.79 25401.30 306.19
25440.40 346.93 25440.56 306.36
25479.66 347.07 25479.82 306.53
25518.92 347.21 25519.08 306.70
25558.18 347.35 25558.34 306.87
25597.44 347.50 25597.60 307.03
25636.70 347.64 25636.86 307.20
25675.96 347.78 25676.12 307.37
25715.22 347.92 25715.38 307.54
25754.48 348.06 25754.64 307.71
25793.74 348.20 25793.90 307.88
25833.00 348.34 25833.16 308.05
25872.26 348.48 25872.42 308.21
25911.52 348.62 25911.68 308.38
25950.78 348.76 25950.94 308.55
25990.04 348.90 25990.20 308.72
26029.30 349.04 26029.46 308.89
26068.56 349.18 26068.72 309.06
26107.82 349.32 26107.98 309.23
26147.08 349.46 26147.24 309.40
26186.34 349.60 26186.50 309.57
26225.60 349.74 26225.76 309.74
26264.86 349.88 26265.02 309.91
26304.12 350.02 26304.28 310.08
26343.38 350.16 26343.54 310.25
26382.64 350.30 26382.80 310.42
26421.90 350.44 26422.06 310.59
26461.16 350.58 26461.32 310.76
26500.42 350.72 26500.58 310.93
26539.68 350.85 26539.84 311.10
26578.94 350.99 26579.10 311.27
26618.20 351.13 26618.36 311.44
26657.46 351.27 26657.62 311.61
26696.72 351.41 26696.88 311.79
26735.98 351.55 26736.14 311.96
26775.24 351.69 26775.40 312.13
26814.50 351.82 26814.66 312.30
26853.76 351.96 26853.92 312.47
26893.02 352.10 26893.18 312.64
26932.28 352.24 26932.44 312.81
26971.54 352.37 26971.70 312.99
27010.80 352.51 27010.96 313.16
27050.06 352.65 27050.22 313.33
27089.32 352.79 27089.48 313.50
27128.58 352.92 27128.74 313.67
27167.84 353.06 27168.00 313.85
27207.10 353.20 27207.26 314.02
27246.36 353.34 27246.52 314.19
27285.62 353.47 27285.78 314.36
27324.88 353.61 27325.04 314.54
27364.14 353.75 27364.30 314.71
27403.40 353.88 27403.56 314.88
27442.66 354.02 27442.82 315.06
27481.92 354.15 27482.08 315.23
27521.18 354.29 27521.34 315.40
27560.44 354.43 27560.60 315.58
27599.70 354.56 27599.86 315.75
27638.96 354.70 27639.12 315.92
27678.22 354.83 27678.38 316.10
27717.48 354.97 27717.64 316.27
27756.74 355.11 27756.90 316.44
27796.00 355.24 27796.16 316.62
27835.26 355.38 27835.42 316.79
27874.52 355.51 27874.68 316.97
27913.78 355.65 27913.94 317.14
27953.04 355.78 27953.20 317.32
27992.30 355.92 27992.46 317.49
28031.56 356.05 28031.72 317.67
28070.82 356.18 28070.98 317.84
28110.08 356.32 28110.24 318.02
28149.34 356.45 28149.50 318.19
28188.60 356.59 28188.76 318.37
28227.86 356.72 28228.02 318.54
28267.12 356.86 28267.28 318.72
28306.38 356.99 28306.54 318.89
28345.65 357.12 28345.79 319.07
28384.91 357.26 28385.05 319.24
28424.17 357.39 28424.31 319.42
28463.43 357.52 28463.57 319.60
28502.69 357.66 28502.83 319.77
28541.95 357.79 28542.09 319.95
28581.21 357.92 28581.35 320.12
28620.47 358.06 28620.61 320.30
28659.73 358.19 28659.87 320.48
28698.99 358.32 28699.13 320.65
28738.25 358.45 28738.39 320.83
28777.51 358.59 28777.65 321.01
28816.77 358.72 28816.91 321.19
28856.03 358.85 28856.17 321.36
28895.29 358.98 28895.43 321.54
28934.55 359.11 28934.69 321.72
28973.81 359.25 28973.95 321.90
29013.07 359.38 29013.21 322.07
29052.33 359.51 29052.47 322.25
29091.59 359.64 29091.73 322.43
29130.85 359.77 29130.99 322.61
29170.11 359.90 29170.25 322.79
29209.37 360.03 29209.51 322.96
29248.63 360.17 29248.77 323.14
29287.89 360.30 29288.03 323.32
29327.15 360.43 29327.29 323.50
29366.41 360.56 29366.55 323.68
29405.67 360.69 29405.81 323.86
29444.93 360.82 29445.07 324.04
29484.19 360.95 29484.33 324.22
29523.45 361.08 29523.59 324.40
29562.71 361.21 29562.85 324.58
29601.97 361.34 29602.11 324.76
29641.23 361.47 29641.37 324.94
29680.49 361.60 29680.63 325.12
29719.75 361.73 29719.89 325.30
29759.01 361.86 29759.15 325.48
29798.27 361.98 29798.41 325.66
29837.53 362.11 29837.67 325.84
29876.79 362.24 29876.93 326.02
29916.05 362.37 29916.19 326.20
29955.31 362.50 29955.45 326.38
29994.57 362.63 29994.71 326.56
30033.83 362.76 30033.97 326.74
30073.09 362.88 30073.23 326.92
30112.35 363.01 30112.49 327.10
30151.61 363.14 30151.75 327.29
30190.87 363.27 30191.01 327.47
30230.13 363.40 30230.27 327.65
30269.39 363.52 30269.53 327.83
30308.65 363.65 30308.79 328.01
30347.91 363.78 30348.05 328.20
30387.17 363.90 30387.31 328.38
30426.43 364.03 30426.57 328.56
30465.69 364.16 30465.83 328.74
30504.95 364.28 30505.09 328.93
30544.21 364.41 30544.35 329.11
30583.47 364.54 30583.61 329.29
30622.73 364.66 30622.87 329.48
30661.99 364.79 30662.13 329.66
30701.25 364.91 30701.39 329.84
30740.51 365.04 30740.65 330.03
30779.77 365.17 30779.91 330.21
30819.03 365.29 30819.17 330.40
30858.29 365.42 30858.43 330.58
30897.55 365.54 30897.69 330.76
30936.81 365.67 30936.95 330.95
30976.07 365.79 30976.21 331.13
31015.33 365.92 31015.47 331.32
31054.59 366.04 31054.73 331.50
31093.85 366.16 31093.99 331.69
31133.11 366.29 31133.25 331.87
31172.37 366.41 31172.51 332.06
31211.63 366.54 31211.77 332.24
31250.89 366.66 31251.03 332.43
31290.15 366.78 31290.29 332.62
31329.41 366.91 31329.55 332.80
31368.67 367.03 31368.81 332.99
31407.93 367.15 31408.07 333.18
31447.19 367.28 31447.33 333.36
31486.45 367.40 31486.59 333.55
31525.71 367.52 31525.85 333.74
31564.97 367.64 31565.11 333.92
31604.23 367.76 31604.37 334.11
31643.49 367.89 31643.63 334.30
31682.75 368.01 31682.89 334.49
31722.01 368.13 31722.15 334.67
31761.27 368.25 31761.41 334.86
31800.53 368.37 31800.67 335.05
31839.79 368.49 31839.93 335.24
31879.05 368.61 31879.19 335.43
31918.31 368.74 31918.45 335.62
31957.57 368.86 31957.71 335.80
31996.84 368.98 31996.96 335.99
32036.10 369.10 32036.22 336.18
32075.36 369.22 32075.48 336.37
32114.62 369.34 32114.74 336.56
32153.88 369.46 32154.00 336.75
32193.14 369.58 32193.26 336.94
32232.40 369.69 32232.52 337.13
32271.66 369.81 32271.78 337.32
32310.92 369.93 32311.04 337.51
32350.18 370.05 32350.30 337.70
32389.44 370.17 32389.56 337.89
32428.70 370.29 32428.82 338.09
32467.96 370.41 32468.08 338.28
32507.22 370.52 32507.34 338.47
32546.48 370.64 32546.60 338.66
32585.74 370.76 32585.86 338.85
32625.00 370.88 32625.12 339.04
32664.26 370.99 32664.38 339.24
32703.52 371.11 32703.64 339.43
32742.78 371.23 32742.90 339.62
32782.04 371.34 32782.16 339.81
32821.30 371.46 32821.42 340.01
32860.56 371.58 32860.68 340.20
32899.82 371.69 32899.94 340.40
32939.08 371.81 32939.20 340.59
32978.34 371.92 32978.46 340.78
33017.60 372.04 33017.72 340.98
33056.86 372.15 33056.98 341.17
33096.12 372.27 33096.24 341.37
33135.38 372.38 33135.50 341.56
33174.64 372.50 33174.76 341.76
33213.90 372.61 33214.02 341.95
33253.16 372.73 33253.28 342.15
33292.42 372.84 33292.54 342.34
33331.68 372.95 33331.80 342.54
33370.94 373.07 33371.06 342.73
33410.20 373.18 33410.32 342.93
33449.46 373.29 33449.58 343.13
33488.72 373.40 33488.84 343.33
33527.98 373.52 33528.10 343.52
33567.24 373.63 33567.36 343.72
33606.50 373.74 33606.62 343.92
33645.76 373.85 33645.88 344.12
33685.02 373.96 33685.14 344.31
33724.28 374.07 33724.40 344.51
33763.54 374.18 33763.66 344.71
33802.80 374.29 33802.92 344.91
33842.06 374.41 33842.18 345.11
33881.32 374.52 33881.44 345.31
33920.58 374.62 33920.70 345.51
33959.84 374.73 33959.96 345.71
33999.10 374.84 33999.22 345.91
34038.36 374.95 34038.48 346.11
34077.62 375.06 34077.74 346.31
34116.88 375.17 34117.00 346.51
34156.14 375.28 34156.26 346.71
34195.40 375.39 34195.52 346.91
34234.66 375.49 34234.78 347.11
34273.92 375.60 34274.04 347.32
34313.18 375.71 34313.30 347.52
34352.44 375.81 34352.56 347.72
34391.70 375.92 34391.82 347.93
34430.97 376.03 34431.07 348.13
34470.23 376.13 34470.33 348.33
34509.49 376.24 34509.59 348.54
34548.75 376.34 34548.85 348.74
34588.01 376.45 34588.11 348.94
34627.27 376.55 34627.37 349.15
34666.53 376.66 34666.63 349.35
34705.79 376.76 34705.89 349.56
34745.05 376.86 34745.15 349.77
34784.31 376.97 34784.41 349.97
34823.57 377.07 34823.67 350.18
34862.83 377.17 34862.93 350.39
34902.09 377.28 34902.19 350.59
34941.35 377.38 34941.45 350.80
34980.61 377.48 34980.71 351.01
35019.87 377.58 35019.97 351.22
35059.13 377.68 35059.23 351.42
35098.39 377.78 35098.49 351.63
35137.65 377.88 35137.75 351.84
35176.91 377.98 35177.01 352.05
35216.17 378.08 35216.27 352.26
35255.43 378.18 35255.53 352.47
35294.69 378.28 35294.79 352.68
35333.95 378.38 35334.05 352.90
35373.21 378.48 35373.31 353.11
35412.47 378.57 35412.57 353.32
35451.73 378.67 35451.83 353.53
35490.99 378.77 35491.09 353.74
35530.25 378.86 35530.35 353.96
35569.51 378.96 35569.61 354.17
35608.77 379.05 35608.87 354.38
35648.03 379.15 35648.13 354.60
35687.29 379.24 35687.39 354.81
35726.55 379.34 35726.65 355.03
35765.81 379.43 35765.91 355.24
35805.07 379.52 35805.17 355.46
35844.33 379.62 35844.43 355.68
35883.59 379.71 35883.69 355.90
35922.85 379.80 35922.95 356.11
35962.11 379.89 35962.21 356.33
36001.37 379.98 36001.47 356.55
36040.63 380.07 36040.73 356.77
36079.89 380.16 36079.99 356.99
36119.15 380.25 36119.25 357.21
36158.41 380.34 36158.51 357.43
36197.68 380.43 36197.76 357.65
36236.94 380.52 36237.02 357.87
36276.20 380.60 36276.28 358.09
36315.46 380.69 36315.54 358.32
36354.72 380.78 36354.80 358.54
36393.98 380.86 36394.06 358.77
36433.24 380.95 36433.32 358.99
36472.50 381.03 36472.58 359.22
36511.76 381.11 36511.84 359.44
36551.02 381.20 36551.10 359.67
36590.28 381.28 36590.36 359.90
36629.54 381.36 36629.62 360.12
36668.80 381.44 36668.88 360.35
36708.06 381.52 36708.14 360.58
36747.32 381.60 36747.40 360.81
36786.58 381.68 36786.66 361.04
36825.84 381.76 36825.92 361.27
36865.10 381.84 36865.18 361.51
36904.36 381.91 36904.44 361.74
36943.62 381.99 36943.70 361.97
36982.88 382.06 36982.96 362.21
37022.14 382.14 37022.22 362.44
37061.40 382.21 37061.48 362.68
37100.66 382.28 37100.74 362.92
37139.92 382.35 37140.00 363.15
37179.18 382.42 37179.26 363.39
37218.44 382.49 37218.52 363.63
37257.70 382.56 37257.78 363.87
37296.96 382.63 37297.04 364.12
37336.22 382.70 37336.30 364.36
37375.48 382.76 37375.56 364.60
37414.74 382.83 37414.82 364.85
37454.00 382.89 37454.08 365.09
37493.27 382.95 37493.33 365.34
37532.53 383.01 37532.59 365.59
37571.79 383.07 37571.85 365.84
37611.05 383.13 37611.11 366.09
37650.31 383.19 37650.37 366.34
37689.57 383.24 37689.63 366.60
37728.83 383.30 37728.89 366.85
37768.09 383.35 37768.15 367.11
37807.35 383.40 37807.41 367.37
37846.61 383.45 37846.67 367.63
37885.87 383.50 37885.93 367.89
37925.13 383.55 37925.19 368.15
37964.39 383.59 37964.45 368.42
38003.65 383.63 38003.71 368.68
38042.91 383.67 38042.97 368.95
38082.17 383.71 38082.23 369.22
38121.43 383.75 38121.49 369.49
38160.69 383.78 38160.75 369.77
38199.95 383.81 38200.01 370.05
38239.21 383.84 38239.27 370.33
38278.47 383.87 38278.53 370.61
38317.73 383.90 38317.79 370.90
38356.99 383.92 38357.05 371.18
38396.26 383.93 38396.30 371.47
38435.52 383.95 38435.56 371.77
38474.78 383.96 38474.82 372.07
38514.04 383.97 38514.08 372.37
38553.30 383.97 38553.34 372.68
38592.56 383.97 38592.60 372.99
38631.82 383.96 38631.86 373.30
38671.08 383.95 38671.12 373.63
38710.34 383.93 38710.38 373.95
38749.60 383.91 38749.64 374.29
38788.86 383.88 38788.90 374.63
38828.12 383.84 38828.16 374.98
38867.38 383.79 38867.42 375.34
38906.64 383.73 38906.68 375.71
38945.91 383.65 38945.93 376.09
38985.17 383.57 38985.19 376.48
39024.43 383.46 39024.45 376.90
39063.69 383.33 39063.71 377.34
39102.95 383.17 39102.97 377.81
39142.21 382.97 39142.23 378.32
39181.47 382.70 39181.49 378.90
39220.73 382.30 39220.75 379.61
39260.00 381.11 39260.00 381.11
