-0.00 0.00
10.00 0.04
20.00 0.07
30.00 0.11
40.00 0.14
50.00 0.18
60.00 0.21
70.00 0.25
80.00 0.28
90.00 0.32
100.00 0.35
110.00 0.39
120.00 0.42
130.00 0.46
140.00 0.49
150.00 0.53
160.00 0.56
170.00 0.60
180.00 0.63
190.00 0.67
200.00 0.70
210.00 0.74
220.00 0.77
230.00 0.81
240.00 0.84
250.00 0.88
260.00 0.91
270.00 0.95
280.00 0.98
290.00 1.02
300.00 1.05
310.00 1.09
320.00 1.12
330.00 1.16
340.00 1.19
350.00 1.23
360.00 1.26
370.00 1.30
380.00 1.33
390.00 1.37
400.00 1.40
410.00 1.44
420.00 1.47
430.00 1.51
440.00 1.54
450.00 1.58
460.00 1.61
470.00 1.65
480.00 1.68
490.00 1.71
500.00 1.75
510.00 1.78
520.00 1.82
530.00 1.85
540.00 1.89
550.00 1.92
560.00 1.96
570.00 1.99
580.00 2.03
590.00 2.06
600.00 2.09
610.00 2.13
620.00 2.16
630.00 2.20
640.00 2.23
650.00 2.27
660.00 2.30
670.00 2.33
680.00 2.37
690.00 2.40
700.00 2.44
710.00 2.47
720.00 2.51
730.00 2.54
740.00 2.57
750.00 2.61
760.00 2.64
770.00 2.68
780.00 2.71
790.00 2.75
800.00 2.78
810.00 2.81
820.00 2.85
830.00 2.88
840.00 2.92
850.00 2.95
860.00 2.98
870.00 3.02
880.00 3.05
890.00 3.09
900.00 3.12
910.00 3.15
920.00 3.19
930.00 3.22
940.00 3.26
950.00 3.29
960.00 3.32
970.00 3.36
980.00 3.39
990.00 3.42
1000.00 3.46
1010.00 3.49
1020.00 3.53
1030.00 3.56
1040.00 3.59
1050.00 3.63
1060.00 3.66
1070.00 3.69
1080.00 3.73
1090.00 3.76
1100.00 3.80
1110.00 3.83
1120.00 3.86
1130.00 3.90
1140.00 3.93
1150.00 3.96
1160.00 4.00
1170.00 4.03
1180.00 4.06
1190.00 4.10
1200.00 4.13
1210.00 4.17
1220.00 4.20
1230.00 4.23
1240.00 4.27
1250.00 4.30
1260.00 4.33
1270.00 4.37
1280.00 4.40
1290.00 4.43
1300.00 4.47
1310.00 4.50
1320.00 4.53
1330.00 4.57
1340.00 4.60
1350.00 4.63
1360.00 4.67
1370.00 4.70
1380.00 4.73
1390.00 4.77
1400.00 4.80
1410.00 4.83
1420.00 4.86
1430.00 4.90
1440.00 4.93
1450.00 4.96
1460.00 5.00
1470.00 5.03
1480.00 5.06
1490.00 5.10
1500.00 5.13
1510.00 5.16
1520.00 5.20
1530.00 5.23
1540.00 5.26
1550.00 5.29
1560.00 5.33
1570.00 5.36
1580.00 5.39
1590.00 5.43
1600.00 5.46
1610.00 5.49
1620.00 5.52
1630.00 5.56
1640.00 5.59
1650.00 5.62
1660.00 5.66
1670.00 5.69
1680.00 5.72
1690.00 5.75
1700.00 5.79
1710.00 5.82
1720.00 5.85
1730.00 5.88
1740.00 5.92
1750.00 5.95
1760.00 5.98
1770.00 6.02
1780.00 6.05
1790.00 6.08
1800.00 6.11
1810.00 6.15
1820.00 6.18
1830.00 6.21
1840.00 6.24
1850.00 6.28
1860.00 6.31
1870.00 6.34
1880.00 6.37
1890.00 6.41
1900.00 6.44
1910.00 6.47
1920.00 6.50
1930.00 6.53
1940.00 6.57
1950.00 6.60
1960.00 6.63
1970.00 6.66
1980.00 6.70
1990.00 6.73
2000.00 6.76
2010.00 6.79
2020.00 6.83
2030.00 6.86
2040.00 6.89
2050.00 6.92
2060.00 6.95
2070.00 6.99
2080.00 7.02
2090.00 7.05
2100.00 7.08
2110.00 7.11
2120.00 7.15
2130.00 7.18
2140.00 7.21
2150.00 7.24
2160.00 7.27
2170.00 7.31
2180.00 7.34
2190.00 7.37
2200.00 7.40
2210.00 7.43
2220.00 7.47
2230.00 7.50
2240.00 7.53
2250.00 7.56
2260.00 7.59
2270.00 7.63
2280.00 7.66
2290.00 7.69
2300.00 7.72
2310.00 7.75
2320.00 7.78
2330.00 7.82
2340.00 7.85
2350.00 7.88
2360.00 7.91
2370.00 7.94
2380.00 7.97
2390.00 8.01
2400.00 8.04
2410.00 8.07
2420.00 8.10
2430.00 8.13
2440.00 8.16
2450.00 8.20
2460.00 8.23
2470.00 8.26
2480.00 8.29
2490.00 8.32
2500.00 8.35
2510.00 8.38
2520.00 8.42
2530.00 8.45
2540.00 8.48
2550.00 8.51
2560.00 8.54
2570.00 8.57
2580.00 8.60
2590.00 8.64
2600.00 8.67
2610.00 8.70
2620.00 8.73
2630.00 8.76
2640.00 8.79
2650.00 8.82
2660.00 8.85
2670.00 8.89
2680.00 8.92
2690.00 8.95
2700.00 8.98
2710.00 9.01
2720.00 9.04
2730.00 9.07
2740.00 9.10
2750.00 9.13
2760.00 9.17
2770.00 9.20
2780.00 9.23
2790.00 9.26
2800.00 9.29
2810.00 9.32
2820.00 9.35
2830.00 9.38
2840.00 9.41
2850.00 9.44
2860.00 9.47
2870.00 9.51
2880.00 9.54
2890.00 9.57
2900.00 9.60
2910.00 9.63
2920.00 9.66
2930.00 9.69
2940.00 9.72
2950.00 9.75
2960.00 9.78
2970.00 9.81
2980.00 9.84
2990.00 9.88
3000.00 9.91
3010.00 9.94
3020.00 9.97
3030.00 10.00
3040.00 10.03
3050.00 10.06
3060.00 10.09
3070.00 10.12
3080.00 10.15
3090.00 10.18
3100.00 10.21
3110.00 10.24
3120.00 10.27
3130.00 10.30
3140.00 10.33
3150.00 10.36
3160.00 10.39
3170.00 10.42
3180.00 10.46
3190.00 10.49
3200.00 10.52
3210.00 10.55
3220.00 10.58
3230.00 10.61
3240.00 10.64
3250.00 10.67
3260.00 10.70
3270.00 10.73
3280.00 10.76
3290.00 10.79
3300.00 10.82
3310.00 10.85
3320.00 10.88
3330.00 10.91
3340.00 10.94
3350.00 10.97
3360.00 11.00
3370.00 11.03
3380.00 11.06
3390.00 11.09
3400.00 11.12
3410.00 11.15
3420.00 11.18
3430.00 11.21
3440.00 11.24
3450.00 11.27
3460.00 11.30
3470.00 11.33
3480.00 11.36
3490.00 11.39
3500.00 11.42
3510.00 11.45
3520.00 11.48
3530.00 11.51
3540.00 11.54
3550.00 11.57
3560.00 11.60
3570.00 11.63
3580.00 11.66
3590.00 11.69
3600.00 11.72
3610.00 11.75
3620.00 11.78
3630.00 11.81
3640.00 11.84
3650.00 11.87
3660.00 11.90
3670.00 11.93
3680.00 11.95
3690.00 11.98
3700.00 12.01
3710.00 12.04
3720.00 12.07
3730.00 12.10
3740.00 12.13
3750.00 12.16
3760.00 12.19
3770.00 12.22
3780.00 12.25
3790.00 12.28
3800.00 12.31
3810.00 12.34
3820.00 12.37
3830.00 12.40
3840.00 12.43
3850.00 12.46
3860.00 12.49
3870.00 12.51
3880.00 12.54
3890.00 12.57
3900.00 12.60
3910.00 12.63
3920.00 12.66
3930.00 12.69
3940.00 12.72
3950.00 12.75
3960.00 12.78
3970.00 12.81
3980.00 12.84
3990.00 12.87
4000.00 12.89
4010.00 12.92
4020.00 12.95
4030.00 12.98
4040.00 13.01
4050.00 13.04
4060.00 13.07
4070.00 13.10
4080.00 13.13
4090.00 13.16
4100.00 13.18
4110.00 13.21
4120.00 13.24
4130.00 13.27
4140.00 13.30
4150.00 13.33
4160.00 13.36
4170.00 13.39
4180.00 13.42
4190.00 13.44
4200.00 13.47
4210.00 13.50
4220.00 13.53
4230.00 13.56
4240.00 13.59
4250.00 13.62
4260.00 13.65
4270.00 13.67
4280.00 13.70
4290.00 13.73
4300.00 13.76
4310.00 13.79
4320.00 13.82
4330.00 13.85
4340.00 13.87
4350.00 13.90
4360.00 13.93
4370.00 13.96
4380.00 13.99
4390.00 14.02
4400.00 14.05
4410.00 14.07
4420.00 14.10
4430.00 14.13
4440.00 14.16
4450.00 14.19
4460.00 14.22
4470.00 14.24
4480.00 14.27
4490.00 14.30
4500.00 14.33
4510.00 14.36
4520.00 14.39
4530.00 14.41
4540.00 14.44
4550.00 14.47
4560.00 14.50
4570.00 14.53
4580.00 14.56
4590.00 14.58
4600.00 14.61
4610.00 14.64
4620.00 14.67
4630.00 14.70
4640.00 14.72
4650.00 14.75
4660.00 14.78
4670.00 14.81
4680.00 14.84
4690.00 14.86
4700.00 14.89
4710.00 14.92
4720.00 14.95
4730.00 14.98
4740.00 15.00
4750.00 15.03
4760.00 15.06
4770.00 15.09
4780.00 15.12
4790.00 15.14
4800.00 15.17
4810.00 15.20
4820.00 15.23
4830.00 15.26
4840.00 15.28
4850.00 15.31
4860.00 15.34
4870.00 15.37
4880.00 15.39
4890.00 15.42
4900.00 15.45
4910.00 15.48
4920.00 15.51
4930.00 15.53
4940.00 15.56
4950.00 15.59
4960.00 15.62
4970.00 15.64
4980.00 15.67
4990.00 15.70
5000.00 15.73
5010.00 15.75
5020.00 15.78
5030.00 15.81
5040.00 15.84
5050.00 15.86
5060.00 15.89
5070.00 15.92
5080.00 15.95
5090.00 15.97
5100.00 16.00
5110.00 16.03
5120.00 16.06
5130.00 16.08
5140.00 16.11
5150.00 16.14
5160.00 16.16
5170.00 16.19
5180.00 16.22
5190.00 16.25
5200.00 16.27
5210.00 16.30
5220.00 16.33
5230.00 16.35
5240.00 16.38
5250.00 16.41
5260.00 16.44
5270.00 16.46
5280.00 16.49
5290.00 16.52
5300.00 16.54
5310.00 16.57
5320.00 16.60
5330.00 16.63
5340.00 16.65
5350.00 16.68
5360.00 16.71
5370.00 16.73
5380.00 16.76
5390.00 16.79
5400.00 16.81
5410.00 16.84
5420.00 16.87
5430.00 16.90
5440.00 16.92
5450.00 16.95
5460.00 16.98
5470.00 17.00
5480.00 17.03
5490.00 17.06
5500.00 17.08
5510.00 17.11
5520.00 17.14
5530.00 17.16
5540.00 17.19
5550.00 17.22
5560.00 17.24
5570.00 17.27
5580.00 17.30
5590.00 17.32
5600.00 17.35
5610.00 17.38
5620.00 17.40
5630.00 17.43
5640.00 17.46
5650.00 17.48
5660.00 17.51
5670.00 17.54
5680.00 17.56
5690.00 17.59
5700.00 17.61
5710.00 17.64
5720.00 17.67
5730.00 17.69
5740.00 17.72
5750.00 17.75
5760.00 17.77
5770.00 17.80
5780.00 17.83
5790.00 17.85
5800.00 17.88
5810.00 17.90
5820.00 17.93
5830.00 17.96
5840.00 17.98
5850.00 18.01
5860.00 18.04
5870.00 18.06
5880.00 18.09
5890.00 18.11
5900.00 18.14
5910.00 18.17
5920.00 18.19
5930.00 18.22
5940.00 18.24
5950.00 18.27
5960.00 18.30
5970.00 18.32
5980.00 18.35
5990.00 18.37
6000.00 18.40
6010.00 18.43
6020.00 18.45
6030.00 18.48
6040.00 18.50
6050.00 18.53
6060.00 18.56
6070.00 18.58
6080.00 18.61
6090.00 18.63
6100.00 18.66
6110.00 18.69
6120.00 18.71
6130.00 18.74
6140.00 18.76
6150.00 18.79
6160.00 18.81
6170.00 18.84
6180.00 18.87
6190.00 18.89
6200.00 18.92
6210.00 18.94
6220.00 18.97
6230.00 18.99
6240.00 19.02
6250.00 19.04
6260.00 19.07
6270.00 19.10
6280.00 19.12
6290.00 19.15
6300.00 19.17
6310.00 19.20
6320.00 19.22
6330.00 19.25
6340.00 19.27
6350.00 19.30
6360.00 19.33
6370.00 19.35
6380.00 19.38
6390.00 19.40
6400.00 19.43
6410.00 19.45
6420.00 19.48
6430.00 19.50
6440.00 19.53
6450.00 19.55
6460.00 19.58
6470.00 19.60
6480.00 19.63
6490.00 19.65
6500.00 19.68
6510.00 19.70
6520.00 19.73
6530.00 19.75
6540.00 19.78
6550.00 19.80
6560.00 19.83
6570.00 19.86
6580.00 19.88
6590.00 19.91
6600.00 19.93
6610.00 19.96
6620.00 19.98
6630.00 20.01
6640.00 20.03
6650.00 20.06
6660.00 20.08
6670.00 20.10
6680.00 20.13
6690.00 20.15
6700.00 20.18
6710.00 20.20
6720.00 20.23
6730.00 20.25
6740.00 20.28
6750.00 20.30
6760.00 20.33
6770.00 20.35
6780.00 20.38
6790.00 20.40
6800.00 20.43
6810.00 20.45
6820.00 20.48
6830.00 20.50
6840.00 20.53
6850.00 20.55
6860.00 20.58
6870.00 20.60
6880.00 20.62
6890.00 20.65
6900.00 20.67
6910.00 20.70
6920.00 20.72
6930.00 20.75
6940.00 20.77
6950.00 20.80
6960.00 20.82
6970.00 20.85
6980.00 20.87
6990.00 20.89
7000.00 20.92
7010.00 20.94
7020.00 20.97
7030.00 20.99
7040.00 21.02
7050.00 21.04
7060.00 21.06
7070.00 21.09
7080.00 21.11
7090.00 21.14
7100.00 21.16
7110.00 21.19
7120.00 21.21
7130.00 21.23
7140.00 21.26
7150.00 21.28
7160.00 21.31
7170.00 21.33
7180.00 21.36
7190.00 21.38
7200.00 21.40
7210.00 21.43
7220.00 21.45
7230.00 21.48
7240.00 21.50
7250.00 21.52
7260.00 21.55
7270.00 21.57
7280.00 21.60
7290.00 21.62
7300.00 21.64
7310.00 21.67
7320.00 21.69
7330.00 21.72
7340.00 21.74
7350.00 21.76
7360.00 21.79
7370.00 21.81
7380.00 21.83
7390.00 21.86
7400.00 21.88
7410.00 21.91
7420.00 21.93
7430.00 21.95
7440.00 21.98
7450.00 22.00
7460.00 22.02
7470.00 22.05
7480.00 22.07
7490.00 22.10
7500.00 22.12
7510.00 22.14
7520.00 22.17
7530.00 22.19
7540.00 22.21
7550.00 22.24
7560.00 22.26
7570.00 22.28
7580.00 22.31
7590.00 22.33
7600.00 22.35
7610.00 22.38
7620.00 22.40
7630.00 22.42
7640.00 22.45
7650.00 22.47
7660.00 22.49
7670.00 22.52
7680.00 22.54
7690.00 22.56
7700.00 22.59
7710.00 22.61
7720.00 22.63
7730.00 22.66
7740.00 22.68
7750.00 22.70
7760.00 22.73
7770.00 22.75
7780.00 22.77
7790.00 22.80
7800.00 22.82
7810.00 22.84
7820.00 22.87
7830.00 22.89
7840.00 22.91
7850.00 22.94
7860.00 22.96
7870.00 22.98
7880.00 23.00
7890.00 23.03
7900.00 23.05
7910.00 23.07
7920.00 23.10
7930.00 23.12
7940.00 23.14
7950.00 23.17
7960.00 23.19
7970.00 23.21
7980.00 23.23
7990.00 23.26
8000.00 23.28
8010.00 23.30
8020.00 23.33
8030.00 23.35
8040.00 23.37
8050.00 23.39
8060.00 23.42
8070.00 23.44
8080.00 23.46
8090.00 23.48
8100.00 23.51
8110.00 23.53
8120.00 23.55
8130.00 23.58
8140.00 23.60
8150.00 23.62
8160.00 23.64
8170.00 23.67
8180.00 23.69
8190.00 23.71
8200.00 23.73
8210.00 23.76
8220.00 23.78
8230.00 23.80
8240.00 23.82
8250.00 23.85
8260.00 23.87
8270.00 23.89
8280.00 23.91
8290.00 23.94
8300.00 23.96
8310.00 23.98
8320.00 24.00
8330.00 24.02
8340.00 24.05
8350.00 24.07
8360.00 24.09
8370.00 24.11
8380.00 24.14
8390.00 24.16
8400.00 24.18
8410.00 24.20
8420.00 24.22
8430.00 24.25
8440.00 24.27
8450.00 24.29
8460.00 24.31
8470.00 24.34
8480.00 24.36
8490.00 24.38
8500.00 24.40
8510.00 24.42
8520.00 24.45
8530.00 24.47
8540.00 24.49
8550.00 24.51
8560.00 24.53
8570.00 24.56
8580.00 24.58
8590.00 24.60
8600.00 24.62
8610.00 24.64
8620.00 24.66
8630.00 24.69
8640.00 24.71
8650.00 24.73
8660.00 24.75
8670.00 24.77
8680.00 24.80
8690.00 24.82
8700.00 24.84
8710.00 24.86
8720.00 24.88
8730.00 24.90
8740.00 24.93
8750.00 24.95
8760.00 24.97
8770.00 24.99
8780.00 25.01
8790.00 25.03
8800.00 25.06
8810.00 25.08
8820.00 25.10
8830.00 25.12
8840.00 25.14
8850.00 25.16
8860.00 25.19
8870.00 25.21
8880.00 25.23
8890.00 25.25
8900.00 25.27
8910.00 25.29
8920.00 25.31
8930.00 25.33
8940.00 25.36
8950.00 25.38
8960.00 25.40
8970.00 25.42
8980.00 25.44
8990.00 25.46
9000.00 25.48
9010.00 25.51
9020.00 25.53
9030.00 25.55
9040.00 25.57
9050.00 25.59
9060.00 25.61
9070.00 25.63
9080.00 25.65
9090.00 25.67
9100.00 25.70
9110.00 25.72
9120.00 25.74
9130.00 25.76
9140.00 25.78
9150.00 25.80
9160.00 25.82
9170.00 25.84
9180.00 25.86
9190.00 25.89
9200.00 25.91
9210.00 25.93
9220.00 25.95
9230.00 25.97
9240.00 25.99
9250.00 26.01
9260.00 26.03
9270.00 26.05
9280.00 26.07
9290.00 26.09
9300.00 26.11
9310.00 26.14
9320.00 26.16
9330.00 26.18
9340.00 26.20
9350.00 26.22
9360.00 26.24
9370.00 26.26
9380.00 26.28
9390.00 26.30
9400.00 26.32
9410.00 26.34
9420.00 26.36
9430.00 26.38
9440.00 26.40
9450.00 26.43
9460.00 26.45
9470.00 26.47
9480.00 26.49
9490.00 26.51
9500.00 26.53
9510.00 26.55
9520.00 26.57
9530.00 26.59
9540.00 26.61
9550.00 26.63
9560.00 26.65
9570.00 26.67
9580.00 26.69
9590.00 26.71
9600.00 26.73
9610.00 26.75
9620.00 26.77
9630.00 26.79
9640.00 26.81
9650.00 26.83
9660.00 26.85
9670.00 26.87
9680.00 26.89
9690.00 26.91
9700.00 26.93
9710.00 26.95
9720.00 26.97
9730.00 26.99
9740.00 27.01
9750.00 27.03
9760.00 27.05
9770.00 27.07
9780.00 27.09
9790.00 27.11
9800.00 27.13
9810.00 27.15
9820.00 27.17
9830.00 27.19
9840.00 27.21
9850.00 27.23
9860.00 27.25
9870.00 27.27
9880.00 27.29
9890.00 27.31
9900.00 27.33
9910.00 27.35
9920.00 27.37
9930.00 27.39
9940.00 27.41
9950.00 27.43
9960.00 27.45
9970.00 27.47
9980.00 27.49
9990.00 27.51
10000.00 27.53
10010.00 27.55
10020.00 27.57
10030.00 27.59
10040.00 27.61
10050.00 27.63
10060.00 27.65
10070.00 27.67
10080.00 27.69
10090.00 27.71
10100.00 27.73
10110.00 27.75
10120.00 27.77
10130.00 27.79
10140.00 27.81
10150.00 27.83
10160.00 27.84
10170.00 27.86
10180.00 27.88
10190.00 27.90
10200.00 27.92
10210.00 27.94
10220.00 27.96
10230.00 27.98
10240.00 28.00
10250.00 28.02
10260.00 28.04
10270.00 28.06
10280.00 28.08
10290.00 28.10
10300.00 28.12
10310.00 28.13
10320.00 28.15
10330.00 28.17
10340.00 28.19
10350.00 28.21
10360.00 28.23
10370.00 28.25
10380.00 28.27
10390.00 28.29
10400.00 28.31
10410.00 28.33
10420.00 28.35
10430.00 28.36
10440.00 28.38
10450.00 28.40
10460.00 28.42
10470.00 28.44
10480.00 28.46
10490.00 28.48
10500.00 28.50
10510.00 28.52
10520.00 28.53
10530.00 28.55
10540.00 28.57
10550.00 28.59
10560.00 28.61
10570.00 28.63
10580.00 28.65
10590.00 28.67
10600.00 28.69
10610.00 28.70
10620.00 28.72
10630.00 28.74
10640.00 28.76
10650.00 28.78
10660.00 28.80
10670.00 28.82
10680.00 28.83
10690.00 28.85
10700.00 28.87
10710.00 28.89
10720.00 28.91
10730.00 28.93
10740.00 28.95
10750.00 28.96
10760.00 28.98
10770.00 29.00
10780.00 29.02
10790.00 29.04
10800.00 29.06
10810.00 29.08
10820.00 29.09
10830.00 29.11
10840.00 29.13
10850.00 29.15
10860.00 29.17
10870.00 29.19
10880.00 29.20
10890.00 29.22
10900.00 29.24
10910.00 29.26
10920.00 29.28
10930.00 29.30
10940.00 29.31
10950.00 29.33
10960.00 29.35
10970.00 29.37
10980.00 29.39
10990.00 29.40
11000.00 29.42
11010.00 29.44
11020.00 29.46
11030.00 29.48
11040.00 29.50
11050.00 29.51
11060.00 29.53
11070.00 29.55
11080.00 29.57
11090.00 29.59
11100.00 29.60
11110.00 29.62
11120.00 29.64
11130.00 29.66
11140.00 29.67
11150.00 29.69
11160.00 29.71
11170.00 29.73
11180.00 29.75
11190.00 29.76
11200.00 29.78
11210.00 29.80
11220.00 29.82
11230.00 29.84
11240.00 29.85
11250.00 29.87
11260.00 29.89
11270.00 29.91
11280.00 29.92
11290.00 29.94
11300.00 29.96
11310.00 29.98
11320.00 29.99
11330.00 30.01
11340.00 30.03
11350.00 30.05
11360.00 30.06
11370.00 30.08
11380.00 30.10
11390.00 30.12
11400.00 30.14
11410.00 30.15
11420.00 30.17
11430.00 30.19
11440.00 30.20
11450.00 30.22
11460.00 30.24
11470.00 30.26
11480.00 30.27
11490.00 30.29
11500.00 30.31
11510.00 30.33
11520.00 30.34
11530.00 30.36
11540.00 30.38
11550.00 30.40
11560.00 30.41
11570.00 30.43
11580.00 30.45
11590.00 30.46
11600.00 30.48
11610.00 30.50
11620.00 30.52
11630.00 30.53
11640.00 30.55
11650.00 30.57
11660.00 30.58
11670.00 30.60
11680.00 30.62
11690.00 30.64
11700.00 30.65
11710.00 30.67
11720.00 30.69
11730.00 30.70
11740.00 30.72
11750.00 30.74
11760.00 30.75
11770.00 30.77
11780.00 30.79
11790.00 30.81
11800.00 30.82
11810.00 30.84
11820.00 30.86
11830.00 30.87
11840.00 30.89
11850.00 30.91
11860.00 30.92
11870.00 30.94
11880.00 30.96
11890.00 30.97
11900.00 30.99
11910.00 31.01
11920.00 31.02
11930.00 31.04
11940.00 31.06
11950.00 31.07
11960.00 31.09
11970.00 31.11
11980.00 31.12
11990.00 31.14
12000.00 31.16
12010.00 31.17
12020.00 31.19
12030.00 31.21
12040.00 31.22
12050.00 31.24
12060.00 31.26
12070.00 31.27
12080.00 31.29
12090.00 31.31
12100.00 31.32
12110.00 31.34
12120.00 31.35
12130.00 31.37
12140.00 31.39
12150.00 31.40
12160.00 31.42
12170.00 31.44
12180.00 31.45
12190.00 31.47
12200.00 31.48
12210.00 31.50
12220.00 31.52
12230.00 31.53
12240.00 31.55
12250.00 31.57
12260.00 31.58
12270.00 31.60
12280.00 31.61
12290.00 31.63
12300.00 31.65
12310.00 31.66
12320.00 31.68
12330.00 31.69
12340.00 31.71
12350.00 31.73
12360.00 31.74
12370.00 31.76
12380.00 31.77
12390.00 31.79
12400.00 31.81
12410.00 31.82
12420.00 31.84
12430.00 31.85
12440.00 31.87
12450.00 31.89
12460.00 31.90
12470.00 31.92
12480.00 31.93
12490.00 31.95
12500.00 31.96
12510.00 31.98
12520.00 32.00
12530.00 32.01
12540.00 32.03
12550.00 32.04
12560.00 32.06
12570.00 32.07
12580.00 32.09
12590.00 32.11
12600.00 32.12
12610.00 32.14
12620.00 32.15
12630.00 32.17
12640.00 32.18
12650.00 32.20
12660.00 32.22
12670.00 32.23
12680.00 32.25
12690.00 32.26
12700.00 32.28
12710.00 32.29
12720.00 32.31
12730.00 32.32
12740.00 32.34
12750.00 32.35
12760.00 32.37
12770.00 32.39
12780.00 32.40
12790.00 32.42
12800.00 32.43
12810.00 32.45
12820.00 32.46
12830.00 32.48
12840.00 32.49
12850.00 32.51
12860.00 32.52
12870.00 32.54
12880.00 32.55
12890.00 32.57
12900.00 32.58
12910.00 32.60
12920.00 32.61
12930.00 32.63
12940.00 32.64
12950.00 32.66
12960.00 32.67
12970.00 32.69
12980.00 32.70
12990.00 32.72
13000.00 32.73
13010.00 32.75
13020.00 32.76
13030.00 32.78
13040.00 32.79
13050.00 32.81
13060.00 32.82
13070.00 32.84
13080.00 32.85
13090.00 32.87
13100.00 32.88
13110.00 32.90
13120.00 32.91
13130.00 32.93
13140.00 32.94
13150.00 32.96
13160.00 32.97
13170.00 32.99
13180.00 33.00
13190.00 33.02
13200.00 33.03
13210.00 33.05
13220.00 33.06
13230.00 33.07
13240.00 33.09
13250.00 33.10
13260.00 33.12
13270.00 33.13
13280.00 33.15
13290.00 33.16
13300.00 33.18
13310.00 33.19
13320.00 33.21
13330.00 33.22
13340.00 33.23
13350.00 33.25
13360.00 33.26
13370.00 33.28
13380.00 33.29
13390.00 33.31
13400.00 33.32
13410.00 33.34
13420.00 33.35
13430.00 33.36
13440.00 33.38
13450.00 33.39
13460.00 33.41
13470.00 33.42
13480.00 33.44
13490.00 33.45
13500.00 33.46
13510.00 33.48
13520.00 33.49
13530.00 33.51
13540.00 33.52
13550.00 33.53
13560.00 33.55
13570.00 33.56
13580.00 33.58
13590.00 33.59
13600.00 33.61
13610.00 33.62
13620.00 33.63
13630.00 33.65
13640.00 33.66
13650.00 33.68
13660.00 33.69
13670.00 33.70
13680.00 33.72
13690.00 33.73
13700.00 33.74
13710.00 33.76
13720.00 33.77
13730.00 33.79
13740.00 33.80
13750.00 33.81
13760.00 33.83
13770.00 33.84
13780.00 33.86
13790.00 33.87
13800.00 33.88
13810.00 33.90
13820.00 33.91
13830.00 33.92
13840.00 33.94
13850.00 33.95
13860.00 33.97
13870.00 33.98
13880.00 33.99
13890.00 34.01
13900.00 34.02
13910.00 34.03
13920.00 34.05
13930.00 34.06
13940.00 34.07
13950.00 34.09
13960.00 34.10
13970.00 34.11
13980.00 34.13
13990.00 34.14
14000.00 34.15
14010.00 34.17
14020.00 34.18
14030.00 34.19
14040.00 34.21
14050.00 34.22
14060.00 34.23
14070.00 34.25
14080.00 34.26
14090.00 34.27
14100.00 34.29
14110.00 34.30
14120.00 34.31
14130.00 34.33
14140.00 34.34
14150.00 34.35
14160.00 34.37
14170.00 34.38
14180.00 34.39
14190.00 34.41
14200.00 34.42
14210.00 34.43
14220.00 34.45
14230.00 34.46
14240.00 34.47
14250.00 34.49
14260.00 34.50
14270.00 34.51
14280.00 34.52
14290.00 34.54
14300.00 34.55
14310.00 34.56
14320.00 34.58
14330.00 34.59
14340.00 34.60
14350.00 34.61
14360.00 34.63
14370.00 34.64
14380.00 34.65
14390.00 34.67
14400.00 34.68
14410.00 34.69
14420.00 34.70
14430.00 34.72
14440.00 34.73
14450.00 34.74
14460.00 34.76
14470.00 34.77
14480.00 34.78
14490.00 34.79
14500.00 34.81
14510.00 34.82
14520.00 34.83
14530.00 34.84
14540.00 34.86
14550.00 34.87
14560.00 34.88
14570.00 34.89
14580.00 34.91
14590.00 34.92
14600.00 34.93
14610.00 34.94
14620.00 34.96
14630.00 34.97
14640.00 34.98
14650.00 34.99
14660.00 35.01
14670.00 35.02
14680.00 35.03
14690.00 35.04
14700.00 35.06
14710.00 35.07
14720.00 35.08
14730.00 35.09
14740.00 35.10
14750.00 35.12
14760.00 35.13
14770.00 35.14
14780.00 35.15
14790.00 35.17
14800.00 35.18
14810.00 35.19
14820.00 35.20
14830.00 35.21
14840.00 35.23
14850.00 35.24
14860.00 35.25
14870.00 35.26
14880.00 35.27
14890.00 35.29
14900.00 35.30
14910.00 35.31
14920.00 35.32
14930.00 35.33
14940.00 35.35
14950.00 35.36
14960.00 35.37
14970.00 35.38
14980.00 35.39
14990.00 35.41
15000.00 35.42
15010.00 35.43
15020.00 35.44
15030.00 35.45
15040.00 35.47
15050.00 35.48
15060.00 35.49
15070.00 35.50
15080.00 35.51
15090.00 35.52
15100.00 35.54
15110.00 35.55
15120.00 35.56
15130.00 35.57
15140.00 35.58
15150.00 35.59
15160.00 35.61
15170.00 35.62
15180.00 35.63
15190.00 35.64
15200.00 35.65
15210.00 35.66
15220.00 35.68
15230.00 35.69
15240.00 35.70
15250.00 35.71
15260.00 35.72
15270.00 35.73
15280.00 35.74
15290.00 35.76
15300.00 35.77
15310.00 35.78
15320.00 35.79
15330.00 35.80
15340.00 35.81
15350.00 35.82
15360.00 35.83
15370.00 35.85
15380.00 35.86
15390.00 35.87
15400.00 35.88
15410.00 35.89
15420.00 35.90
15430.00 35.91
15440.00 35.92
15450.00 35.94
15460.00 35.95
15470.00 35.96
15480.00 35.97
15490.00 35.98
15500.00 35.99
15510.00 36.00
15520.00 36.01
15530.00 36.02
15540.00 36.04
15550.00 36.05
15560.00 36.06
15570.00 36.07
15580.00 36.08
15590.00 36.09
15600.00 36.10
15610.00 36.11
15620.00 36.12
15630.00 36.13
15640.00 36.14
15650.00 36.16
15660.00 36.17
15670.00 36.18
15680.00 36.19
15690.00 36.20
15700.00 36.21
15710.00 36.22
15720.00 36.23
15730.00 36.24
15740.00 36.25
15750.00 36.26
15760.00 36.27
15770.00 36.28
15780.00 36.30
15790.00 36.31
15800.00 36.32
15810.00 36.33
15820.00 36.34
15830.00 36.35
15840.00 36.36
15850.00 36.37
15860.00 36.38
15870.00 36.39
15880.00 36.40
15890.00 36.41
15900.00 36.42
15910.00 36.43
15920.00 36.44
15930.00 36.45
15940.00 36.46
15950.00 36.47
15960.00 36.48
15970.00 36.49
15980.00 36.50
15990.00 36.51
16000.00 36.53
16010.00 36.54
16020.00 36.55
16030.00 36.56
16040.00 36.57
16050.00 36.58
16060.00 36.59
16070.00 36.60
16080.00 36.61
16090.00 36.62
16100.00 36.63
16110.00 36.64
16120.00 36.65
16130.00 36.66
16140.00 36.67
16150.00 36.68
16160.00 36.69
16170.00 36.70
16180.00 36.71
16190.00 36.72
16200.00 36.73
16210.00 36.74
16220.00 36.75
16230.00 36.76
16240.00 36.77
16250.00 36.78
16260.00 36.79
16270.00 36.80
16280.00 36.81
16290.00 36.82
16300.00 36.83
16310.00 36.84
16320.00 36.85
16330.00 36.86
16340.00 36.87
16350.00 36.88
16360.00 36.89
16370.00 36.89
16380.00 36.90
16390.00 36.91
16400.00 36.92
16410.00 36.93
16420.00 36.94
16430.00 36.95
16440.00 36.96
16450.00 36.97
16460.00 36.98
16470.00 36.99
16480.00 37.00
16490.00 37.01
16500.00 37.02
16510.00 37.03
16520.00 37.04
16530.00 37.05
16540.00 37.06
16550.00 37.07
16560.00 37.08
16570.00 37.09
16580.00 37.10
16590.00 37.10
16600.00 37.11
16610.00 37.12
16620.00 37.13
16630.00 37.14
16640.00 37.15
16650.00 37.16
16660.00 37.17
16670.00 37.18
16680.00 37.19
16690.00 37.20
16700.00 37.21
16710.00 37.22
16720.00 37.23
16730.00 37.23
16740.00 37.24
16750.00 37.25
16760.00 37.26
16770.00 37.27
16780.00 37.28
16790.00 37.29
16800.00 37.30
16810.00 37.31
16820.00 37.32
16830.00 37.32
16840.00 37.33
16850.00 37.34
16860.00 37.35
16870.00 37.36
16880.00 37.37
16890.00 37.38
16900.00 37.39
16910.00 37.40
16920.00 37.40
16930.00 37.41
16940.00 37.42
16950.00 37.43
16960.00 37.44
16970.00 37.45
16980.00 37.46
16990.00 37.47
17000.00 37.48
17010.00 37.48
17020.00 37.49
17030.00 37.50
17040.00 37.51
17050.00 37.52
17060.00 37.53
17070.00 37.54
17080.00 37.54
17090.00 37.55
17100.00 37.56
17110.00 37.57
17120.00 37.58
17130.00 37.59
17140.00 37.60
17150.00 37.60
17160.00 37.61
17170.00 37.62
17180.00 37.63
17190.00 37.64
17200.00 37.65
17210.00 37.65
17220.00 37.66
17230.00 37.67
17240.00 37.68
17250.00 37.69
17260.00 37.70
17270.00 37.70
17280.00 37.71
17290.00 37.72
17300.00 37.73
17310.00 37.74
17320.00 37.75
17330.00 37.75
17340.00 37.76
17350.00 37.77
17360.00 37.78
17370.00 37.79
17380.00 37.80
17390.00 37.80
17400.00 37.81
17410.00 37.82
17420.00 37.83
17430.00 37.84
17440.00 37.84
17450.00 37.85
17460.00 37.86
17470.00 37.87
17480.00 37.88
17490.00 37.88
17500.00 37.89
17510.00 37.90
17520.00 37.91
17530.00 37.92
17540.00 37.92
17550.00 37.93
17560.00 37.94
17570.00 37.95
17580.00 37.95
17590.00 37.96
17600.00 37.97
17610.00 37.98
17620.00 37.99
17630.00 37.99
17640.00 38.00
17650.00 38.01
17660.00 38.02
17670.00 38.02
17680.00 38.03
17690.00 38.04
17700.00 38.05
17710.00 38.05
17720.00 38.06
17730.00 38.07
17740.00 38.08
17750.00 38.08
17760.00 38.09
17770.00 38.10
17780.00 38.11
17790.00 38.11
17800.00 38.12
17810.00 38.13
17820.00 38.14
17830.00 38.14
17840.00 38.15
17850.00 38.16
17860.00 38.17
17870.00 38.17
17880.00 38.18
17890.00 38.19
17900.00 38.20
17910.00 38.20
17920.00 38.21
17930.00 38.22
17940.00 38.23
17950.00 38.23
17960.00 38.24
17970.00 38.25
17980.00 38.25
17990.00 38.26
18000.00 38.27
18010.00 38.28
18020.00 38.28
18030.00 38.29
18040.00 38.30
18050.00 38.30
18060.00 38.31
18070.00 38.32
18080.00 38.33
18090.00 38.33
18100.00 38.34
18110.00 38.35
18120.00 38.35
18130.00 38.36
18140.00 38.37
18150.00 38.37
18160.00 38.38
18170.00 38.39
18180.00 38.39
18190.00 38.40
18200.00 38.41
18210.00 38.42
18220.00 38.42
18230.00 38.43
18240.00 38.44
18250.00 38.44
18260.00 38.45
18270.00 38.46
18280.00 38.46
18290.00 38.47
18300.00 38.48
18310.00 38.48
18320.00 38.49
18330.00 38.50
18340.00 38.50
18350.00 38.51
18360.00 38.52
18370.00 38.52
18380.00 38.53
18390.00 38.54
18400.00 38.54
18410.00 38.55
18420.00 38.56
18430.00 38.56
18440.00 38.57
18450.00 38.57
18460.00 38.58
18470.00 38.59
18480.00 38.59
18490.00 38.60
18500.00 38.61
18510.00 38.61
18520.00 38.62
18530.00 38.63
18540.00 38.63
18550.00 38.64
18560.00 38.64
18570.00 38.65
18580.00 38.66
18590.00 38.66
18600.00 38.67
18610.00 38.68
18620.00 38.68
18630.00 38.69
18640.00 38.69
18650.00 38.70
18660.00 38.71
18670.00 38.71
18680.00 38.72
18690.00 38.72
18700.00 38.73
18710.00 38.74
18720.00 38.74
18730.00 38.75
18740.00 38.75
18750.00 38.76
18760.00 38.77
18770.00 38.77
18780.00 38.78
18790.00 38.78
18800.00 38.79
18810.00 38.80
18820.00 38.80
18830.00 38.81
18840.00 38.81
18850.00 38.82
18860.00 38.83
18870.00 38.83
18880.00 38.84
18890.00 38.84
18900.00 38.85
18910.00 38.85
18920.00 38.86
18930.00 38.87
18940.00 38.87
18950.00 38.88
18960.00 38.88
18970.00 38.89
18980.00 38.89
18990.00 38.90
19000.00 38.91
19010.00 38.91
19020.00 38.92
19030.00 38.92
19040.00 38.93
19050.00 38.93
19060.00 38.94
19070.00 38.94
19080.00 38.95
19090.00 38.95
19100.00 38.96
19110.00 38.97
19120.00 38.97
19130.00 38.98
19140.00 38.98
19150.00 38.99
19160.00 38.99
19170.00 39.00
19180.00 39.00
19190.00 39.01
19200.00 39.01
19210.00 39.02
19220.00 39.02
19230.00 39.03
19240.00 39.03
19250.00 39.04
19260.00 39.04
19270.00 39.05
19280.00 39.06
19290.00 39.06
19300.00 39.07
19310.00 39.07
19320.00 39.08
19330.00 39.08
19340.00 39.09
19350.00 39.09
19360.00 39.10
19370.00 39.10
19380.00 39.11
19390.00 39.11
19400.00 39.12
19410.00 39.12
19420.00 39.13
19430.00 39.13
19440.00 39.14
19450.00 39.14
19460.00 39.15
19470.00 39.15
19480.00 39.15
19490.00 39.16
19500.00 39.16
19510.00 39.17
19520.00 39.17
19530.00 39.18
19540.00 39.18
19550.00 39.19
19560.00 39.19
19570.00 39.20
19580.00 39.20
19590.00 39.21
19600.00 39.21
19610.00 39.22
19620.00 39.22
19630.00 39.23
19640.00 39.23
19650.00 39.23
19660.00 39.24
19670.00 39.24
19680.00 39.25
19690.00 39.25
19700.00 39.26
19710.00 39.26
19720.00 39.27
19730.00 39.27
19740.00 39.28
19750.00 39.28
19760.00 39.28
19770.00 39.29
19780.00 39.29
19790.00 39.30
19800.00 39.30
19810.00 39.31
19820.00 39.31
19830.00 39.31
19840.00 39.32
19850.00 39.32
19860.00 39.33
19870.00 39.33
19880.00 39.34
19890.00 39.34
19900.00 39.34
19910.00 39.35
19920.00 39.35
19930.00 39.36
19940.00 39.36
19950.00 39.36
19960.00 39.37
19970.00 39.37
19980.00 39.38
19990.00 39.38
20000.00 39.38
20010.00 39.39
20020.00 39.39
20030.00 39.40
20040.00 39.40
20050.00 39.40
20060.00 39.41
20070.00 39.41
20080.00 39.42
20090.00 39.42
20100.00 39.42
20110.00 39.43
20120.00 39.43
20130.00 39.44
20140.00 39.44
20150.00 39.44
20160.00 39.45
20170.00 39.45
20180.00 39.45
20190.00 39.46
20200.00 39.46
20210.00 39.47
20220.00 39.47
20230.00 39.47
20240.00 39.48
20250.00 39.48
20260.00 39.48
20270.00 39.49
20280.00 39.49
20290.00 39.49
20300.00 39.50
20310.00 39.50
20320.00 39.51
20330.00 39.51
20340.00 39.51
20350.00 39.52
20360.00 39.52
20370.00 39.52
20380.00 39.53
20390.00 39.53
20400.00 39.53
20410.00 39.54
20420.00 39.54
20430.00 39.54
20440.00 39.55
20450.00 39.55
20460.00 39.55
20470.00 39.56
20480.00 39.56
20490.00 39.56
20500.00 39.57
20510.00 39.57
20520.00 39.57
20530.00 39.58
20540.00 39.58
20550.00 39.58
20560.00 39.59
20570.00 39.59
20580.00 39.59
20590.00 39.59
20600.00 39.60
20610.00 39.60
20620.00 39.60
20630.00 39.61
20640.00 39.61
20650.00 39.61
20660.00 39.62
20670.00 39.62
20680.00 39.62
20690.00 39.62
20700.00 39.63
20710.00 39.63
20720.00 39.63
20730.00 39.64
20740.00 39.64
20750.00 39.64
20760.00 39.64
20770.00 39.65
20780.00 39.65
20790.00 39.65
20800.00 39.66
20810.00 39.66
20820.00 39.66
20830.00 39.66
20840.00 39.67
20850.00 39.67
20860.00 39.67
20870.00 39.67
20880.00 39.68
20890.00 39.68
20900.00 39.68
20910.00 39.69
20920.00 39.69
20930.00 39.69
20940.00 39.69
20950.00 39.70
20960.00 39.70
20970.00 39.70
20980.00 39.70
20990.00 39.71
21000.00 39.71
21010.00 39.71
21020.00 39.71
21030.00 39.72
21040.00 39.72
21050.00 39.72
21060.00 39.72
21070.00 39.72
21080.00 39.73
21090.00 39.73
21100.00 39.73
21110.00 39.73
21120.00 39.74
21130.00 39.74
21140.00 39.74
21150.00 39.74
21160.00 39.75
21170.00 39.75
21180.00 39.75
21190.00 39.75
21200.00 39.75
21210.00 39.76
21220.00 39.76
21230.00 39.76
21240.00 39.76
21250.00 39.76
21260.00 39.77
21270.00 39.77
21280.00 39.77
21290.00 39.77
21300.00 39.77
21310.00 39.78
21320.00 39.78
21330.00 39.78
21340.00 39.78
21350.00 39.78
21360.00 39.79
21370.00 39.79
21380.00 39.79
21390.00 39.79
21400.00 39.79
21410.00 39.79
21420.00 39.80
21430.00 39.80
21440.00 39.80
21450.00 39.80
21460.00 39.80
21470.00 39.81
21480.00 39.81
21490.00 39.81
21500.00 39.81
21510.00 39.81
21520.00 39.81
21530.00 39.82
21540.00 39.82
21550.00 39.82
21560.00 39.82
21570.00 39.82
21580.00 39.82
21590.00 39.82
21600.00 39.83
21610.00 39.83
21620.00 39.83
21630.00 39.83
21640.00 39.83
21650.00 39.83
21660.00 39.84
21670.00 39.84
21680.00 39.84
21690.00 39.84
21700.00 39.84
21710.00 39.84
21720.00 39.84
21730.00 39.84
21740.00 39.85
21750.00 39.85
21760.00 39.85
21770.00 39.85
21780.00 39.85
21790.00 39.85
21800.00 39.85
21810.00 39.85
21820.00 39.86
21830.00 39.86
21840.00 39.86
21850.00 39.86
21860.00 39.86
21870.00 39.86
21880.00 39.86
21890.00 39.86
21900.00 39.86
21910.00 39.87
21920.00 39.87
21930.00 39.87
21940.00 39.87
21950.00 39.87
21960.00 39.87
21970.00 39.87
21980.00 39.87
21990.00 39.87
22000.00 39.87
22010.00 39.87
22020.00 39.88
22030.00 39.88
22040.00 39.88
22050.00 39.88
22060.00 39.88
22070.00 39.88
22080.00 39.88
22090.00 39.88
22100.00 39.88
22110.00 39.88
22120.00 39.88
22130.00 39.88
22140.00 39.88
22150.00 39.89
22160.00 39.89
22170.00 39.89
22180.00 39.89
22190.00 39.89
22200.00 39.89
22210.00 39.89
22220.00 39.89
22230.00 39.89
22240.00 39.89
22250.00 39.89
22260.00 39.89
22270.00 39.89
22280.00 39.89
22290.00 39.89
22300.00 39.89
22310.00 39.89
22320.00 39.89
22330.00 39.89
22340.00 39.89
22350.00 39.90
22360.00 39.90
22370.00 39.90
22380.00 39.90
22390.00 39.90
22400.00 39.90
22410.00 39.90
22420.00 39.90
22430.00 39.90
22440.00 39.90
22450.00 39.90
22460.00 39.90
22470.00 39.90
22480.00 39.90
22490.00 39.90
22500.00 39.90
22510.00 39.90
22520.00 39.90
22530.00 39.90
22540.00 39.90
22550.00 39.90
22560.00 39.90
22570.00 39.90
22580.00 39.90
22590.00 39.90
22600.00 39.90
22610.00 39.90
22620.00 39.90
22630.00 39.90
22640.00 39.90
22650.00 39.90
22660.00 39.90
22670.00 39.90
22680.00 39.90
22690.00 39.90
22700.00 39.90
22710.00 39.90
22720.00 39.90
22730.00 39.90
22740.00 39.90
22750.00 39.90
22760.00 39.90
22770.00 39.90
22780.00 39.89
22790.00 39.89
22800.00 39.89
22810.00 39.89
22820.00 39.89
22830.00 39.89
22840.00 39.89
22850.00 39.89
22860.00 39.89
22870.00 39.89
22880.00 39.89
22890.00 39.89
22900.00 39.89
22910.00 39.89
22920.00 39.89
22930.00 39.89
22940.00 39.89
22950.00 39.89
22960.00 39.89
22970.00 39.89
22980.00 39.88
22990.00 39.88
23000.00 39.88
23010.00 39.88
23020.00 39.88
23030.00 39.88
23040.00 39.88
23050.00 39.88
23060.00 39.88
23070.00 39.88
23080.00 39.88
23090.00 39.88
23100.00 39.88
23110.00 39.87
23120.00 39.87
23130.00 39.87
23140.00 39.87
23150.00 39.87
23160.00 39.87
23170.00 39.87
23180.00 39.87
23190.00 39.87
23200.00 39.87
23210.00 39.87
23220.00 39.86
23230.00 39.86
23240.00 39.86
23250.00 39.86
23260.00 39.86
23270.00 39.86
23280.00 39.86
23290.00 39.86
23300.00 39.86
23310.00 39.85
23320.00 39.85
23330.00 39.85
23340.00 39.85
23350.00 39.85
23360.00 39.85
23370.00 39.85
23380.00 39.85
23390.00 39.84
23400.00 39.84
23410.00 39.84
23420.00 39.84
23430.00 39.84
23440.00 39.84
23450.00 39.84
23460.00 39.84
23470.00 39.83
23480.00 39.83
23490.00 39.83
23500.00 39.83
23510.00 39.83
23520.00 39.83
23530.00 39.82
23540.00 39.82
23550.00 39.82
23560.00 39.82
23570.00 39.82
23580.00 39.82
23590.00 39.82
23600.00 39.81
23610.00 39.81
23620.00 39.81
23630.00 39.81
23640.00 39.81
23650.00 39.81
23660.00 39.80
23670.00 39.80
23680.00 39.80
23690.00 39.80
23700.00 39.80
23710.00 39.79
23720.00 39.79
23730.00 39.79
23740.00 39.79
23750.00 39.79
23760.00 39.79
23770.00 39.78
23780.00 39.78
23790.00 39.78
23800.00 39.78
23810.00 39.78
23820.00 39.77
23830.00 39.77
23840.00 39.77
23850.00 39.77
23860.00 39.77
23870.00 39.76
23880.00 39.76
23890.00 39.76
23900.00 39.76
23910.00 39.76
23920.00 39.75
23930.00 39.75
23940.00 39.75
23950.00 39.75
23960.00 39.75
23970.00 39.74
23980.00 39.74
23990.00 39.74
24000.00 39.74
24010.00 39.73
24020.00 39.73
24030.00 39.73
24040.00 39.73
24050.00 39.72
24060.00 39.72
24070.00 39.72
24080.00 39.72
24090.00 39.72
24100.00 39.71
24110.00 39.71
24120.00 39.71
24130.00 39.71
24140.00 39.70
24150.00 39.70
24160.00 39.70
24170.00 39.70
24180.00 39.69
24190.00 39.69
24200.00 39.69
24210.00 39.69
24220.00 39.68
24230.00 39.68
24240.00 39.68
24250.00 39.67
24260.00 39.67
24270.00 39.67
24280.00 39.67
24290.00 39.66
24300.00 39.66
24310.00 39.66
24320.00 39.66
24330.00 39.65
24340.00 39.65
24350.00 39.65
24360.00 39.64
24370.00 39.64
24380.00 39.64
24390.00 39.64
24400.00 39.63
24410.00 39.63
24420.00 39.63
24430.00 39.62
24440.00 39.62
24450.00 39.62
24460.00 39.62
24470.00 39.61
24480.00 39.61
24490.00 39.61
24500.00 39.60
24510.00 39.60
24520.00 39.60
24530.00 39.59
24540.00 39.59
24550.00 39.59
24560.00 39.59
24570.00 39.58
24580.00 39.58
24590.00 39.58
24600.00 39.57
24610.00 39.57
24620.00 39.57
24630.00 39.56
24640.00 39.56
24650.00 39.56
24660.00 39.55
24670.00 39.55
24680.00 39.55
24690.00 39.54
24700.00 39.54
24710.00 39.54
24720.00 39.53
24730.00 39.53
24740.00 39.53
24750.00 39.52
24760.00 39.52
24770.00 39.52
24780.00 39.51
24790.00 39.51
24800.00 39.51
24810.00 39.50
24820.00 39.50
24830.00 39.49
24840.00 39.49
24850.00 39.49
24860.00 39.48
24870.00 39.48
24880.00 39.48
24890.00 39.47
24900.00 39.47
24910.00 39.47
24920.00 39.46
24930.00 39.46
24940.00 39.45
24950.00 39.45
24960.00 39.45
24970.00 39.44
24980.00 39.44
24990.00 39.44
25000.00 39.43
25010.00 39.43
25020.00 39.42
25030.00 39.42
25040.00 39.42
25050.00 39.41
25060.00 39.41
25070.00 39.40
25080.00 39.40
25090.00 39.40
25100.00 39.39
25110.00 39.39
25120.00 39.38
25130.00 39.38
25140.00 39.38
25150.00 39.37
25160.00 39.37
25170.00 39.36
25180.00 39.36
25190.00 39.36
25200.00 39.35
25210.00 39.35
25220.00 39.34
25230.00 39.34
25240.00 39.34
25250.00 39.33
25260.00 39.33
25270.00 39.32
25280.00 39.32
25290.00 39.31
25300.00 39.31
25310.00 39.31
25320.00 39.30
25330.00 39.30
25340.00 39.29
25350.00 39.29
25360.00 39.28
25370.00 39.28
25380.00 39.28
25390.00 39.27
25400.00 39.27
25410.00 39.26
25420.00 39.26
25430.00 39.25
25440.00 39.25
25450.00 39.24
25460.00 39.24
25470.00 39.23
25480.00 39.23
25490.00 39.23
25500.00 39.22
25510.00 39.22
25520.00 39.21
25530.00 39.21
25540.00 39.20
25550.00 39.20
25560.00 39.19
25570.00 39.19
25580.00 39.18
25590.00 39.18
25600.00 39.17
25610.00 39.17
25620.00 39.16
25630.00 39.16
25640.00 39.15
25650.00 39.15
25660.00 39.15
25670.00 39.14
25680.00 39.14
25690.00 39.13
25700.00 39.13
25710.00 39.12
25720.00 39.12
25730.00 39.11
25740.00 39.11
25750.00 39.10
25760.00 39.10
25770.00 39.09
25780.00 39.09
25790.00 39.08
25800.00 39.08
25810.00 39.07
25820.00 39.07
25830.00 39.06
25840.00 39.06
25850.00 39.05
25860.00 39.04
25870.00 39.04
25880.00 39.03
25890.00 39.03
25900.00 39.02
25910.00 39.02
25920.00 39.01
25930.00 39.01
25940.00 39.00
25950.00 39.00
25960.00 38.99
25970.00 38.99
25980.00 38.98
25990.00 38.98
26000.00 38.97
26010.00 38.97
26020.00 38.96
26030.00 38.95
26040.00 38.95
26050.00 38.94
26060.00 38.94
26070.00 38.93
26080.00 38.93
26090.00 38.92
26100.00 38.92
26110.00 38.91
26120.00 38.91
26130.00 38.90
26140.00 38.89
26150.00 38.89
26160.00 38.88
26170.00 38.88
26180.00 38.87
26190.00 38.87
26200.00 38.86
26210.00 38.85
26220.00 38.85
26230.00 38.84
26240.00 38.84
26250.00 38.83
26260.00 38.83
26270.00 38.82
26280.00 38.81
26290.00 38.81
26300.00 38.80
26310.00 38.80
26320.00 38.79
26330.00 38.78
26340.00 38.78
26350.00 38.77
26360.00 38.77
26370.00 38.76
26380.00 38.75
26390.00 38.75
26400.00 38.74
26410.00 38.74
26420.00 38.73
26430.00 38.72
26440.00 38.72
26450.00 38.71
26460.00 38.71
26470.00 38.70
26480.00 38.69
26490.00 38.69
26500.00 38.68
26510.00 38.68
26520.00 38.67
26530.00 38.66
26540.00 38.66
26550.00 38.65
26560.00 38.64
26570.00 38.64
26580.00 38.63
26590.00 38.63
26600.00 38.62
26610.00 38.61
26620.00 38.61
26630.00 38.60
26640.00 38.59
26650.00 38.59
26660.00 38.58
26670.00 38.57
26680.00 38.57
26690.00 38.56
26700.00 38.56
26710.00 38.55
26720.00 38.54
26730.00 38.54
26740.00 38.53
26750.00 38.52
26760.00 38.52
26770.00 38.51
26780.00 38.50
26790.00 38.50
26800.00 38.49
26810.00 38.48
26820.00 38.48
26830.00 38.47
26840.00 38.46
26850.00 38.46
26860.00 38.45
26870.00 38.44
26880.00 38.44
26890.00 38.43
26900.00 38.42
26910.00 38.42
26920.00 38.41
26930.00 38.40
26940.00 38.39
26950.00 38.39
26960.00 38.38
26970.00 38.37
26980.00 38.37
26990.00 38.36
27000.00 38.35
27010.00 38.35
27020.00 38.34
27030.00 38.33
27040.00 38.33
27050.00 38.32
27060.00 38.31
27070.00 38.30
27080.00 38.30
27090.00 38.29
27100.00 38.28
27110.00 38.28
27120.00 38.27
27130.00 38.26
27140.00 38.25
27150.00 38.25
27160.00 38.24
27170.00 38.23
27180.00 38.23
27190.00 38.22
27200.00 38.21
27210.00 38.20
27220.00 38.20
27230.00 38.19
27240.00 38.18
27250.00 38.17
27260.00 38.17
27270.00 38.16
27280.00 38.15
27290.00 38.14
27300.00 38.14
27310.00 38.13
27320.00 38.12
27330.00 38.11
27340.00 38.11
27350.00 38.10
27360.00 38.09
27370.00 38.08
27380.00 38.08
27390.00 38.07
27400.00 38.06
27410.00 38.05
27420.00 38.05
27430.00 38.04
27440.00 38.03
27450.00 38.02
27460.00 38.02
27470.00 38.01
27480.00 38.00
27490.00 37.99
27500.00 37.99
27510.00 37.98
27520.00 37.97
27530.00 37.96
27540.00 37.95
27550.00 37.95
27560.00 37.94
27570.00 37.93
27580.00 37.92
27590.00 37.92
27600.00 37.91
27610.00 37.90
27620.00 37.89
27630.00 37.88
27640.00 37.88
27650.00 37.87
27660.00 37.86
27670.00 37.85
27680.00 37.84
27690.00 37.84
27700.00 37.83
27710.00 37.82
27720.00 37.81
27730.00 37.80
27740.00 37.80
27750.00 37.79
27760.00 37.78
27770.00 37.77
27780.00 37.76
27790.00 37.75
27800.00 37.75
27810.00 37.74
27820.00 37.73
27830.00 37.72
27840.00 37.71
27850.00 37.70
27860.00 37.70
27870.00 37.69
27880.00 37.68
27890.00 37.67
27900.00 37.66
27910.00 37.65
27920.00 37.65
27930.00 37.64
27940.00 37.63
27950.00 37.62
27960.00 37.61
27970.00 37.60
27980.00 37.60
27990.00 37.59
28000.00 37.58
28010.00 37.57
28020.00 37.56
28030.00 37.55
28040.00 37.54
28050.00 37.54
28060.00 37.53
28070.00 37.52
28080.00 37.51
28090.00 37.50
28100.00 37.49
28110.00 37.48
28120.00 37.48
28130.00 37.47
28140.00 37.46
28150.00 37.45
28160.00 37.44
28170.00 37.43
28180.00 37.42
28190.00 37.41
28200.00 37.40
28210.00 37.40
28220.00 37.39
28230.00 37.38
28240.00 37.37
28250.00 37.36
28260.00 37.35
28270.00 37.34
28280.00 37.33
28290.00 37.32
28300.00 37.32
28310.00 37.31
28320.00 37.30
28330.00 37.29
28340.00 37.28
28350.00 37.27
28360.00 37.26
28370.00 37.25
28380.00 37.24
28390.00 37.23
28400.00 37.23
28410.00 37.22
28420.00 37.21
28430.00 37.20
28440.00 37.19
28450.00 37.18
28460.00 37.17
28470.00 37.16
28480.00 37.15
28490.00 37.14
28500.00 37.13
28510.00 37.12
28520.00 37.11
28530.00 37.10
28540.00 37.10
28550.00 37.09
28560.00 37.08
28570.00 37.07
28580.00 37.06
28590.00 37.05
28600.00 37.04
28610.00 37.03
28620.00 37.02
28630.00 37.01
28640.00 37.00
28650.00 36.99
28660.00 36.98
28670.00 36.97
28680.00 36.96
28690.00 36.95
28700.00 36.94
28710.00 36.93
28720.00 36.92
28730.00 36.91
28740.00 36.90
28750.00 36.89
28760.00 36.89
28770.00 36.88
28780.00 36.87
28790.00 36.86
28800.00 36.85
28810.00 36.84
28820.00 36.83
28830.00 36.82
28840.00 36.81
28850.00 36.80
28860.00 36.79
28870.00 36.78
28880.00 36.77
28890.00 36.76
28900.00 36.75
28910.00 36.74
28920.00 36.73
28930.00 36.72
28940.00 36.71
28950.00 36.70
28960.00 36.69
28970.00 36.68
28980.00 36.67
28990.00 36.66
29000.00 36.65
29010.00 36.64
29020.00 36.63
29030.00 36.62
29040.00 36.61
29050.00 36.60
29060.00 36.59
29070.00 36.58
29080.00 36.57
29090.00 36.56
29100.00 36.55
29110.00 36.54
29120.00 36.53
29130.00 36.51
29140.00 36.50
29150.00 36.49
29160.00 36.48
29170.00 36.47
29180.00 36.46
29190.00 36.45
29200.00 36.44
29210.00 36.43
29220.00 36.42
29230.00 36.41
29240.00 36.40
29250.00 36.39
29260.00 36.38
29270.00 36.37
29280.00 36.36
29290.00 36.35
29300.00 36.34
29310.00 36.33
29320.00 36.32
29330.00 36.31
29340.00 36.30
29350.00 36.28
29360.00 36.27
29370.00 36.26
29380.00 36.25
29390.00 36.24
29400.00 36.23
29410.00 36.22
29420.00 36.21
29430.00 36.20
29440.00 36.19
29450.00 36.18
29460.00 36.17
29470.00 36.16
29480.00 36.14
29490.00 36.13
29500.00 36.12
29510.00 36.11
29520.00 36.10
29530.00 36.09
29540.00 36.08
29550.00 36.07
29560.00 36.06
29570.00 36.05
29580.00 36.04
29590.00 36.02
29600.00 36.01
29610.00 36.00
29620.00 35.99
29630.00 35.98
29640.00 35.97
29650.00 35.96
29660.00 35.95
29670.00 35.94
29680.00 35.92
29690.00 35.91
29700.00 35.90
29710.00 35.89
29720.00 35.88
29730.00 35.87
29740.00 35.86
29750.00 35.85
29760.00 35.83
29770.00 35.82
29780.00 35.81
29790.00 35.80
29800.00 35.79
29810.00 35.78
29820.00 35.77
29830.00 35.76
29840.00 35.74
29850.00 35.73
29860.00 35.72
29870.00 35.71
29880.00 35.70
29890.00 35.69
29900.00 35.68
29910.00 35.66
29920.00 35.65
29930.00 35.64
29940.00 35.63
29950.00 35.62
29960.00 35.61
29970.00 35.59
29980.00 35.58
29990.00 35.57
30000.00 35.56
30010.00 35.55
30020.00 35.54
30030.00 35.52
30040.00 35.51
30050.00 35.50
30060.00 35.49
30070.00 35.48
30080.00 35.47
30090.00 35.45
30100.00 35.44
30110.00 35.43
30120.00 35.42
30130.00 35.41
30140.00 35.39
30150.00 35.38
30160.00 35.37
30170.00 35.36
30180.00 35.35
30190.00 35.33
30200.00 35.32
30210.00 35.31
30220.00 35.30
30230.00 35.29
30240.00 35.27
30250.00 35.26
30260.00 35.25
30270.00 35.24
30280.00 35.23
30290.00 35.21
30300.00 35.20
30310.00 35.19
30320.00 35.18
30330.00 35.17
30340.00 35.15
30350.00 35.14
30360.00 35.13
30370.00 35.12
30380.00 35.10
30390.00 35.09
30400.00 35.08
30410.00 35.07
30420.00 35.06
30430.00 35.04
30440.00 35.03
30450.00 35.02
30460.00 35.01
30470.00 34.99
30480.00 34.98
30490.00 34.97
30500.00 34.96
30510.00 34.94
30520.00 34.93
30530.00 34.92
30540.00 34.91
30550.00 34.89
30560.00 34.88
30570.00 34.87
30580.00 34.86
30590.00 34.84
30600.00 34.83
30610.00 34.82
30620.00 34.81
30630.00 34.79
30640.00 34.78
30650.00 34.77
30660.00 34.76
30670.00 34.74
30680.00 34.73
30690.00 34.72
30700.00 34.70
30710.00 34.69
30720.00 34.68
30730.00 34.67
30740.00 34.65
30750.00 34.64
30760.00 34.63
30770.00 34.61
30780.00 34.60
30790.00 34.59
30800.00 34.58
30810.00 34.56
30820.00 34.55
30830.00 34.54
30840.00 34.52
30850.00 34.51
30860.00 34.50
30870.00 34.49
30880.00 34.47
30890.00 34.46
30900.00 34.45
30910.00 34.43
30920.00 34.42
30930.00 34.41
30940.00 34.39
30950.00 34.38
30960.00 34.37
30970.00 34.35
30980.00 34.34
30990.00 34.33
31000.00 34.31
31010.00 34.30
31020.00 34.29
31030.00 34.27
31040.00 34.26
31050.00 34.25
31060.00 34.23
31070.00 34.22
31080.00 34.21
31090.00 34.19
31100.00 34.18
31110.00 34.17
31120.00 34.15
31130.00 34.14
31140.00 34.13
31150.00 34.11
31160.00 34.10
31170.00 34.09
31180.00 34.07
31190.00 34.06
31200.00 34.05
31210.00 34.03
31220.00 34.02
31230.00 34.01
31240.00 33.99
31250.00 33.98
31260.00 33.97
31270.00 33.95
31280.00 33.94
31290.00 33.92
31300.00 33.91
31310.00 33.90
31320.00 33.88
31330.00 33.87
31340.00 33.86
31350.00 33.84
31360.00 33.83
31370.00 33.81
31380.00 33.80
31390.00 33.79
31400.00 33.77
31410.00 33.76
31420.00 33.74
31430.00 33.73
31440.00 33.72
31450.00 33.70
31460.00 33.69
31470.00 33.68
31480.00 33.66
31490.00 33.65
31500.00 33.63
31510.00 33.62
31520.00 33.61
31530.00 33.59
31540.00 33.58
31550.00 33.56
31560.00 33.55
31570.00 33.53
31580.00 33.52
31590.00 33.51
31600.00 33.49
31610.00 33.48
31620.00 33.46
31630.00 33.45
31640.00 33.44
31650.00 33.42
31660.00 33.41
31670.00 33.39
31680.00 33.38
31690.00 33.36
31700.00 33.35
31710.00 33.34
31720.00 33.32
31730.00 33.31
31740.00 33.29
31750.00 33.28
31760.00 33.26
31770.00 33.25
31780.00 33.23
31790.00 33.22
31800.00 33.21
31810.00 33.19
31820.00 33.18
31830.00 33.16
31840.00 33.15
31850.00 33.13
31860.00 33.12
31870.00 33.10
31880.00 33.09
31890.00 33.07
31900.00 33.06
31910.00 33.05
31920.00 33.03
31930.00 33.02
31940.00 33.00
31950.00 32.99
31960.00 32.97
31970.00 32.96
31980.00 32.94
31990.00 32.93
32000.00 32.91
32010.00 32.90
32020.00 32.88
32030.00 32.87
32040.00 32.85
32050.00 32.84
32060.00 32.82
32070.00 32.81
32080.00 32.79
32090.00 32.78
32100.00 32.76
32110.00 32.75
32120.00 32.73
32130.00 32.72
32140.00 32.70
32150.00 32.69
32160.00 32.67
32170.00 32.66
32180.00 32.64
32190.00 32.63
32200.00 32.61
32210.00 32.60
32220.00 32.58
32230.00 32.57
32240.00 32.55
32250.00 32.54
32260.00 32.52
32270.00 32.51
32280.00 32.49
32290.00 32.48
32300.00 32.46
32310.00 32.45
32320.00 32.43
32330.00 32.42
32340.00 32.40
32350.00 32.39
32360.00 32.37
32370.00 32.35
32380.00 32.34
32390.00 32.32
32400.00 32.31
32410.00 32.29
32420.00 32.28
32430.00 32.26
32440.00 32.25
32450.00 32.23
32460.00 32.22
32470.00 32.20
32480.00 32.18
32490.00 32.17
32500.00 32.15
32510.00 32.14
32520.00 32.12
32530.00 32.11
32540.00 32.09
32550.00 32.07
32560.00 32.06
32570.00 32.04
32580.00 32.03
32590.00 32.01
32600.00 32.00
32610.00 31.98
32620.00 31.96
32630.00 31.95
32640.00 31.93
32650.00 31.92
32660.00 31.90
32670.00 31.89
32680.00 31.87
32690.00 31.85
32700.00 31.84
32710.00 31.82
32720.00 31.81
32730.00 31.79
32740.00 31.77
32750.00 31.76
32760.00 31.74
32770.00 31.73
32780.00 31.71
32790.00 31.69
32800.00 31.68
32810.00 31.66
32820.00 31.65
32830.00 31.63
32840.00 31.61
32850.00 31.60
32860.00 31.58
32870.00 31.57
32880.00 31.55
32890.00 31.53
32900.00 31.52
32910.00 31.50
32920.00 31.48
32930.00 31.47
32940.00 31.45
32950.00 31.44
32960.00 31.42
32970.00 31.40
32980.00 31.39
32990.00 31.37
33000.00 31.35
33010.00 31.34
33020.00 31.32
33030.00 31.31
33040.00 31.29
33050.00 31.27
33060.00 31.26
33070.00 31.24
33080.00 31.22
33090.00 31.21
33100.00 31.19
33110.00 31.17
33120.00 31.16
33130.00 31.14
33140.00 31.12
33150.00 31.11
33160.00 31.09
33170.00 31.07
33180.00 31.06
33190.00 31.04
33200.00 31.02
33210.00 31.01
33220.00 30.99
33230.00 30.97
33240.00 30.96
33250.00 30.94
33260.00 30.92
33270.00 30.91
33280.00 30.89
33290.00 30.87
33300.00 30.86
33310.00 30.84
33320.00 30.82
33330.00 30.81
33340.00 30.79
33350.00 30.77
33360.00 30.75
33370.00 30.74
33380.00 30.72
33390.00 30.70
33400.00 30.69
33410.00 30.67
33420.00 30.65
33430.00 30.64
33440.00 30.62
33450.00 30.60
33460.00 30.58
33470.00 30.57
33480.00 30.55
33490.00 30.53
33500.00 30.52
33510.00 30.50
33520.00 30.48
33530.00 30.46
33540.00 30.45
33550.00 30.43
33560.00 30.41
33570.00 30.40
33580.00 30.38
33590.00 30.36
33600.00 30.34
33610.00 30.33
33620.00 30.31
33630.00 30.29
33640.00 30.27
33650.00 30.26
33660.00 30.24
33670.00 30.22
33680.00 30.20
33690.00 30.19
33700.00 30.17
33710.00 30.15
33720.00 30.14
33730.00 30.12
33740.00 30.10
33750.00 30.08
33760.00 30.06
33770.00 30.05
33780.00 30.03
33790.00 30.01
33800.00 29.99
33810.00 29.98
33820.00 29.96
33830.00 29.94
33840.00 29.92
33850.00 29.91
33860.00 29.89
33870.00 29.87
33880.00 29.85
33890.00 29.84
33900.00 29.82
33910.00 29.80
33920.00 29.78
33930.00 29.76
33940.00 29.75
33950.00 29.73
33960.00 29.71
33970.00 29.69
33980.00 29.67
33990.00 29.66
34000.00 29.64
34010.00 29.62
34020.00 29.60
34030.00 29.59
34040.00 29.57
34050.00 29.55
34060.00 29.53
34070.00 29.51
34080.00 29.50
34090.00 29.48
34100.00 29.46
34110.00 29.44
34120.00 29.42
34130.00 29.40
34140.00 29.39
34150.00 29.37
34160.00 29.35
34170.00 29.33
34180.00 29.31
34190.00 29.30
34200.00 29.28
34210.00 29.26
34220.00 29.24
34230.00 29.22
34240.00 29.20
34250.00 29.19
34260.00 29.17
34270.00 29.15
34280.00 29.13
34290.00 29.11
34300.00 29.09
34310.00 29.08
34320.00 29.06
34330.00 29.04
34340.00 29.02
34350.00 29.00
34360.00 28.98
34370.00 28.96
34380.00 28.95
34390.00 28.93
34400.00 28.91
34410.00 28.89
34420.00 28.87
34430.00 28.85
34440.00 28.83
34450.00 28.82
34460.00 28.80
34470.00 28.78
34480.00 28.76
34490.00 28.74
34500.00 28.72
34510.00 28.70
34520.00 28.69
34530.00 28.67
34540.00 28.65
34550.00 28.63
34560.00 28.61
34570.00 28.59
34580.00 28.57
34590.00 28.55
34600.00 28.53
34610.00 28.52
34620.00 28.50
34630.00 28.48
34640.00 28.46
34650.00 28.44
34660.00 28.42
34670.00 28.40
34680.00 28.38
34690.00 28.36
34700.00 28.35
34710.00 28.33
34720.00 28.31
34730.00 28.29
34740.00 28.27
34750.00 28.25
34760.00 28.23
34770.00 28.21
34780.00 28.19
34790.00 28.17
34800.00 28.15
34810.00 28.13
34820.00 28.12
34830.00 28.10
34840.00 28.08
34850.00 28.06
34860.00 28.04
34870.00 28.02
34880.00 28.00
34890.00 27.98
34900.00 27.96
34910.00 27.94
34920.00 27.92
34930.00 27.90
34940.00 27.88
34950.00 27.86
34960.00 27.84
34970.00 27.83
34980.00 27.81
34990.00 27.79
35000.00 27.77
35010.00 27.75
35020.00 27.73
35030.00 27.71
35040.00 27.69
35050.00 27.67
35060.00 27.65
35070.00 27.63
35080.00 27.61
35090.00 27.59
35100.00 27.57
35110.00 27.55
35120.00 27.53
35130.00 27.51
35140.00 27.49
35150.00 27.47
35160.00 27.45
35170.00 27.43
35180.00 27.41
35190.00 27.39
35200.00 27.37
35210.00 27.35
35220.00 27.33
35230.00 27.31
35240.00 27.29
35250.00 27.27
35260.00 27.25
35270.00 27.23
35280.00 27.21
35290.00 27.19
35300.00 27.17
35310.00 27.15
35320.00 27.13
35330.00 27.11
35340.00 27.09
35350.00 27.07
35360.00 27.05
35370.00 27.03
35380.00 27.01
35390.00 26.99
35400.00 26.97
35410.00 26.95
35420.00 26.93
35430.00 26.91
35440.00 26.89
35450.00 26.87
35460.00 26.85
35470.00 26.83
35480.00 26.81
35490.00 26.79
35500.00 26.77
35510.00 26.75
35520.00 26.73
35530.00 26.71
35540.00 26.69
35550.00 26.67
35560.00 26.65
35570.00 26.63
35580.00 26.61
35590.00 26.59
35600.00 26.57
35610.00 26.55
35620.00 26.53
35630.00 26.51
35640.00 26.49
35650.00 26.47
35660.00 26.45
35670.00 26.43
35680.00 26.40
35690.00 26.38
35700.00 26.36
35710.00 26.34
35720.00 26.32
35730.00 26.30
35740.00 26.28
35750.00 26.26
35760.00 26.24
35770.00 26.22
35780.00 26.20
35790.00 26.18
35800.00 26.16
35810.00 26.14
35820.00 26.11
35830.00 26.09
35840.00 26.07
35850.00 26.05
35860.00 26.03
35870.00 26.01
35880.00 25.99
35890.00 25.97
35900.00 25.95
35910.00 25.93
35920.00 25.91
35930.00 25.89
35940.00 25.86
35950.00 25.84
35960.00 25.82
35970.00 25.80
35980.00 25.78
35990.00 25.76
36000.00 25.74
36010.00 25.72
36020.00 25.70
36030.00 25.67
36040.00 25.65
36050.00 25.63
36060.00 25.61
36070.00 25.59
36080.00 25.57
36090.00 25.55
36100.00 25.53
36110.00 25.51
36120.00 25.48
36130.00 25.46
36140.00 25.44
36150.00 25.42
36160.00 25.40
36170.00 25.38
36180.00 25.36
36190.00 25.33
36200.00 25.31
36210.00 25.29
36220.00 25.27
36230.00 25.25
36240.00 25.23
36250.00 25.21
36260.00 25.19
36270.00 25.16
36280.00 25.14
36290.00 25.12
36300.00 25.10
36310.00 25.08
36320.00 25.06
36330.00 25.03
36340.00 25.01
36350.00 24.99
36360.00 24.97
36370.00 24.95
36380.00 24.93
36390.00 24.90
36400.00 24.88
36410.00 24.86
36420.00 24.84
36430.00 24.82
36440.00 24.80
36450.00 24.77
36460.00 24.75
36470.00 24.73
36480.00 24.71
36490.00 24.69
36500.00 24.66
36510.00 24.64
36520.00 24.62
36530.00 24.60
36540.00 24.58
36550.00 24.56
36560.00 24.53
36570.00 24.51
36580.00 24.49
36590.00 24.47
36600.00 24.45
36610.00 24.42
36620.00 24.40
36630.00 24.38
36640.00 24.36
36650.00 24.34
36660.00 24.31
36670.00 24.29
36680.00 24.27
36690.00 24.25
36700.00 24.22
36710.00 24.20
36720.00 24.18
36730.00 24.16
36740.00 24.14
36750.00 24.11
36760.00 24.09
36770.00 24.07
36780.00 24.05
36790.00 24.02
36800.00 24.00
36810.00 23.98
36820.00 23.96
36830.00 23.94
36840.00 23.91
36850.00 23.89
36860.00 23.87
36870.00 23.85
36880.00 23.82
36890.00 23.80
36900.00 23.78
36910.00 23.76
36920.00 23.73
36930.00 23.71
36940.00 23.69
36950.00 23.67
36960.00 23.64
36970.00 23.62
36980.00 23.60
36990.00 23.58
37000.00 23.55
37010.00 23.53
37020.00 23.51
37030.00 23.48
37040.00 23.46
37050.00 23.44
37060.00 23.42
37070.00 23.39
37080.00 23.37
37090.00 23.35
37100.00 23.33
37110.00 23.30
37120.00 23.28
37130.00 23.26
37140.00 23.23
37150.00 23.21
37160.00 23.19
37170.00 23.17
37180.00 23.14
37190.00 23.12
37200.00 23.10
37210.00 23.07
37220.00 23.05
37230.00 23.03
37240.00 23.00
37250.00 22.98
37260.00 22.96
37270.00 22.94
37280.00 22.91
37290.00 22.89
37300.00 22.87
37310.00 22.84
37320.00 22.82
37330.00 22.80
37340.00 22.77
37350.00 22.75
37360.00 22.73
37370.00 22.70
37380.00 22.68
37390.00 22.66
37400.00 22.63
37410.00 22.61
37420.00 22.59
37430.00 22.56
37440.00 22.54
37450.00 22.52
37460.00 22.49
37470.00 22.47
37480.00 22.45
37490.00 22.42
37500.00 22.40
37510.00 22.38
37520.00 22.35
37530.00 22.33
37540.00 22.31
37550.00 22.28
37560.00 22.26
37570.00 22.24
37580.00 22.21
37590.00 22.19
37600.00 22.17
37610.00 22.14
37620.00 22.12
37630.00 22.10
37640.00 22.07
37650.00 22.05
37660.00 22.02
37670.00 22.00
37680.00 21.98
37690.00 21.95
37700.00 21.93
37710.00 21.91
37720.00 21.88
37730.00 21.86
37740.00 21.83
37750.00 21.81
37760.00 21.79
37770.00 21.76
37780.00 21.74
37790.00 21.72
37800.00 21.69
37810.00 21.67
37820.00 21.64
37830.00 21.62
37840.00 21.60
37850.00 21.57
37860.00 21.55
37870.00 21.52
37880.00 21.50
37890.00 21.48
37900.00 21.45
37910.00 21.43
37920.00 21.40
37930.00 21.38
37940.00 21.36
37950.00 21.33
37960.00 21.31
37970.00 21.28
37980.00 21.26
37990.00 21.23
38000.00 21.21
38010.00 21.19
38020.00 21.16
38030.00 21.14
38040.00 21.11
38050.00 21.09
38060.00 21.06
38070.00 21.04
38080.00 21.02
38090.00 20.99
38100.00 20.97
38110.00 20.94
38120.00 20.92
38130.00 20.89
38140.00 20.87
38150.00 20.85
38160.00 20.82
38170.00 20.80
38180.00 20.77
38190.00 20.75
38200.00 20.72
38210.00 20.70
38220.00 20.67
38230.00 20.65
38240.00 20.62
38250.00 20.60
38260.00 20.58
38270.00 20.55
38280.00 20.53
38290.00 20.50
38300.00 20.48
38310.00 20.45
38320.00 20.43
38330.00 20.40
38340.00 20.38
38350.00 20.35
38360.00 20.33
38370.00 20.30
38380.00 20.28
38390.00 20.25
38400.00 20.23
38410.00 20.20
38420.00 20.18
38430.00 20.15
38440.00 20.13
38450.00 20.10
38460.00 20.08
38470.00 20.06
38480.00 20.03
38490.00 20.01
38500.00 19.98
38510.00 19.96
38520.00 19.93
38530.00 19.91
38540.00 19.88
38550.00 19.86
38560.00 19.83
38570.00 19.80
38580.00 19.78
38590.00 19.75
38600.00 19.73
38610.00 19.70
38620.00 19.68
38630.00 19.65
38640.00 19.63
38650.00 19.60
38660.00 19.58
38670.00 19.55
38680.00 19.53
38690.00 19.50
38700.00 19.48
38710.00 19.45
38720.00 19.43
38730.00 19.40
38740.00 19.38
38750.00 19.35
38760.00 19.33
38770.00 19.30
38780.00 19.27
38790.00 19.25
38800.00 19.22
38810.00 19.20
38820.00 19.17
38830.00 19.15
38840.00 19.12
38850.00 19.10
38860.00 19.07
38870.00 19.04
38880.00 19.02
38890.00 18.99
38900.00 18.97
38910.00 18.94
38920.00 18.92
38930.00 18.89
38940.00 18.87
38950.00 18.84
38960.00 18.81
38970.00 18.79
38980.00 18.76
38990.00 18.74
39000.00 18.71
39010.00 18.69
39020.00 18.66
39030.00 18.63
39040.00 18.61
39050.00 18.58
39060.00 18.56
39070.00 18.53
39080.00 18.50
39090.00 18.48
39100.00 18.45
39110.00 18.43
39120.00 18.40
39130.00 18.37
39140.00 18.35
39150.00 18.32
39160.00 18.30
39170.00 18.27
39180.00 18.24
39190.00 18.22
39200.00 18.19
39210.00 18.17
39220.00 18.14
39230.00 18.11
39240.00 18.09
39250.00 18.06
39260.00 18.04
39270.00 18.01
39280.00 17.98
39290.00 17.96
39300.00 17.93
39310.00 17.90
39320.00 17.88
39330.00 17.85
39340.00 17.83
39350.00 17.80
39360.00 17.77
39370.00 17.75
39380.00 17.72
39390.00 17.69
39400.00 17.67
39410.00 17.64
39420.00 17.61
39430.00 17.59
39440.00 17.56
39450.00 17.54
39460.00 17.51
39470.00 17.48
39480.00 17.46
39490.00 17.43
39500.00 17.40
39510.00 17.38
39520.00 17.35
39530.00 17.32
39540.00 17.30
39550.00 17.27
39560.00 17.24
39570.00 17.22
39580.00 17.19
39590.00 17.16
39600.00 17.14
39610.00 17.11
39620.00 17.08
39630.00 17.06
39640.00 17.03
39650.00 17.00
39660.00 16.98
39670.00 16.95
39680.00 16.92
39690.00 16.90
39700.00 16.87
39710.00 16.84
39720.00 16.81
39730.00 16.79
39740.00 16.76
39750.00 16.73
39760.00 16.71
39770.00 16.68
39780.00 16.65
39790.00 16.63
39800.00 16.60
39810.00 16.57
39820.00 16.54
39830.00 16.52
39840.00 16.49
39850.00 16.46
39860.00 16.44
39870.00 16.41
39880.00 16.38
39890.00 16.35
39900.00 16.33
39910.00 16.30
39920.00 16.27
39930.00 16.25
39940.00 16.22
39950.00 16.19
39960.00 16.16
39970.00 16.14
39980.00 16.11
39990.00 16.08
40000.00 16.06
40010.00 16.03
40020.00 16.00
40030.00 15.97
40040.00 15.95
40050.00 15.92
40060.00 15.89
40070.00 15.86
40080.00 15.84
40090.00 15.81
40100.00 15.78
40110.00 15.75
40120.00 15.73
40130.00 15.70
40140.00 15.67
40150.00 15.64
40160.00 15.62
40170.00 15.59
40180.00 15.56
40190.00 15.53
40200.00 15.51
40210.00 15.48
40220.00 15.45
40230.00 15.42
40240.00 15.39
40250.00 15.37
40260.00 15.34
40270.00 15.31
40280.00 15.28
40290.00 15.26
40300.00 15.23
40310.00 15.20
40320.00 15.17
40330.00 15.14
40340.00 15.12
40350.00 15.09
40360.00 15.06
40370.00 15.03
40380.00 15.00
40390.00 14.98
40400.00 14.95
40410.00 14.92
40420.00 14.89
40430.00 14.86
40440.00 14.84
40450.00 14.81
40460.00 14.78
40470.00 14.75
40480.00 14.72
40490.00 14.70
40500.00 14.67
40510.00 14.64
40520.00 14.61
40530.00 14.58
40540.00 14.56
40550.00 14.53
40560.00 14.50
40570.00 14.47
40580.00 14.44
40590.00 14.41
40600.00 14.39
40610.00 14.36
40620.00 14.33
40630.00 14.30
40640.00 14.27
40650.00 14.24
40660.00 14.22
40670.00 14.19
40680.00 14.16
40690.00 14.13
40700.00 14.10
40710.00 14.07
40720.00 14.05
40730.00 14.02
40740.00 13.99
40750.00 13.96
40760.00 13.93
40770.00 13.90
40780.00 13.87
40790.00 13.85
40800.00 13.82
40810.00 13.79
40820.00 13.76
40830.00 13.73
40840.00 13.70
40850.00 13.67
40860.00 13.65
40870.00 13.62
40880.00 13.59
40890.00 13.56
40900.00 13.53
40910.00 13.50
40920.00 13.47
40930.00 13.44
40940.00 13.42
40950.00 13.39
40960.00 13.36
40970.00 13.33
40980.00 13.30
40990.00 13.27
41000.00 13.24
41010.00 13.21
41020.00 13.18
41030.00 13.16
41040.00 13.13
41050.00 13.10
41060.00 13.07
41070.00 13.04
41080.00 13.01
41090.00 12.98
41100.00 12.95
41110.00 12.92
41120.00 12.89
41130.00 12.87
41140.00 12.84
41150.00 12.81
41160.00 12.78
41170.00 12.75
41180.00 12.72
41190.00 12.69
41200.00 12.66
41210.00 12.63
41220.00 12.60
41230.00 12.57
41240.00 12.54
41250.00 12.51
41260.00 12.49
41270.00 12.46
41280.00 12.43
41290.00 12.40
41300.00 12.37
41310.00 12.34
41320.00 12.31
41330.00 12.28
41340.00 12.25
41350.00 12.22
41360.00 12.19
41370.00 12.16
41380.00 12.13
41390.00 12.10
41400.00 12.07
41410.00 12.04
41420.00 12.01
41430.00 11.98
41440.00 11.95
41450.00 11.93
41460.00 11.90
41470.00 11.87
41480.00 11.84
41490.00 11.81
41500.00 11.78
41510.00 11.75
41520.00 11.72
41530.00 11.69
41540.00 11.66
41550.00 11.63
41560.00 11.60
41570.00 11.57
41580.00 11.54
41590.00 11.51
41600.00 11.48
41610.00 11.45
41620.00 11.42
41630.00 11.39
41640.00 11.36
41650.00 11.33
41660.00 11.30
41670.00 11.27
41680.00 11.24
41690.00 11.21
41700.00 11.18
41710.00 11.15
41720.00 11.12
41730.00 11.09
41740.00 11.06
41750.00 11.03
41760.00 11.00
41770.00 10.97
41780.00 10.94
41790.00 10.91
41800.00 10.88
41810.00 10.85
41820.00 10.82
41830.00 10.79
41840.00 10.76
41850.00 10.73
41860.00 10.70
41870.00 10.67
41880.00 10.64
41890.00 10.61
41900.00 10.58
41910.00 10.55
41920.00 10.52
41930.00 10.49
41940.00 10.46
41950.00 10.42
41960.00 10.39
41970.00 10.36
41980.00 10.33
41990.00 10.30
42000.00 10.27
42010.00 10.24
42020.00 10.21
42030.00 10.18
42040.00 10.15
42050.00 10.12
42060.00 10.09
42070.00 10.06
42080.00 10.03
42090.00 10.00
42100.00 9.97
42110.00 9.94
42120.00 9.91
42130.00 9.88
42140.00 9.84
42150.00 9.81
42160.00 9.78
42170.00 9.75
42180.00 9.72
42190.00 9.69
42200.00 9.66
42210.00 9.63
42220.00 9.60
42230.00 9.57
42240.00 9.54
42250.00 9.51
42260.00 9.47
42270.00 9.44
42280.00 9.41
42290.00 9.38
42300.00 9.35
42310.00 9.32
42320.00 9.29
42330.00 9.26
42340.00 9.23
42350.00 9.20
42360.00 9.17
42370.00 9.13
42380.00 9.10
42390.00 9.07
42400.00 9.04
42410.00 9.01
42420.00 8.98
42430.00 8.95
42440.00 8.92
42450.00 8.89
42460.00 8.85
42470.00 8.82
42480.00 8.79
42490.00 8.76
42500.00 8.73
42510.00 8.70
42520.00 8.67
42530.00 8.64
42540.00 8.60
42550.00 8.57
42560.00 8.54
42570.00 8.51
42580.00 8.48
42590.00 8.45
42600.00 8.42
42610.00 8.38
42620.00 8.35
42630.00 8.32
42640.00 8.29
42650.00 8.26
42660.00 8.23
42670.00 8.20
42680.00 8.16
42690.00 8.13
42700.00 8.10
42710.00 8.07
42720.00 8.04
42730.00 8.01
42740.00 7.97
42750.00 7.94
42760.00 7.91
42770.00 7.88
42780.00 7.85
42790.00 7.82
42800.00 7.78
42810.00 7.75
42820.00 7.72
42830.00 7.69
42840.00 7.66
42850.00 7.63
42860.00 7.59
42870.00 7.56
42880.00 7.53
42890.00 7.50
42900.00 7.47
42910.00 7.43
42920.00 7.40
42930.00 7.37
42940.00 7.34
42950.00 7.31
42960.00 7.27
42970.00 7.24
42980.00 7.21
42990.00 7.18
43000.00 7.15
43010.00 7.11
43020.00 7.08
43030.00 7.05
43040.00 7.02
43050.00 6.99
43060.00 6.95
43070.00 6.92
43080.00 6.89
43090.00 6.86
43100.00 6.83
43110.00 6.79
43120.00 6.76
43130.00 6.73
43140.00 6.70
43150.00 6.66
43160.00 6.63
43170.00 6.60
43180.00 6.57
43190.00 6.53
43200.00 6.50
43210.00 6.47
43220.00 6.44
43230.00 6.41
43240.00 6.37
43250.00 6.34
43260.00 6.31
43270.00 6.28
43280.00 6.24
43290.00 6.21
43300.00 6.18
43310.00 6.15
43320.00 6.11
43330.00 6.08
43340.00 6.05
43350.00 6.02
43360.00 5.98
43370.00 5.95
43380.00 5.92
43390.00 5.88
43400.00 5.85
43410.00 5.82
43420.00 5.79
43430.00 5.75
43440.00 5.72
43450.00 5.69
43460.00 5.66
43470.00 5.62
43480.00 5.59
43490.00 5.56
43500.00 5.52
43510.00 5.49
43520.00 5.46
43530.00 5.43
43540.00 5.39
43550.00 5.36
43560.00 5.33
43570.00 5.29
43580.00 5.26
43590.00 5.23
43600.00 5.20
43610.00 5.16
43620.00 5.13
43630.00 5.10
43640.00 5.06
43650.00 5.03
43660.00 5.00
43670.00 4.96
43680.00 4.93
43690.00 4.90
43700.00 4.86
43710.00 4.83
43720.00 4.80
43730.00 4.77
43740.00 4.73
43750.00 4.70
43760.00 4.67
43770.00 4.63
43780.00 4.60
43790.00 4.57
43800.00 4.53
43810.00 4.50
43820.00 4.47
43830.00 4.43
43840.00 4.40
43850.00 4.37
43860.00 4.33
43870.00 4.30
43880.00 4.27
43890.00 4.23
43900.00 4.20
43910.00 4.17
43920.00 4.13
43930.00 4.10
43940.00 4.06
43950.00 4.03
43960.00 4.00
43970.00 3.96
43980.00 3.93
43990.00 3.90
44000.00 3.86
44010.00 3.83
44020.00 3.80
44030.00 3.76
44040.00 3.73
44050.00 3.69
44060.00 3.66
44070.00 3.63
44080.00 3.59
44090.00 3.56
44100.00 3.53
44110.00 3.49
44120.00 3.46
44130.00 3.42
44140.00 3.39
44150.00 3.36
44160.00 3.32
44170.00 3.29
44180.00 3.26
44190.00 3.22
44200.00 3.19
44210.00 3.15
44220.00 3.12
44230.00 3.09
44240.00 3.05
44250.00 3.02
44260.00 2.98
44270.00 2.95
44280.00 2.92
44290.00 2.88
44300.00 2.85
44310.00 2.81
44320.00 2.78
44330.00 2.75
44340.00 2.71
44350.00 2.68
44360.00 2.64
44370.00 2.61
44380.00 2.57
44390.00 2.54
44400.00 2.51
44410.00 2.47
44420.00 2.44
44430.00 2.40
44440.00 2.37
44450.00 2.33
44460.00 2.30
44470.00 2.27
44480.00 2.23
44490.00 2.20
44500.00 2.16
44510.00 2.13
44520.00 2.09
44530.00 2.06
44540.00 2.03
44550.00 1.99
44560.00 1.96
44570.00 1.92
44580.00 1.89
44590.00 1.85
44600.00 1.82
44610.00 1.78
44620.00 1.75
44630.00 1.71
44640.00 1.68
44650.00 1.65
44660.00 1.61
44670.00 1.58
44680.00 1.54
44690.00 1.51
44700.00 1.47
44710.00 1.44
44720.00 1.40
44730.00 1.37
44740.00 1.33
44750.00 1.30
44760.00 1.26
44770.00 1.23
44780.00 1.19
44790.00 1.16
44800.00 1.12
44810.00 1.09
44820.00 1.05
44830.00 1.02
44840.00 0.98
44850.00 0.95
44860.00 0.91
44870.00 0.88
44880.00 0.84
44890.00 0.81
44900.00 0.77
44910.00 0.74
44920.00 0.70
44930.00 0.67
44940.00 0.63
44950.00 0.60
44960.00 0.56
44970.00 0.53
44980.00 0.49
44990.00 0.46
45000.00 0.42
45010.00 0.39
45020.00 0.35
45030.00 0.32
45040.00 0.28
45050.00 0.25
45060.00 0.21
45070.00 0.18
45080.00 0.14
45090.00 0.11
45100.00 0.07
45110.00 0.04
45120.00 0.00
