0.00 183.96
10.00 183.21
20.00 182.25
30.00 181.79
40.00 179.20
50.00 175.55
60.00 171.99
70.00 169.13
80.00 166.88
90.00 164.82
100.00 163.37
110.00 161.81
120.00 160.25
130.00 158.00
140.00 156.21
150.00 154.35
160.00 152.90
170.00 151.64
180.00 150.38
190.00 150.43
200.00 150.47
210.00 150.51
220.00 150.56
230.00 150.27
240.00 149.61
250.00 148.55
260.00 147.30
270.00 146.34
280.00 145.28
290.00 144.33
300.00 143.87
310.00 143.12
320.00 142.36
330.00 142.87
340.00 140.91
350.00 139.06
360.00 137.30
370.00 135.54
380.00 133.99
390.00 132.73
400.00 133.37
410.00 131.02
420.00 128.92
430.00 126.97
440.00 125.11
450.00 123.85
460.00 123.40
470.00 122.64
480.00 123.78
490.00 124.03
500.00 125.17
510.00 126.51
520.00 124.12
530.00 125.27
540.00 125.31
550.00 125.55
560.00 124.60
570.00 123.54
580.00 124.18
590.00 124.23
600.00 122.47
610.00 120.88
620.00 119.12
630.00 117.56
640.00 116.11
650.00 114.85
660.00 113.59
670.00 112.84
680.00 111.78
690.00 110.82
700.00 110.06
710.00 108.77
720.00 108.02
730.00 107.36
740.00 106.60
750.00 105.84
760.00 105.39
770.00 104.93
780.00 104.37
790.00 103.92
800.00 105.02
810.00 102.97
820.00 103.01
830.00 103.05
840.00 103.09
850.00 103.14
860.00 105.28
870.00 105.32
880.00 105.37
890.00 104.11
900.00 103.52
910.00 103.06
920.00 102.10
930.00 100.84
940.00 100.84
950.00 99.79
960.00 98.83
970.00 97.87
980.00 97.11
990.00 95.82
1000.00 95.37
1010.00 94.61
1020.00 94.65
1030.00 95.69
1040.00 95.73
1050.00 95.78
1060.00 95.82
1070.00 95.86
1080.00 95.90
1090.00 95.91
1100.00 95.95
1110.00 96.00
1120.00 94.44
1130.00 93.78
1140.00 92.72
1150.00 91.47
1160.00 90.01
1170.00 88.75
1180.00 87.46
1190.00 86.20
1200.00 84.94
1210.00 83.88
1220.00 82.93
1230.00 82.17
1240.00 81.21
1250.00 80.15
1260.00 79.50
1270.00 78.44
1280.00 76.94
1290.00 76.39
1300.00 76.73
1310.00 76.77
1320.00 76.81
1330.00 74.75
1340.00 73.30
1350.00 72.04
1360.00 70.48
1370.00 67.09
1380.00 65.03
1390.00 65.07
1400.00 63.81
1410.00 62.36
1420.00 61.10
1430.00 59.54
1440.00 58.28
1450.00 56.72
1460.00 56.06
1470.00 54.47
1480.00 52.71
1490.00 51.15
1500.00 49.40
1510.00 47.84
1520.00 46.58
1530.00 45.62
1540.00 45.66
1550.00 45.20
1560.00 44.71
1570.00 44.75
1580.00 44.80
1590.00 45.04
1600.00 45.58
1610.00 45.92
1620.00 45.96
1630.00 46.00
1640.00 46.04
1650.00 46.09
1660.00 46.09
1670.00 46.13
1680.00 48.28
1690.00 48.32
1700.00 48.36
1710.00 48.40
1720.00 48.44
1730.00 48.48
1740.00 48.52
1750.00 48.56
1760.00 46.97
1770.00 46.81
1780.00 46.05
1790.00 45.30
1800.00 45.34
1810.00 44.88
1820.00 44.12
1830.00 43.66
1840.00 43.40
1850.00 41.91
1860.00 41.95
1870.00 42.49
1880.00 43.33
1890.00 44.07
1900.00 45.41
1910.00 46.25
1920.00 46.80
1930.00 47.14
1940.00 47.48
1950.00 47.18
1960.00 47.22
1970.00 47.57
1980.00 47.81
1990.00 48.15
2000.00 48.19
2010.00 48.23
2020.00 47.97
2030.00 47.81
2040.00 46.52
2050.00 46.26
2060.00 45.30
2070.00 45.34
2080.00 45.38
2090.00 45.92
2100.00 45.96
2110.00 46.00
2120.00 44.94
2130.00 44.48
2140.00 43.99
2150.00 44.33
2160.00 45.07
2170.00 45.71
2180.00 45.95
2190.00 45.49
2200.00 45.53
2210.00 45.87
2220.00 45.92
2230.00 45.32
2240.00 45.36
2250.00 45.20
2260.00 44.94
2270.00 45.28
2280.00 45.52
2290.00 45.56
2300.00 44.90
2310.00 43.85
2320.00 43.89
2330.00 44.39
2340.00 44.43
2350.00 44.47
2360.00 44.51
2370.00 43.55
2380.00 40.69
2390.00 32.43
2400.00 17.97
2410.00 6.31
2420.00 1.82
2430.00 0.56
2440.00 0.00
2450.00 0.04
2460.00 0.08
2470.00 0.12
2480.00 0.16
2490.00 0.20
2500.00 0.24
2510.00 0.28
2520.00 0.29
2530.00 0.33
2540.00 0.37
2550.00 0.41
2560.00 0.45
2570.00 0.49
2580.00 0.53
2590.00 0.57
2600.00 0.61
2610.00 0.61
2620.00 0.65
2630.00 0.69
2640.00 0.73
2650.00 0.77
2660.00 0.81
2670.00 0.85
2680.00 0.89
2690.00 0.93
2700.00 0.97
2710.00 0.98
2720.00 1.02
2730.00 1.06
2740.00 1.06
2750.00 1.10
2760.00 1.13
2770.00 1.17
2780.00 1.21
2790.00 1.25
2800.00 1.26
2810.00 1.30
2820.00 1.34
2830.00 1.38
2840.00 1.42
2850.00 1.46
2860.00 1.50
2870.00 1.54
2880.00 1.58
2890.00 1.62
2900.00 1.62
2910.00 1.66
2920.00 1.70
2930.00 1.74
2940.00 1.78
2950.00 1.82
2960.00 1.86
2970.00 1.90
2980.00 1.94
2990.00 1.94
3000.00 1.98
3010.00 2.02
3020.00 2.06
3030.00 2.10
3040.00 2.14
3050.00 2.18
3060.00 2.22
3070.00 2.25
3080.00 2.29
3090.00 2.30
3100.00 2.34
3110.00 2.38
3120.00 2.42
3130.00 2.46
3140.00 2.49
3150.00 2.53
3160.00 2.57
3170.00 2.61
3180.00 2.62
3190.00 2.65
3200.00 2.69
3210.00 2.73
3220.00 2.77
3230.00 2.81
3240.00 2.85
3250.00 2.89
3260.00 2.93
3270.00 2.97
3280.00 2.97
3290.00 3.01
3300.00 3.05
3310.00 3.09
3320.00 3.13
3330.00 3.17
3340.00 3.20
3350.00 3.24
3360.00 3.28
3370.00 3.29
3380.00 3.32
3390.00 3.36
3400.00 3.40
3410.00 3.44
3420.00 3.48
3430.00 3.52
3440.00 3.56
3450.00 3.60
3460.00 3.63
3470.00 3.64
3480.00 3.68
3490.00 3.71
3500.00 3.75
3510.00 3.79
3520.00 3.83
3530.00 3.87
3540.00 3.91
3550.00 3.95
3560.00 3.95
3570.00 3.99
3580.00 4.03
3590.00 4.06
3600.00 4.10
3610.00 4.14
3620.00 4.18
3630.00 4.22
3640.00 4.26
3650.00 4.30
3660.00 4.30
3670.00 4.34
3680.00 4.38
3690.00 4.41
3700.00 4.45
3710.00 4.49
3720.00 4.53
3730.00 4.57
3740.00 4.60
3750.00 4.61
3760.00 4.65
3770.00 4.68
3780.00 4.72
3790.00 4.76
3800.00 4.80
3810.00 4.84
3820.00 4.87
3830.00 4.91
3840.00 4.95
3850.00 4.95
3860.00 4.99
3870.00 5.03
3880.00 5.07
3890.00 5.11
3900.00 5.14
3910.00 5.18
3920.00 5.22
3930.00 5.26
3940.00 5.26
3950.00 5.30
3960.00 5.34
3970.00 5.37
3980.00 5.41
3990.00 5.45
4000.00 5.49
4010.00 5.53
4020.00 5.56
4030.00 5.60
4040.00 5.60
4050.00 5.64
4060.00 5.68
4070.00 5.72
4080.00 5.75
4090.00 5.79
4100.00 5.83
4110.00 5.87
4120.00 5.90
4130.00 5.91
4140.00 5.95
4150.00 5.98
4160.00 6.02
4170.00 6.06
4180.00 6.10
4190.00 6.13
4200.00 6.17
4210.00 6.21
4220.00 6.24
4230.00 6.25
4240.00 6.28
4250.00 6.32
4260.00 6.36
4270.00 6.40
4280.00 6.43
4290.00 6.47
4300.00 6.51
4310.00 6.55
4320.00 6.55
4330.00 6.59
4340.00 6.62
4350.00 6.66
4360.00 6.70
4370.00 6.73
4380.00 6.77
4390.00 6.81
4400.00 6.85
4410.00 6.88
4420.00 6.89
4430.00 6.92
4440.00 6.96
4450.00 7.00
4460.00 7.03
4470.00 7.07
4480.00 7.11
4490.00 7.15
4500.00 7.18
4510.00 7.18
4520.00 7.22
4530.00 7.26
4540.00 7.26
4550.00 7.29
4560.00 7.33
4570.00 7.37
4580.00 7.41
4590.00 7.44
4600.00 7.48
4610.00 7.48
4620.00 7.52
4630.00 7.55
4640.00 7.59
4650.00 7.63
4660.00 7.67
4670.00 7.70
4680.00 7.74
4690.00 7.78
4700.00 7.78
4710.00 7.81
4720.00 7.85
4730.00 7.89
4740.00 7.92
4750.00 7.96
4760.00 8.00
4770.00 8.03
4780.00 8.07
4790.00 8.11
4800.00 8.11
4810.00 8.14
4820.00 8.18
4830.00 8.22
4840.00 8.25
4850.00 8.29
4860.00 8.33
4870.00 8.36
4880.00 8.40
4890.00 8.40
4900.00 8.44
4910.00 8.47
4920.00 8.51
4930.00 8.55
4940.00 8.58
4950.00 8.62
4960.00 8.66
4970.00 8.69
4980.00 8.73
4990.00 8.73
5000.00 8.77
5010.00 8.80
5020.00 8.84
5030.00 8.87
5040.00 8.91
5050.00 8.95
5060.00 8.98
5070.00 9.02
5080.00 9.02
5090.00 9.06
5100.00 9.09
5110.00 9.13
5120.00 9.16
5130.00 9.20
5140.00 9.24
5150.00 9.27
5160.00 9.31
5170.00 9.34
5180.00 9.35
5190.00 9.38
5200.00 9.42
5210.00 9.45
5220.00 9.49
5230.00 9.52
5240.00 9.56
5250.00 9.60
5260.00 9.63
5270.00 9.63
5280.00 9.67
5290.00 9.70
5300.00 9.74
5310.00 9.78
5320.00 9.81
5330.00 9.85
5340.00 9.88
5350.00 9.92
5360.00 9.95
5370.00 9.95
5380.00 9.99
5390.00 10.03
5400.00 10.06
5410.00 10.10
5420.00 10.13
5430.00 10.17
5440.00 10.20
5450.00 10.24
5460.00 10.24
5470.00 10.28
5480.00 10.31
5490.00 10.35
5500.00 10.38
5510.00 10.42
5520.00 10.45
5530.00 10.49
5540.00 10.52
5550.00 10.56
5560.00 10.56
5570.00 10.59
5580.00 10.63
5590.00 10.66
5600.00 10.70
5610.00 10.74
5620.00 10.77
5630.00 10.81
5640.00 10.84
5650.00 10.84
5660.00 10.88
5670.00 10.91
5680.00 10.95
5690.00 10.98
5700.00 11.02
5710.00 11.05
5720.00 11.09
5730.00 11.12
5740.00 11.16
5750.00 11.16
5760.00 11.19
5770.00 11.23
5780.00 11.26
5790.00 11.30
5800.00 11.33
5810.00 11.37
5820.00 11.40
5830.00 11.44
5840.00 11.44
5850.00 11.47
5860.00 11.51
5870.00 11.54
5880.00 11.58
5890.00 11.61
5900.00 11.65
5910.00 11.68
5920.00 11.72
5930.00 11.75
5940.00 11.75
5950.00 11.78
5960.00 11.82
5970.00 11.85
5980.00 11.89
5990.00 11.92
6000.00 11.96
6010.00 11.99
6020.00 12.03
6030.00 12.03
6040.00 12.06
6050.00 12.10
6060.00 12.13
6070.00 12.16
6080.00 12.20
6090.00 12.23
6100.00 12.27
6110.00 12.30
6120.00 12.34
6130.00 12.34
6140.00 12.37
6150.00 12.41
6160.00 12.44
6170.00 12.47
6180.00 12.51
6190.00 12.54
6200.00 12.58
6210.00 12.61
6220.00 12.61
6230.00 12.65
6240.00 12.68
6250.00 12.71
6260.00 12.75
6270.00 12.78
6280.00 12.82
6290.00 12.85
6300.00 12.88
6310.00 12.92
6320.00 12.92
6330.00 12.95
6340.00 12.99
6350.00 12.99
6360.00 13.02
6370.00 13.05
6380.00 13.09
6390.00 13.12
6400.00 13.16
6410.00 13.16
6420.00 13.19
6430.00 13.22
6440.00 13.26
6450.00 13.29
6460.00 13.33
6470.00 13.36
6480.00 13.39
6490.00 13.43
6500.00 13.46
6510.00 13.46
6520.00 13.49
6530.00 13.53
6540.00 13.56
6550.00 13.59
6560.00 13.63
6570.00 13.66
6580.00 13.70
6590.00 13.73
6600.00 13.73
6610.00 13.76
6620.00 13.80
6630.00 13.83
6640.00 13.86
6650.00 13.90
6660.00 13.93
6670.00 13.96
6680.00 14.00
6690.00 14.03
6700.00 14.03
6710.00 14.06
6720.00 14.10
6730.00 14.13
6740.00 14.16
6750.00 14.20
6760.00 14.23
6770.00 14.26
6780.00 14.30
6790.00 14.30
6800.00 14.33
6810.00 14.36
6820.00 14.40
6830.00 14.43
6840.00 14.46
6850.00 14.50
6860.00 14.53
6870.00 14.56
6880.00 14.60
6890.00 14.59
6900.00 14.63
6910.00 14.66
6920.00 14.69
6930.00 14.73
6940.00 14.76
6950.00 14.79
6960.00 14.83
6970.00 14.86
6980.00 14.86
6990.00 14.89
7000.00 14.92
7010.00 14.96
7020.00 14.99
7030.00 15.02
7040.00 15.06
7050.00 15.09
7060.00 15.12
7070.00 15.15
7080.00 15.15
7090.00 15.19
7100.00 15.22
7110.00 15.25
7120.00 15.28
7130.00 15.32
7140.00 15.35
7150.00 15.38
7160.00 15.42
7170.00 15.45
7180.00 15.45
7190.00 15.48
7200.00 15.51
7210.00 15.54
7220.00 15.58
7230.00 15.61
7240.00 15.64
7250.00 15.67
7260.00 15.71
7270.00 15.71
7280.00 15.74
7290.00 15.77
7300.00 15.80
7310.00 15.84
7320.00 15.87
7330.00 15.90
7340.00 15.93
7350.00 15.97
7360.00 16.00
7370.00 16.00
7380.00 16.03
7390.00 16.06
7400.00 16.09
7410.00 16.13
7420.00 16.16
7430.00 16.19
7440.00 16.22
7450.00 16.26
7460.00 16.25
7470.00 16.28
7480.00 16.32
7490.00 16.35
7500.00 16.38
7510.00 16.41
7520.00 16.45
7530.00 16.48
7540.00 16.51
7550.00 16.54
7560.00 16.54
7570.00 16.57
7580.00 16.60
7590.00 16.64
7600.00 16.67
7610.00 16.70
7620.00 16.73
7630.00 16.76
7640.00 16.80
7650.00 16.79
7660.00 16.83
7670.00 16.86
7680.00 16.89
7690.00 16.92
7700.00 16.95
7710.00 16.99
7720.00 17.02
7730.00 17.05
7740.00 17.08
7750.00 17.08
7760.00 17.11
7770.00 17.14
7780.00 17.17
7790.00 17.21
7800.00 17.24
7810.00 17.27
7820.00 17.30
7830.00 17.33
7840.00 17.33
7850.00 17.36
7860.00 17.39
7870.00 17.42
7880.00 17.46
7890.00 17.49
7900.00 17.52
7910.00 17.55
7920.00 17.58
7930.00 17.61
7940.00 17.61
7950.00 17.64
7960.00 17.67
7970.00 17.71
7980.00 17.74
7990.00 17.77
8000.00 17.80
8010.00 17.83
8020.00 17.86
8030.00 17.86
8040.00 17.89
8050.00 17.92
8060.00 17.95
8070.00 17.98
8080.00 18.02
8090.00 18.05
8100.00 18.08
8110.00 18.11
8120.00 18.14
8130.00 18.14
8140.00 18.17
8150.00 18.17
8160.00 18.20
8170.00 18.23
8180.00 18.26
8190.00 18.29
8200.00 18.33
8210.00 18.36
8220.00 18.35
8230.00 18.38
8240.00 18.41
8250.00 18.45
8260.00 18.48
8270.00 18.51
8280.00 18.54
8290.00 18.57
8300.00 18.60
8310.00 18.63
8320.00 18.63
8330.00 18.66
8340.00 18.69
8350.00 18.72
8360.00 18.75
8370.00 18.78
8380.00 18.81
8390.00 18.84
8400.00 18.88
8410.00 18.87
8420.00 18.90
8430.00 18.93
8440.00 18.96
8450.00 18.99
8460.00 19.02
8470.00 19.06
8480.00 19.09
8490.00 19.12
8500.00 19.15
8510.00 19.14
8520.00 19.17
8530.00 19.20
8540.00 19.24
8550.00 19.27
8560.00 19.30
8570.00 19.33
8580.00 19.36
8590.00 19.39
8600.00 19.38
8610.00 19.41
8620.00 19.44
8630.00 19.48
8640.00 19.51
8650.00 19.54
8660.00 19.57
8670.00 19.60
8680.00 19.63
8690.00 19.66
8700.00 19.65
8710.00 19.68
8720.00 19.71
8730.00 19.74
8740.00 19.77
8750.00 19.81
8760.00 19.84
8770.00 19.87
8780.00 19.90
8790.00 19.89
8800.00 19.92
8810.00 19.95
8820.00 19.98
8830.00 20.01
8840.00 20.04
8850.00 20.07
8860.00 20.10
8870.00 20.13
8880.00 20.16
8890.00 20.16
8900.00 20.19
8910.00 20.22
8920.00 20.25
8930.00 20.28
8940.00 20.31
8950.00 20.34
8960.00 20.37
8970.00 20.40
8980.00 20.39
8990.00 20.42
9000.00 20.45
9010.00 20.48
9020.00 20.51
9030.00 20.54
9040.00 20.57
9050.00 20.60
9060.00 20.63
9070.00 20.66
9080.00 20.66
9090.00 20.69
9100.00 20.72
9110.00 20.75
9120.00 20.78
9130.00 20.81
9140.00 20.83
9150.00 20.86
9160.00 20.89
9170.00 20.89
9180.00 20.92
9190.00 20.95
9200.00 20.98
9210.00 21.01
9220.00 21.04
9230.00 21.07
9240.00 21.10
9250.00 21.13
9260.00 21.15
9270.00 21.15
9280.00 21.18
9290.00 21.21
9300.00 21.24
9310.00 21.27
9320.00 21.30
9330.00 21.33
9340.00 21.36
9350.00 21.38
9360.00 21.38
9370.00 21.41
9380.00 21.44
9390.00 21.47
9400.00 21.50
9410.00 21.53
9420.00 21.55
9430.00 21.58
9440.00 21.61
9450.00 21.64
9460.00 21.64
9470.00 21.67
9480.00 21.69
9490.00 21.72
9500.00 21.75
9510.00 21.78
9520.00 21.81
9530.00 21.84
9540.00 21.87
9550.00 21.86
9560.00 21.89
9570.00 21.92
9580.00 21.95
9590.00 21.98
9600.00 22.01
9610.00 22.04
9620.00 22.07
9630.00 22.10
9640.00 22.12
9650.00 22.12
9660.00 22.15
9670.00 22.18
9680.00 22.20
9690.00 22.23
9700.00 22.26
9710.00 22.29
9720.00 22.32
9730.00 22.35
9740.00 22.34
9750.00 22.37
9760.00 22.40
9770.00 22.43
9780.00 22.46
9790.00 22.49
9800.00 22.51
9810.00 22.54
9820.00 22.57
9830.00 22.60
9840.00 22.59
9850.00 22.62
9860.00 22.65
9870.00 22.68
9880.00 22.71
9890.00 22.74
9900.00 22.76
9910.00 22.79
9920.00 22.82
9930.00 22.81
9940.00 22.84
9950.00 22.84
9960.00 22.87
9970.00 22.90
9980.00 22.93
9990.00 22.96
10000.00 22.98
10010.00 23.01
10020.00 23.04
10030.00 23.03
10040.00 23.06
10050.00 23.09
10060.00 23.12
10070.00 23.15
10080.00 23.18
10090.00 23.20
10100.00 23.23
10110.00 23.26
10120.00 23.25
10130.00 23.28
10140.00 23.31
10150.00 23.34
10160.00 23.37
10170.00 23.39
10180.00 23.42
10190.00 23.45
10200.00 23.48
10210.00 23.51
10220.00 23.50
10230.00 23.53
10240.00 23.55
10250.00 23.58
10260.00 23.61
10270.00 23.64
10280.00 23.67
10290.00 23.69
10300.00 23.72
10310.00 23.71
10320.00 23.74
10330.00 23.77
10340.00 23.80
10350.00 23.83
10360.00 23.85
10370.00 23.88
10380.00 23.91
10390.00 23.94
10400.00 23.97
10410.00 23.96
10420.00 23.99
10430.00 24.01
10440.00 24.04
10450.00 24.07
10460.00 24.10
10470.00 24.12
10480.00 24.15
10490.00 24.18
10500.00 24.17
10510.00 24.20
10520.00 24.23
10530.00 24.25
10540.00 24.28
10550.00 24.31
10560.00 24.34
10570.00 24.36
10580.00 24.39
10590.00 24.42
10600.00 24.41
10610.00 24.44
10620.00 24.47
10630.00 24.49
10640.00 24.52
10650.00 24.55
10660.00 24.58
10670.00 24.60
10680.00 24.63
10690.00 24.62
10700.00 24.65
10710.00 24.68
10720.00 24.70
10730.00 24.73
10740.00 24.76
10750.00 24.78
10760.00 24.81
10770.00 24.84
10780.00 24.87
10790.00 24.86
10800.00 24.88
10810.00 24.91
10820.00 24.94
10830.00 24.97
10840.00 24.99
10850.00 25.02
10860.00 25.05
10870.00 25.07
10880.00 25.07
10890.00 25.09
10900.00 25.12
10910.00 25.15
10920.00 25.17
10930.00 25.20
10940.00 25.23
10950.00 25.25
10960.00 25.28
10970.00 25.31
10980.00 25.30
10990.00 25.33
11000.00 25.35
11010.00 25.38
11020.00 25.41
11030.00 25.43
11040.00 25.46
11050.00 25.49
11060.00 25.51
11070.00 25.50
11080.00 25.53
11090.00 25.56
11100.00 25.58
11110.00 25.61
11120.00 25.64
11130.00 25.66
11140.00 25.69
11150.00 25.72
11160.00 25.74
11170.00 25.74
11180.00 25.76
11190.00 25.79
11200.00 25.81
11210.00 25.84
11220.00 25.87
11230.00 25.89
11240.00 25.92
11250.00 25.95
11260.00 25.94
11270.00 25.96
11280.00 25.99
11290.00 26.02
11300.00 26.04
11310.00 26.07
11320.00 26.10
11330.00 26.12
11340.00 26.15
11350.00 26.17
11360.00 26.17
11370.00 26.19
11380.00 26.22
11390.00 26.24
11400.00 26.27
11410.00 26.30
11420.00 26.32
11430.00 26.35
11440.00 26.37
11450.00 26.37
11460.00 26.39
11470.00 26.42
11480.00 26.44
11490.00 26.47
11500.00 26.50
11510.00 26.52
11520.00 26.55
11530.00 26.57
11540.00 26.60
11550.00 26.59
11560.00 26.62
11570.00 26.64
11580.00 26.67
11590.00 26.69
11600.00 26.72
11610.00 26.75
11620.00 26.77
11630.00 26.80
11640.00 26.79
11650.00 26.81
11660.00 26.84
11670.00 26.86
11680.00 26.89
11690.00 26.92
11700.00 26.94
11710.00 26.97
11720.00 26.99
11730.00 27.02
11740.00 27.01
11750.00 27.03
11760.00 27.03
11770.00 27.06
11780.00 27.09
11790.00 27.11
11800.00 27.14
11810.00 27.16
11820.00 27.19
11830.00 27.18
11840.00 27.20
11850.00 27.23
11860.00 27.25
11870.00 27.28
11880.00 27.30
11890.00 27.33
11900.00 27.36
11910.00 27.38
11920.00 27.41
11930.00 27.40
11940.00 27.42
11950.00 27.45
11960.00 27.47
11970.00 27.50
11980.00 27.52
11990.00 27.55
12000.00 27.57
12010.00 27.60
12020.00 27.59
12030.00 27.61
12040.00 27.64
12050.00 27.66
12060.00 27.69
12070.00 27.71
12080.00 27.74
12090.00 27.76
12100.00 27.79
12110.00 27.81
12120.00 27.80
12130.00 27.83
12140.00 27.85
12150.00 27.88
12160.00 27.90
12170.00 27.93
12180.00 27.95
12190.00 27.98
12200.00 28.00
12210.00 27.99
12220.00 28.02
12230.00 28.04
12240.00 28.07
12250.00 28.09
12260.00 28.12
12270.00 28.14
12280.00 28.17
12290.00 28.19
12300.00 28.22
12310.00 28.20
12320.00 28.23
12330.00 28.25
12340.00 28.28
12350.00 28.30
12360.00 28.33
12370.00 28.35
12380.00 28.38
12390.00 28.40
12400.00 28.43
12410.00 28.42
12420.00 28.44
12430.00 28.47
12440.00 28.49
12450.00 28.51
12460.00 28.54
12470.00 28.56
12480.00 28.59
12490.00 28.61
12500.00 28.60
12510.00 28.63
12520.00 28.65
12530.00 28.67
12540.00 28.70
12550.00 28.72
12560.00 28.75
12570.00 28.77
12580.00 28.80
12590.00 28.82
12600.00 28.81
12610.00 28.83
12620.00 28.86
12630.00 28.88
12640.00 28.91
12650.00 28.93
12660.00 28.95
12670.00 28.98
12680.00 29.00
12690.00 28.99
12700.00 29.02
12710.00 29.04
12720.00 29.06
12730.00 29.09
12740.00 29.11
12750.00 29.14
12760.00 29.16
12770.00 29.18
12780.00 29.21
12790.00 29.20
12800.00 29.22
12810.00 29.24
12820.00 29.27
12830.00 29.29
12840.00 29.32
12850.00 29.34
12860.00 29.36
12870.00 29.39
12880.00 29.38
12890.00 29.40
12900.00 29.42
12910.00 29.45
12920.00 29.47
12930.00 29.50
12940.00 29.52
12950.00 29.54
12960.00 29.57
12970.00 29.59
12980.00 29.58
12990.00 29.60
13000.00 29.63
13010.00 29.65
13020.00 29.67
13030.00 29.70
13040.00 29.72
13050.00 29.74
13060.00 29.77
13070.00 29.75
13080.00 29.78
13090.00 29.80
13100.00 29.83
13110.00 29.85
13120.00 29.87
13130.00 29.90
13140.00 29.92
13150.00 29.94
13160.00 29.97
13170.00 29.95
13180.00 29.98
13190.00 30.00
13200.00 30.02
13210.00 30.05
13220.00 30.07
13230.00 30.09
13240.00 30.12
13250.00 30.14
13260.00 30.13
13270.00 30.15
13280.00 30.17
13290.00 30.20
13300.00 30.22
13310.00 30.24
13320.00 30.27
13330.00 30.29
13340.00 30.31
13350.00 30.34
13360.00 30.32
13370.00 30.35
13380.00 30.37
13390.00 30.39
13400.00 30.42
13410.00 30.44
13420.00 30.46
13430.00 30.49
13440.00 30.51
13450.00 30.49
13460.00 30.52
13470.00 30.54
13480.00 30.56
13490.00 30.59
13500.00 30.61
13510.00 30.63
13520.00 30.66
13530.00 30.68
13540.00 30.70
13550.00 30.69
13560.00 30.69
13570.00 30.71
13580.00 30.73
13590.00 30.76
13600.00 30.78
13610.00 30.80
13620.00 30.82
13630.00 30.85
13640.00 30.83
13650.00 30.86
13660.00 30.88
13670.00 30.90
13680.00 30.92
13690.00 30.95
13700.00 30.97
13710.00 30.99
13720.00 31.02
13730.00 31.04
13740.00 31.02
13750.00 31.05
13760.00 31.07
13770.00 31.09
13780.00 31.11
13790.00 31.14
13800.00 31.16
13810.00 31.18
13820.00 31.20
13830.00 31.19
13840.00 31.21
13850.00 31.23
13860.00 31.26
13870.00 31.28
13880.00 31.30
13890.00 31.32
13900.00 31.35
13910.00 31.37
13920.00 31.39
13930.00 31.38
13940.00 31.40
13950.00 31.42
13960.00 31.44
13970.00 31.47
13980.00 31.49
13990.00 31.51
14000.00 31.53
14010.00 31.55
14020.00 31.54
14030.00 31.56
14040.00 31.58
14050.00 31.61
14060.00 31.63
14070.00 31.65
14080.00 31.67
14090.00 31.70
14100.00 31.72
14110.00 31.74
14120.00 31.72
14130.00 31.75
14140.00 31.77
14150.00 31.79
14160.00 31.81
14170.00 31.83
14180.00 31.86
14190.00 31.88
14200.00 31.90
14210.00 31.89
14220.00 31.91
14230.00 31.93
14240.00 31.95
14250.00 31.97
14260.00 31.99
14270.00 32.02
14280.00 32.04
14290.00 33.36
14300.00 34.08
14310.00 33.87
14320.00 33.09
14330.00 34.21
14340.00 34.83
14350.00 35.95
14360.00 37.47
14370.00 39.00
14380.00 40.62
14390.00 41.74
14400.00 43.22
14410.00 43.25
14420.00 43.27
14430.00 43.29
14440.00 43.31
14450.00 43.33
14460.00 43.35
14470.00 43.37
14480.00 43.40
14490.00 41.42
14500.00 40.80
14510.00 40.32
14520.00 40.75
14530.00 41.17
14540.00 40.19
14550.00 38.91
14560.00 39.33
14570.00 40.25
14580.00 40.67
14590.00 40.96
14600.00 45.38
14610.00 50.50
14620.00 56.82
14630.00 62.04
14640.00 63.76
14650.00 64.18
14660.00 63.71
14670.00 64.53
14680.00 64.65
14690.00 63.73
14700.00 63.75
14710.00 63.77
14720.00 62.10
14730.00 61.12
14740.00 59.34
14750.00 57.66
14760.00 56.18
14770.00 54.50
14780.00 53.39
14790.00 53.51
14800.00 53.33
14810.00 53.15
14820.00 52.97
14830.00 52.99
14840.00 53.01
14850.00 53.13
14860.00 53.25
14870.00 53.27
14880.00 54.16
14890.00 53.08
14900.00 53.10
14910.00 54.22
14920.00 54.24
14930.00 54.26
14940.00 54.28
14950.00 52.20
14960.00 52.22
14970.00 52.21
14980.00 53.23
14990.00 54.15
15000.00 55.47
15010.00 56.99
15020.00 58.81
15030.00 60.53
15040.00 62.15
15050.00 63.67
15060.00 66.89
15070.00 71.18
15080.00 72.40
15090.00 72.42
15100.00 72.44
15110.00 72.46
15120.00 72.48
15130.00 74.50
15140.00 74.52
15150.00 74.54
15160.00 74.52
15170.00 74.54
15180.00 74.56
15190.00 74.58
15200.00 74.60
15210.00 72.92
15220.00 69.84
15230.00 66.07
15240.00 62.69
15250.00 62.11
15260.00 61.69
15270.00 61.71
15280.00 61.73
15290.00 61.75
15300.00 61.77
15310.00 61.79
15320.00 65.11
15330.00 70.13
15340.00 74.15
15350.00 76.33
15360.00 76.33
15370.00 77.75
15380.00 78.87
15390.00 79.19
15400.00 79.01
15410.00 78.83
15420.00 79.05
15430.00 79.27
15440.00 79.69
15450.00 80.98
15460.00 81.80
15470.00 82.62
15480.00 82.94
15490.00 82.16
15500.00 80.78
15510.00 78.60
15520.00 75.62
15530.00 74.34
15540.00 73.12
15550.00 73.14
15560.00 73.16
15570.00 73.18
15580.00 75.20
15590.00 75.22
15600.00 75.24
15610.00 75.26
15620.00 75.28
15630.00 73.30
15640.00 73.28
15650.00 75.30
15660.00 75.32
15670.00 75.34
15680.00 75.36
15690.00 73.38
15700.00 73.40
15710.00 73.42
15720.00 73.43
15730.00 73.42
15740.00 75.84
15750.00 79.56
15760.00 83.08
15770.00 85.60
15780.00 85.61
15790.00 85.63
15800.00 85.65
15810.00 83.57
15820.00 83.59
15830.00 82.87
15840.00 83.49
15850.00 84.91
15860.00 87.73
15870.00 92.65
15880.00 98.07
15890.00 102.29
15900.00 103.81
15910.00 103.73
15920.00 106.41
15930.00 108.13
15940.00 109.85
15950.00 111.07
15960.00 112.09
15970.00 113.71
15980.00 113.83
15990.00 115.64
16000.00 118.06
16010.00 121.68
16020.00 123.87
16030.00 125.88
16040.00 126.20
16050.00 126.82
16060.00 127.04
16070.00 127.06
16080.00 126.98
16090.00 126.80
16100.00 126.52
16110.00 126.00
16120.00 126.02
16130.00 126.64
16140.00 126.96
16150.00 126.97
16160.00 126.09
16170.00 126.11
16180.00 123.43
16190.00 121.05
16200.00 118.47
16210.00 116.05
16220.00 110.07
16230.00 104.19
16240.00 103.61
16250.00 103.12
16260.00 103.14
16270.00 103.16
16280.00 103.18
16290.00 103.30
16300.00 104.28
16310.00 104.30
16320.00 104.32
16330.00 106.34
16340.00 106.35
16350.00 106.37
16360.00 106.09
16370.00 106.91
16380.00 107.93
16390.00 108.85
16400.00 111.13
16410.00 112.25
16420.00 114.97
16430.00 115.48
16440.00 114.50
16450.00 114.52
16460.00 114.44
16470.00 110.66
16480.00 107.08
16490.00 107.76
16500.00 105.78
16510.00 105.19
16520.00 104.21
16530.00 103.13
16540.00 102.15
16550.00 100.97
16560.00 100.28
16570.00 99.80
16580.00 98.62
16590.00 99.30
16600.00 97.22
16610.00 94.74
16620.00 94.76
16630.00 94.77
16640.00 94.79
16650.00 94.81
16660.00 94.83
16670.00 96.85
16680.00 97.93
16690.00 98.65
16700.00 95.26
16710.00 88.88
16720.00 84.90
16730.00 84.92
16740.00 84.94
16750.00 84.95
16760.00 84.97
16770.00 84.89
16780.00 84.97
16790.00 84.99
16800.00 85.01
16810.00 86.22
16820.00 87.14
16830.00 87.16
16840.00 87.18
16850.00 87.19
16860.00 87.21
16870.00 87.19
16880.00 87.21
16890.00 87.23
16900.00 87.25
16910.00 87.56
16920.00 87.28
16930.00 87.30
16940.00 87.32
16950.00 87.33
16960.00 85.25
16970.00 80.93
16980.00 78.75
16990.00 77.47
17000.00 76.78
17010.00 75.30
17020.00 75.32
17030.00 75.34
17040.00 78.85
17050.00 85.87
17060.00 90.35
17070.00 94.17
17080.00 96.39
17090.00 96.40
17100.00 96.12
17110.00 95.54
17120.00 97.46
17130.00 97.47
17140.00 97.49
17150.00 97.51
17160.00 97.49
17170.00 97.49
17180.00 97.50
17190.00 97.92
17200.00 99.24
17210.00 100.56
17220.00 102.07
17230.00 104.49
17240.00 106.41
17250.00 106.59
17260.00 108.50
17270.00 112.82
17280.00 116.04
17290.00 116.06
17300.00 115.87
17310.00 115.59
17320.00 114.41
17330.00 112.42
17340.00 111.24
17350.00 108.72
17360.00 107.44
17370.00 106.05
17380.00 104.67
17390.00 103.09
17400.00 101.41
17410.00 99.72
17420.00 98.14
17430.00 95.86
17440.00 95.44
17450.00 94.25
17460.00 93.37
17470.00 92.59
17480.00 91.80
17490.00 90.82
17500.00 89.64
17510.00 88.55
17520.00 87.37
17530.00 86.19
17540.00 85.17
17550.00 83.98
17560.00 82.60
17570.00 81.52
17580.00 80.83
17590.00 80.45
17600.00 81.07
17610.00 85.78
17620.00 88.20
17630.00 90.78
17640.00 92.09
17650.00 92.31
17660.00 90.73
17670.00 88.24
17680.00 85.26
17690.00 81.38
17700.00 78.49
17710.00 76.91
17720.00 75.93
17730.00 75.91
17740.00 75.22
17750.00 74.64
17760.00 74.45
17770.00 74.47
17780.00 74.59
17790.00 75.00
17800.00 75.42
17810.00 75.84
17820.00 76.35
17830.00 76.33
17840.00 76.35
17850.00 78.36
17860.00 78.38
17870.00 78.40
17880.00 78.51
17890.00 79.73
17900.00 81.44
17910.00 83.26
17920.00 83.54
17930.00 85.55
17940.00 86.67
17950.00 87.49
17960.00 86.50
17970.00 88.62
17980.00 88.63
17990.00 88.65
18000.00 88.67
18010.00 88.68
18020.00 86.56
18030.00 86.58
18040.00 86.59
18050.00 86.61
18060.00 86.62
18070.00 86.64
18080.00 86.66
18090.00 86.67
18100.00 86.69
18110.00 86.67
18120.00 88.78
18130.00 88.80
18140.00 88.71
18150.00 88.73
18160.00 88.74
18170.00 88.36
18180.00 88.78
18190.00 88.39
18200.00 88.21
18210.00 88.79
18220.00 87.80
18230.00 87.62
18240.00 87.03
18250.00 87.85
18260.00 90.06
18270.00 94.08
18280.00 97.09
18290.00 98.91
18300.00 98.89
18310.00 98.90
18320.00 98.92
18330.00 98.93
18340.00 99.15
18350.00 99.17
18360.00 98.98
18370.00 99.00
18380.00 99.01
18390.00 98.23
18400.00 99.00
18410.00 99.02
18420.00 99.04
18430.00 99.05
18440.00 99.07
18450.00 97.08
18460.00 97.10
18470.00 99.11
18480.00 97.53
18490.00 92.50
18500.00 89.32
18510.00 87.13
18520.00 87.75
18530.00 86.97
18540.00 85.98
18550.00 85.00
18560.00 82.81
18570.00 80.23
18580.00 79.24
18590.00 77.22
18600.00 77.03
18610.00 76.85
18620.00 76.86
18630.00 77.28
18640.00 78.89
18650.00 80.91
18660.00 84.92
18670.00 89.34
18680.00 89.32
18690.00 89.53
18700.00 89.34
18710.00 87.56
18720.00 85.77
18730.00 84.39
18740.00 83.80
18750.00 83.02
18760.00 82.83
18770.00 85.45
18780.00 87.43
18790.00 87.44
18800.00 88.45
18810.00 91.07
18820.00 95.08
18830.00 97.50
18840.00 97.51
18850.00 98.53
18860.00 99.34
18870.00 99.72
18880.00 100.73
18890.00 101.55
18900.00 102.16
18910.00 102.58
18920.00 103.39
18930.00 104.81
18940.00 105.82
18950.00 107.04
18960.00 107.65
18970.00 107.21
18980.00 107.63
18990.00 109.44
19000.00 110.66
19010.00 111.87
19020.00 113.88
19030.00 117.50
19040.00 120.51
19050.00 124.13
19060.00 127.50
19070.00 129.72
19080.00 129.73
19090.00 129.75
19100.00 129.76
19110.00 129.78
19120.00 130.59
19130.00 133.60
19140.00 134.82
19150.00 134.63
19160.00 130.21
19170.00 127.82
19180.00 124.04
19190.00 122.45
19200.00 120.27
19210.00 117.28
19220.00 113.69
19230.00 110.11
19240.00 106.92
19250.00 101.90
19260.00 98.91
19270.00 95.73
19280.00 93.34
19290.00 93.15
19300.00 93.97
19310.00 96.58
19320.00 97.60
19330.00 96.61
19340.00 91.62
19350.00 88.00
19360.00 89.01
19370.00 88.63
19380.00 87.84
19390.00 89.06
19400.00 83.87
19410.00 77.88
19420.00 78.90
19430.00 80.31
19440.00 78.89
19450.00 79.50
19460.00 79.11
19470.00 76.53
19480.00 75.14
19490.00 73.75
19500.00 68.57
19510.00 60.58
19520.00 56.00
19530.00 56.41
19540.00 53.18
19550.00 52.20
19560.00 51.21
19570.00 48.63
19580.00 40.84
19590.00 39.25
19600.00 39.27
19610.00 39.28
19620.00 39.29
19630.00 39.27
19640.00 39.28
19650.00 39.30
19660.00 39.31
19670.00 39.32
19680.00 39.34
19690.00 39.35
19700.00 39.36
19710.00 39.38
19720.00 39.39
19730.00 39.36
19740.00 39.38
19750.00 39.39
19760.00 39.40
19770.00 39.42
19780.00 39.43
19790.00 39.44
19800.00 39.46
19810.00 39.47
19820.00 39.45
19830.00 39.46
19840.00 39.47
19850.00 39.48
19860.00 39.50
19870.00 39.51
19880.00 39.52
19890.00 39.54
19900.00 39.55
19910.00 39.56
19920.00 39.54
19930.00 39.55
19940.00 39.56
19950.00 39.58
19960.00 39.59
19970.00 39.60
19980.00 39.61
19990.00 39.63
20000.00 39.64
20010.00 39.62
20020.00 39.63
20030.00 39.64
20040.00 39.65
20050.00 39.67
20060.00 39.68
20070.00 39.69
20080.00 39.70
20090.00 39.72
20100.00 39.73
20110.00 39.71
20120.00 39.72
20130.00 39.73
20140.00 39.74
20150.00 39.76
20160.00 39.77
20170.00 39.78
20180.00 39.79
20190.00 39.81
20200.00 39.78
20210.00 39.79
20220.00 39.81
20230.00 39.82
20240.00 39.83
20250.00 39.84
20260.00 39.86
20270.00 39.87
20280.00 39.88
20290.00 39.89
20300.00 39.87
20310.00 39.88
20320.00 39.89
20330.00 39.90
20340.00 39.92
20350.00 39.93
20360.00 39.94
20370.00 39.95
20380.00 39.97
20390.00 39.94
20400.00 39.95
20410.00 39.96
20420.00 39.98
20430.00 39.99
20440.00 40.00
20450.00 40.01
20460.00 40.03
20470.00 40.04
20480.00 40.05
20490.00 40.22
20500.00 41.04
20510.00 41.65
20520.00 41.06
20530.00 43.07
20540.00 43.08
20550.00 41.10
20560.00 41.71
20570.00 41.12
20580.00 40.49
20590.00 40.11
20600.00 40.12
20610.00 40.13
20620.00 40.14
20630.00 40.15
20640.00 40.16
20650.00 40.18
20660.00 40.19
20670.00 40.20
20680.00 40.17
20690.00 40.19
20700.00 40.20
20710.00 40.21
20720.00 40.22
20730.00 40.23
20740.00 40.24
20750.00 40.26
20760.00 40.27
20770.00 40.23
20780.00 40.24
20790.00 40.25
20800.00 40.26
20810.00 40.28
20820.00 40.29
20830.00 40.30
20840.00 40.31
20850.00 40.32
20860.00 40.33
20870.00 40.31
20880.00 40.32
20890.00 40.33
20900.00 40.34
20910.00 40.35
20920.00 40.36
20930.00 40.38
20940.00 40.39
20950.00 40.40
20960.00 40.37
20970.00 40.38
20980.00 40.39
20990.00 40.41
21000.00 40.42
21010.00 40.43
21020.00 40.44
21030.00 40.45
21040.00 40.46
21050.00 40.47
21060.00 40.45
21070.00 40.46
21080.00 40.47
21090.00 40.48
21100.00 40.49
21110.00 40.50
21120.00 40.51
21130.00 40.52
21140.00 40.54
21150.00 40.51
21160.00 40.52
21170.00 40.53
21180.00 40.54
21190.00 40.55
21200.00 40.56
21210.00 40.57
21220.00 40.59
21230.00 40.60
21240.00 40.61
21250.00 40.58
21260.00 40.59
21270.00 40.60
21280.00 40.61
21290.00 40.62
21300.00 40.63
21310.00 40.65
21320.00 40.66
21330.00 40.67
21340.00 40.64
21350.00 40.65
21360.00 40.66
21370.00 40.67
21380.00 40.68
21390.00 40.69
21400.00 40.70
21410.00 40.71
21420.00 40.73
21430.00 40.74
21440.00 42.11
21450.00 44.72
21460.00 48.13
21470.00 50.54
21480.00 51.75
21490.00 51.76
21500.00 49.77
21510.00 51.78
21520.00 51.79
21530.00 49.17
21540.00 42.78
21550.00 40.79
21560.00 40.80
21570.00 40.81
21580.00 40.82
21590.00 40.83
21600.00 40.84
21610.00 40.85
21620.00 40.86
21630.00 40.83
21640.00 40.84
21650.00 40.85
21660.00 40.86
21670.00 40.87
21680.00 40.88
21690.00 40.89
21700.00 40.90
21710.00 40.91
21720.00 40.88
21730.00 40.89
21740.00 40.90
21750.00 40.91
21760.00 40.92
21770.00 40.93
21780.00 40.95
21790.00 40.96
21800.00 40.97
21810.00 40.97
21820.00 40.95
21830.00 40.96
21840.00 40.97
21850.00 40.98
21860.00 40.99
21870.00 41.00
21880.00 41.01
21890.00 41.02
21900.00 41.03
21910.00 41.00
21920.00 41.01
21930.00 41.02
21940.00 41.03
21950.00 41.04
21960.00 41.05
21970.00 41.06
21980.00 41.07
21990.00 41.08
22000.00 41.09
22010.00 41.06
22020.00 41.07
22030.00 41.08
22040.00 41.09
22050.00 41.10
22060.00 41.11
22070.00 41.12
22080.00 41.13
22090.00 41.13
22100.00 41.11
22110.00 41.12
22120.00 41.13
22130.00 41.13
22140.00 41.14
22150.00 41.15
22160.00 41.16
22170.00 41.17
22180.00 41.18
22190.00 41.19
22200.00 41.16
22210.00 41.17
22220.00 41.18
22230.00 41.19
22240.00 41.20
22250.00 41.21
22260.00 41.22
22270.00 41.23
22280.00 41.24
22290.00 41.21
22300.00 41.22
22310.00 41.23
22320.00 41.24
22330.00 41.25
22340.00 41.25
22350.00 41.26
22360.00 41.27
22370.00 41.28
22380.00 41.29
22390.00 41.26
22400.00 41.27
22410.00 41.28
22420.00 41.29
22430.00 41.30
22440.00 41.31
22450.00 41.32
22460.00 41.33
22470.00 41.33
22480.00 41.31
22490.00 41.31
22500.00 41.32
22510.00 41.33
22520.00 41.34
22530.00 41.35
22540.00 41.36
22550.00 41.37
22560.00 41.38
22570.00 41.38
22580.00 41.35
22590.00 41.36
22600.00 41.36
22610.00 41.37
22620.00 41.38
22630.00 41.39
22640.00 41.40
22650.00 41.41
22660.00 41.42
22670.00 41.39
22680.00 41.40
22690.00 41.40
22700.00 41.41
22710.00 41.42
22720.00 41.43
22730.00 41.44
22740.00 41.45
22750.00 41.46
22760.00 41.46
22770.00 41.44
22780.00 41.44
22790.00 41.45
22800.00 41.46
22810.00 41.47
22820.00 41.48
22830.00 41.49
22840.00 41.49
22850.00 41.50
22860.00 41.47
22870.00 41.48
22880.00 41.49
22890.00 41.50
22900.00 41.51
22910.00 41.51
22920.00 41.52
22930.00 41.53
22940.00 41.54
22950.00 41.55
22960.00 41.52
22970.00 41.53
22980.00 41.53
22990.00 41.54
23000.00 41.55
23010.00 41.56
23020.00 41.57
23030.00 41.57
23040.00 41.58
23050.00 41.55
23060.00 41.56
23070.00 41.57
23080.00 41.58
23090.00 41.58
23100.00 41.59
23110.00 41.60
23120.00 41.61
23130.00 41.62
23140.00 41.62
23150.00 41.59
23160.00 41.60
23170.00 41.61
23180.00 41.62
23190.00 41.63
23200.00 41.63
23210.00 41.64
23220.00 41.65
23230.00 41.66
23240.00 41.66
23250.00 41.63
23260.00 41.64
23270.00 41.65
23280.00 41.66
23290.00 41.67
23300.00 41.67
23310.00 41.68
23320.00 41.69
23330.00 41.70
23340.00 41.67
23350.00 41.67
23360.00 41.68
23370.00 41.69
23380.00 41.70
23390.00 41.70
23400.00 41.71
23410.00 41.72
23420.00 41.73
23430.00 41.73
23440.00 41.70
23450.00 41.71
23460.00 41.72
23470.00 41.72
23480.00 41.73
23490.00 41.74
23500.00 41.75
23510.00 41.75
23520.00 41.76
23530.00 41.73
23540.00 41.74
23550.00 41.74
23560.00 41.75
23570.00 41.76
23580.00 41.77
23590.00 41.77
23600.00 41.78
23610.00 41.79
23620.00 41.80
23630.00 41.76
23640.00 41.77
23650.00 41.78
23660.00 41.79
23670.00 41.79
23680.00 41.80
23690.00 41.81
23700.00 41.81
23710.00 41.82
23720.00 41.79
23730.00 41.80
23740.00 41.80
23750.00 41.81
23760.00 41.82
23770.00 41.82
23780.00 41.83
23790.00 41.84
23800.00 41.85
23810.00 41.85
23820.00 41.82
23830.00 41.83
23840.00 41.83
23850.00 41.84
23860.00 41.85
23870.00 41.85
23880.00 41.86
23890.00 41.87
23900.00 41.87
23910.00 41.84
23920.00 41.85
23930.00 41.86
23940.00 41.86
23950.00 41.87
23960.00 41.88
23970.00 41.88
23980.00 41.89
23990.00 41.90
24000.00 41.90
24010.00 41.87
24020.00 41.88
24030.00 41.88
24040.00 41.89
24050.00 41.90
24060.00 41.90
24070.00 41.91
24080.00 41.92
24090.00 41.92
24100.00 41.89
24110.00 41.90
24120.00 41.90
24130.00 41.91
24140.00 41.92
24150.00 41.92
24160.00 41.93
24170.00 41.94
24180.00 41.94
24190.00 41.95
24200.00 41.92
24210.00 41.92
24220.00 41.93
24230.00 41.94
24240.00 41.94
24250.00 41.95
24260.00 41.95
24270.00 41.96
24280.00 41.97
24290.00 41.93
24300.00 41.94
24310.00 41.95
24320.00 41.95
24330.00 41.96
24340.00 41.96
24350.00 41.97
24360.00 41.98
24370.00 41.98
24380.00 41.98
24390.00 41.95
24400.00 41.96
24410.00 41.96
24420.00 41.97
24430.00 41.97
24440.00 41.98
24450.00 41.99
24460.00 41.99
24470.00 42.00
24480.00 41.96
24490.00 41.97
24500.00 41.98
24510.00 41.98
24520.00 41.99
24530.00 41.99
24540.00 42.00
24550.00 42.00
24560.00 42.01
24570.00 42.02
24580.00 41.98
24590.00 41.99
24600.00 42.00
24610.00 42.00
24620.00 42.01
24630.00 42.01
24640.00 42.02
24650.00 42.02
24660.00 42.03
24670.00 42.00
24680.00 42.00
24690.00 42.01
24700.00 42.01
24710.00 42.02
24720.00 42.02
24730.00 42.03
24740.00 42.03
24750.00 42.04
24760.00 42.04
24770.00 42.01
24780.00 42.02
24790.00 42.02
24800.00 42.03
24810.00 42.03
24820.00 42.04
24830.00 42.04
24840.00 42.05
24850.00 42.05
24860.00 42.02
24870.00 42.03
24880.00 42.03
24890.00 42.04
24900.00 42.04
24910.00 42.05
24920.00 42.05
24930.00 42.06
24940.00 42.06
24950.00 42.07
24960.00 42.03
24970.00 42.04
24980.00 42.04
24990.00 42.05
25000.00 42.05
25010.00 44.96
25020.00 51.76
25030.00 57.17
25040.00 62.17
25050.00 73.54
25060.00 75.35
25070.00 73.05
25080.00 76.66
25090.00 83.06
25100.00 88.07
25110.00 92.57
25120.00 95.77
25130.00 102.08
25140.00 107.58
25150.00 112.95
25160.00 113.46
25170.00 110.26
25180.00 104.77
25190.00 97.97
25200.00 81.67
25210.00 74.48
25220.00 67.68
25230.00 64.89
25240.00 68.55
25250.00 70.76
25260.00 75.76
25270.00 77.57
25280.00 77.57
25290.00 78.48
25300.00 79.88
25310.00 84.39
25320.00 86.29
25330.00 86.30
25340.00 92.06
25350.00 94.87
25360.00 93.07
25370.00 91.18
25380.00 85.28
25390.00 77.58
25400.00 77.59
25410.00 83.49
25420.00 87.60
25430.00 98.46
25440.00 97.97
25450.00 96.67
25460.00 95.78
25470.00 93.48
25480.00 92.58
25490.00 91.69
25500.00 92.09
25510.00 94.40
25520.00 94.90
25530.00 101.17
25540.00 100.77
25550.00 104.78
25560.00 110.28
25570.00 115.68
25580.00 120.29
25590.00 122.09
25600.00 132.00
25610.00 133.90
25620.00 145.17
25630.00 146.07
25640.00 146.97
25650.00 150.58
25660.00 153.78
25670.00 156.09
25680.00 156.09
25690.00 156.99
25700.00 158.30
25710.00 160.20
25720.00 167.87
25730.00 161.47
25740.00 152.37
25750.00 144.68
25760.00 137.48
25770.00 133.89
25780.00 132.89
25790.00 130.19
25800.00 128.90
25810.00 135.66
25820.00 136.57
25830.00 136.97
25840.00 137.47
25850.00 140.18
25860.00 141.98
25870.00 143.38
25880.00 145.19
25890.00 146.99
25900.00 148.40
25910.00 161.06
25920.00 163.76
25930.00 164.67
25940.00 165.97
25950.00 167.87
25960.00 168.28
25970.00 168.78
25980.00 169.18
25990.00 169.19
26000.00 180.55
26010.00 177.76
26020.00 176.86
26030.00 175.96
26040.00 175.57
26050.00 176.47
26060.00 173.27
26070.00 170.58
26080.00 167.38
26090.00 163.78
26100.00 169.15
26110.00 167.35
26120.00 164.65
26130.00 161.96
26140.00 161.46
26150.00 160.56
26160.00 160.57
26170.00 161.07
26180.00 161.07
26190.00 164.14
26200.00 162.84
26210.00 160.14
26220.00 157.84
26230.00 158.75
26240.00 159.65
26250.00 160.55
26260.00 161.96
26270.00 161.96
26280.00 161.96
26290.00 164.13
26300.00 161.43
26310.00 159.13
26320.00 157.34
26330.00 157.34
26340.00 158.74
26350.00 159.65
26360.00 157.85
26370.00 154.65
26380.00 154.62
26390.00 151.02
26400.00 148.72
26410.00 148.32
26420.00 147.83
26430.00 145.13
26440.00 142.83
26450.00 140.63
26460.00 139.24
26470.00 139.24
26480.00 149.20
26490.00 150.11
26500.00 150.11
26510.00 149.61
26520.00 149.22
26530.00 148.32
26540.00 145.52
26550.00 141.92
26560.00 141.93
26570.00 148.69
26580.00 152.29
26590.00 158.19
26600.00 164.10
26610.00 167.30
26620.00 169.60
26630.00 170.90
26640.00 171.81
26650.00 173.21
26660.00 175.91
26670.00 178.58
26680.00 179.48
26690.00 180.48
26700.00 181.78
26710.00 183.19
26720.00 183.19
26730.00 182.69
26740.00 182.69
26750.00 183.19
26760.00 190.36
26770.00 193.06
26780.00 196.26
26790.00 199.86
26800.00 198.57
26810.00 195.87
26820.00 194.47
26830.00 194.07
26840.00 195.88
26850.00 197.68
26860.00 205.34
26870.00 209.44
26880.00 211.25
26890.00 210.75
26900.00 208.95
26910.00 207.15
26920.00 205.75
26930.00 203.96
26940.00 202.16
26950.00 206.22
26960.00 204.42
26970.00 204.82
26980.00 204.43
26990.00 206.23
27000.00 208.03
27010.00 209.83
27020.00 210.73
27030.00 213.04
27040.00 213.04
27050.00 213.00
27060.00 213.00
27070.00 213.00
27080.00 213.01
27090.00 213.01
27100.00 213.01
27110.00 211.21
27120.00 212.11
27130.00 212.11
27140.00 210.28
27150.00 210.28
27160.00 210.28
27170.00 209.78
27180.00 208.48
27190.00 206.19
27200.00 203.49
27210.00 198.49
27220.00 191.69
27230.00 189.89
27240.00 187.15
27250.00 184.36
27260.00 179.86
27270.00 174.86
27280.00 169.46
27290.00 164.46
27300.00 161.26
27310.00 158.56
27320.00 157.17
27330.00 160.33
27340.00 158.53
27350.00 158.03
27360.00 158.03
27370.00 158.53
27380.00 158.54
27390.00 157.64
27400.00 156.24
27410.00 154.44
27420.00 152.64
27430.00 153.50
27440.00 153.10
27450.00 152.61
27460.00 150.31
27470.00 144.91
27480.00 140.41
27490.00 137.21
27500.00 133.11
27510.00 129.01
27520.00 131.67
27530.00 123.58
27540.00 119.48
27550.00 115.88
27560.00 113.18
27570.00 111.78
27580.00 110.88
27590.00 109.98
27600.00 108.18
27610.00 106.38
27620.00 106.35
27630.00 104.45
27640.00 102.65
27650.00 101.35
27660.00 97.65
27670.00 89.05
27680.00 82.75
27690.00 80.95
27700.00 80.45
27710.00 80.91
27720.00 80.91
27730.00 80.92
27740.00 80.92
27750.00 80.92
27760.00 82.72
27770.00 82.72
27780.00 82.72
27790.00 82.22
27800.00 82.72
27810.00 82.18
27820.00 83.58
27830.00 85.88
27840.00 89.88
27850.00 91.68
27860.00 93.08
27870.00 94.49
27880.00 96.29
27890.00 97.59
27900.00 99.45
27910.00 100.35
27920.00 100.75
27930.00 100.75
27940.00 101.25
27950.00 101.65
27960.00 101.65
27970.00 101.65
27980.00 100.75
27990.00 100.75
28000.00 100.71
28010.00 100.71
28020.00 103.41
28030.00 109.81
28040.00 111.11
28050.00 108.01
28060.00 103.91
28070.00 101.61
28080.00 100.31
28090.00 99.78
28100.00 99.38
28110.00 99.38
28120.00 99.78
28130.00 100.68
28140.00 100.68
28150.00 100.68
28160.00 101.58
28170.00 102.48
28180.00 103.38
28190.00 107.74
28200.00 109.34
28210.00 109.34
28220.00 109.34
28230.00 108.84
28240.00 107.04
28250.00 105.94
28260.00 103.64
28270.00 100.74
28280.00 98.30
28290.00 96.60
28300.00 95.40
28310.00 94.30
28320.00 93.10
28330.00 90.80
28340.00 88.50
28350.00 85.60
28360.00 82.70
28370.00 80.40
28380.00 76.26
28390.00 73.96
28400.00 72.76
28410.00 72.26
28420.00 72.26
28430.00 73.36
28440.00 75.66
28450.00 80.96
28460.00 84.96
28470.00 85.52
28480.00 87.82
28490.00 89.02
28500.00 98.21
28510.00 95.91
28520.00 94.21
28530.00 95.31
28540.00 97.71
28550.00 101.11
28560.00 104.61
28570.00 101.07
28580.00 100.57
28590.00 96.47
28600.00 87.17
28610.00 80.27
28620.00 78.47
28630.00 76.77
28640.00 73.87
28650.00 72.17
28660.00 70.97
28670.00 66.83
28680.00 66.33
28690.00 68.03
28700.00 70.92
28710.00 73.82
28720.00 76.72
28730.00 81.32
28740.00 85.42
28750.00 88.32
28760.00 89.98
28770.00 98.68
28780.00 102.78
28790.00 105.08
28800.00 102.78
28810.00 96.38
28820.00 88.88
28830.00 85.37
28840.00 88.87
28850.00 92.27
28860.00 88.83
28870.00 92.23
28880.00 95.13
28890.00 98.63
28900.00 99.83
28910.00 98.03
28920.00 95.13
28930.00 92.22
28940.00 89.92
28950.00 85.88
28960.00 83.48
28970.00 81.18
28980.00 78.88
28990.00 75.38
29000.00 73.08
29010.00 72.48
29020.00 71.97
29030.00 71.97
29040.00 72.47
29050.00 69.03
29060.00 69.53
29070.00 70.13
29080.00 71.33
29090.00 72.43
29100.00 73.03
29110.00 73.62
29120.00 74.22
29130.00 74.82
29140.00 71.28
29150.00 71.88
29160.00 69.48
29170.00 67.78
29180.00 66.57
29190.00 64.87
29200.00 63.17
29210.00 60.87
29220.00 58.47
29230.00 56.77
29240.00 52.13
29250.00 52.62
29260.00 52.62
29270.00 53.82
29280.00 54.42
29290.00 56.12
29300.00 57.92
29310.00 60.81
29320.00 63.11
29330.00 69.97
29340.00 69.97
29350.00 69.97
29360.00 69.97
29370.00 71.16
29380.00 72.26
29390.00 77.56
29400.00 88.56
29410.00 105.36
29420.00 114.06
29430.00 119.81
29440.00 122.11
29450.00 122.11
29460.00 119.81
29470.00 119.81
29480.00 122.10
29490.00 122.10
29500.00 122.10
29510.00 119.80
29520.00 119.16
29530.00 117.36
29540.00 113.95
29550.00 109.25
29560.00 103.45
29570.00 98.85
29580.00 98.24
29590.00 98.24
29600.00 98.84
29610.00 102.34
29620.00 102.90
29630.00 107.49
29640.00 108.09
29650.00 103.39
29660.00 96.49
29670.00 90.09
29680.00 88.38
29690.00 88.38
29700.00 88.38
29710.00 88.34
29720.00 88.83
29730.00 89.43
29740.00 93.53
29750.00 98.13
29760.00 103.92
29770.00 110.32
29780.00 117.22
29790.00 117.22
29800.00 121.92
29810.00 125.28
29820.00 125.27
29830.00 125.27
29840.00 122.97
29850.00 120.07
29860.00 110.86
29870.00 110.86
29880.00 113.16
29890.00 118.36
29900.00 119.51
29910.00 121.81
29920.00 121.81
29930.00 120.61
29940.00 119.50
29950.00 117.70
29960.00 116.50
29970.00 114.19
29980.00 111.89
29990.00 110.79
30000.00 104.35
30010.00 99.74
30020.00 97.94
30030.00 95.64
30040.00 94.44
30050.00 91.53
30060.00 88.63
30070.00 84.63
30080.00 80.02
30090.00 74.18
30100.00 69.48
30110.00 64.88
30120.00 61.37
30130.00 58.47
30140.00 56.17
30150.00 54.46
30160.00 53.26
30170.00 52.66
30180.00 52.06
30190.00 50.31
30200.00 49.21
30210.00 49.21
30220.00 49.20
30230.00 49.20
30240.00 50.90
30250.00 51.99
30260.00 54.39
30270.00 56.69
30280.00 56.65
30290.00 58.34
30300.00 58.94
30310.00 58.94
30320.00 58.93
30330.00 58.93
30340.00 61.23
30350.00 61.22
30360.00 61.22
30370.00 61.22
30380.00 61.17
30390.00 59.47
30400.00 59.47
30410.00 58.26
30420.00 57.66
30430.00 56.56
30440.00 55.95
30450.00 55.35
30460.00 53.64
30470.00 50.70
30480.00 49.00
30490.00 49.00
30500.00 48.99
30510.00 48.99
30520.00 50.08
30530.00 50.68
30540.00 51.28
30550.00 50.67
30560.00 50.67
30570.00 52.33
30580.00 53.52
30590.00 57.02
30600.00 66.82
30610.00 73.21
30620.00 80.11
30630.00 90.60
30640.00 95.80
30650.00 98.10
30660.00 102.15
30670.00 105.55
30680.00 108.45
30690.00 111.34
30700.00 112.54
30710.00 114.23
30720.00 115.43
30730.00 115.93
30740.00 115.42
30750.00 114.22
30760.00 113.08
30770.00 113.07
30780.00 112.47
30790.00 111.86
30800.00 110.16
30810.00 108.95
30820.00 107.75
30830.00 108.35
30840.00 113.04
30850.00 113.00
30860.00 114.70
30870.00 114.69
30880.00 110.09
30890.00 107.68
30900.00 111.18
30910.00 114.07
30920.00 114.07
30930.00 110.07
30940.00 105.96
30950.00 101.92
30960.00 100.71
30970.00 99.51
30980.00 103.00
30990.00 108.20
31000.00 115.20
31010.00 116.29
31020.00 114.59
31030.00 107.58
31040.00 94.24
31050.00 97.13
31060.00 90.73
31070.00 86.73
31080.00 84.42
31090.00 83.82
31100.00 86.11
31110.00 90.71
31120.00 91.90
31130.00 92.50
31140.00 90.15
31150.00 90.15
31160.00 90.65
31170.00 89.54
31180.00 89.54
31190.00 89.53
31200.00 89.53
31210.00 90.12
31220.00 88.32
31230.00 88.27
31240.00 88.27
31250.00 87.66
31260.00 84.26
31270.00 81.85
31280.00 80.75
31290.00 80.74
31300.00 80.14
31310.00 79.04
31320.00 77.23
31330.00 72.59
31340.00 70.78
31350.00 69.68
31360.00 68.47
31370.00 67.37
31380.00 67.36
31390.00 69.66
31400.00 74.85
31410.00 78.35
31420.00 85.20
31430.00 89.30
31440.00 93.29
31450.00 97.99
31460.00 101.48
31470.00 104.28
31480.00 106.67
31490.00 108.37
31500.00 110.66
31510.00 110.66
31520.00 109.51
31530.00 108.91
31540.00 109.50
31550.00 109.50
31560.00 109.49
31570.00 108.29
31580.00 108.28
31590.00 108.28
31600.00 108.27
31610.00 107.03
31620.00 107.02
31630.00 107.02
31640.00 107.01
31650.00 108.21
31660.00 109.90
31670.00 114.00
31680.00 116.29
31690.00 118.59
31700.00 119.78
31710.00 122.64
31720.00 123.73
31730.00 126.63
31740.00 130.12
31750.00 135.31
31760.00 140.51
31770.00 145.20
31780.00 148.70
31790.00 151.59
31800.00 154.95
31810.00 156.14
31820.00 156.14
31830.00 155.53
31840.00 156.12
31850.00 156.72
31860.00 160.11
31870.00 160.11
31880.00 160.10
31890.00 160.10
31900.00 163.55
31910.00 162.95
31920.00 163.54
31930.00 163.53
31940.00 162.93
31950.00 160.62
31960.00 154.32
31970.00 147.91
31980.00 140.90
31990.00 134.56
32000.00 132.15
32010.00 131.05
32020.00 129.84
32030.00 128.74
32040.00 124.63
32050.00 117.72
32060.00 111.92
32070.00 106.11
32080.00 100.91
32090.00 95.56
32100.00 92.65
32110.00 89.25
32120.00 87.44
32130.00 87.44
32140.00 86.33
32150.00 84.52
32160.00 81.62
32170.00 79.91
32180.00 78.66
32190.00 77.56
32200.00 76.95
32210.00 76.35
32220.00 76.34
32230.00 76.33
32240.00 76.33
32250.00 76.32
32260.00 78.61
32270.00 78.61
32280.00 79.16
32290.00 81.46
32300.00 84.95
32310.00 88.44
32320.00 93.64
32330.00 100.03
32340.00 104.62
32350.00 108.12
32360.00 109.81
32370.00 113.27
32380.00 112.66
32390.00 110.95
32400.00 108.65
32410.00 106.24
32420.00 104.53
32430.00 102.83
32440.00 102.22
32450.00 102.21
32460.00 101.01
32470.00 102.76
32480.00 99.85
32490.00 98.05
32500.00 94.64
32510.00 92.23
32520.00 93.43
32530.00 98.02
32540.00 101.51
32550.00 101.51
32560.00 107.86
32570.00 106.65
32580.00 104.95
32590.00 103.14
32600.00 101.43
32610.00 99.73
32620.00 96.22
32630.00 93.91
32640.00 93.90
32650.00 94.50
32660.00 101.35
32670.00 102.54
32680.00 104.24
32690.00 105.43
32700.00 105.92
32710.00 104.82
32720.00 103.01
32730.00 100.70
32740.00 95.49
32750.00 91.95
32760.00 89.04
32770.00 87.93
32780.00 87.93
32790.00 88.52
32800.00 90.21
32810.00 93.71
32820.00 95.40
32830.00 95.39
32840.00 94.78
32850.00 98.84
32860.00 98.83
32870.00 100.02
32880.00 102.31
32890.00 101.11
32900.00 98.80
32910.00 98.79
32920.00 94.19
32930.00 90.08
32940.00 85.93
32950.00 82.52
32960.00 79.62
32970.00 77.81
32980.00 76.70
32990.00 76.09
33000.00 76.69
33010.00 76.08
33020.00 76.07
33030.00 76.66
33040.00 76.62
33050.00 76.01
33060.00 75.40
33070.00 75.39
33080.00 75.39
33090.00 75.38
33100.00 75.37
33110.00 75.36
33120.00 75.36
33130.00 75.31
33140.00 75.30
33150.00 75.29
33160.00 75.29
33170.00 75.28
33180.00 75.27
33190.00 75.26
33200.00 75.25
33210.00 75.25
33220.00 76.54
33230.00 76.49
33240.00 76.48
33250.00 76.48
33260.00 76.47
33270.00 76.46
33280.00 76.45
33290.00 76.44
33300.00 76.44
33310.00 76.43
33320.00 76.38
33330.00 76.37
33340.00 76.36
33350.00 76.36
33360.00 76.35
33370.00 76.34
33380.00 76.33
33390.00 76.32
33400.00 76.32
33410.00 76.32
33420.00 76.27
33430.00 76.26
33440.00 76.25
33450.00 76.24
33460.00 76.23
33470.00 76.23
33480.00 76.22
33490.00 76.21
33500.00 76.20
33510.00 76.15
33520.00 76.15
33530.00 76.14
33540.00 76.13
33550.00 76.12
33560.00 76.11
33570.00 76.10
33580.00 76.10
33590.00 76.09
33600.00 76.08
33610.00 76.03
33620.00 76.02
33630.00 76.01
33640.00 76.01
33650.00 76.00
33660.00 75.99
33670.00 75.98
33680.00 75.97
33690.00 75.96
33700.00 75.91
33710.00 75.91
33720.00 75.90
33730.00 75.89
33740.00 75.88
33750.00 75.87
33760.00 75.86
33770.00 75.85
33780.00 75.85
33790.00 75.84
33800.00 75.79
33810.00 75.78
33820.00 75.77
33830.00 75.76
33840.00 75.75
33850.00 75.74
33860.00 75.74
33870.00 75.73
33880.00 75.72
33890.00 75.67
33900.00 75.66
33910.00 75.65
33920.00 75.64
33930.00 75.63
33940.00 75.62
33950.00 75.62
33960.00 75.61
33970.00 75.60
33980.00 75.59
33990.00 77.24
34000.00 77.23
34010.00 77.22
34020.00 77.21
34030.00 75.50
34040.00 75.49
34050.00 75.49
34060.00 75.48
34070.00 75.47
34080.00 75.46
34090.00 75.41
34100.00 75.40
34110.00 75.39
34120.00 75.38
34130.00 75.37
34140.00 75.36
34150.00 75.35
34160.00 75.34
34170.00 75.33
34180.00 75.29
34190.00 75.28
34200.00 75.27
34210.00 75.26
34220.00 75.25
34230.00 75.24
34240.00 75.23
34250.00 75.22
34260.00 75.21
34270.00 75.20
34280.00 75.15
34290.00 75.14
34300.00 75.13
34310.00 75.12
34320.00 75.11
34330.00 75.10
34340.00 75.09
34350.00 75.08
34360.00 75.08
34370.00 75.03
34380.00 75.02
34390.00 75.01
34400.00 75.00
34410.00 74.99
34420.00 74.98
34430.00 74.97
34440.00 74.96
34450.00 74.95
34460.00 74.94
34470.00 74.89
34480.00 74.88
34490.00 74.87
34500.00 74.86
34510.00 74.85
34520.00 74.84
34530.00 74.83
34540.00 74.82
34550.00 74.81
34560.00 74.76
34570.00 74.75
34580.00 74.74
34590.00 74.73
34600.00 74.72
34610.00 74.71
34620.00 74.70
34630.00 74.69
34640.00 74.68
34650.00 74.67
34660.00 74.62
34670.00 74.61
34680.00 74.60
34690.00 74.59
34700.00 74.58
34710.00 74.57
34720.00 74.56
34730.00 74.55
34740.00 74.54
34750.00 74.49
34760.00 74.48
34770.00 74.47
34780.00 74.46
34790.00 74.45
34800.00 74.44
34810.00 74.43
34820.00 74.42
34830.00 74.41
34840.00 74.40
34850.00 74.35
34860.00 74.34
34870.00 74.32
34880.00 74.31
34890.00 74.30
34900.00 74.29
34910.00 74.28
34920.00 74.27
34930.00 74.26
34940.00 74.21
34950.00 74.20
34960.00 74.19
34970.00 74.18
34980.00 74.17
34990.00 74.16
35000.00 74.15
35010.00 74.14
35020.00 74.13
35030.00 74.12
35040.00 74.07
35050.00 74.05
35060.00 74.04
35070.00 74.03
35080.00 74.02
35090.00 74.01
35100.00 74.00
35110.00 73.99
35120.00 73.98
35130.00 73.93
35140.00 73.92
35150.00 73.91
35160.00 73.90
35170.00 73.89
35180.00 73.87
35190.00 73.86
35200.00 73.86
35210.00 73.85
35220.00 73.84
35230.00 73.79
35240.00 73.78
35250.00 73.77
35260.00 73.76
35270.00 73.75
35280.00 73.74
35290.00 73.72
35300.00 73.71
35310.00 73.70
35320.00 73.65
35330.00 73.64
35340.00 73.63
35350.00 73.62
35360.00 73.61
35370.00 73.60
35380.00 73.58
35390.00 73.57
35400.00 75.86
35410.00 75.85
35420.00 73.50
35430.00 73.49
35440.00 73.48
35450.00 73.47
35460.00 73.45
35470.00 73.44
35480.00 73.43
35490.00 73.42
35500.00 73.41
35510.00 73.36
35520.00 73.35
35530.00 73.33
35540.00 73.32
35550.00 73.31
35560.00 73.30
35570.00 73.29
35580.00 73.28
35590.00 73.27
35600.00 73.25
35610.00 73.20
35620.00 73.19
35630.00 73.18
35640.00 73.17
35650.00 73.16
35660.00 73.14
35670.00 73.13
35680.00 73.12
35690.00 73.11
35700.00 73.06
35710.00 73.05
35720.00 73.03
35730.00 73.02
35740.00 73.01
35750.00 73.00
35760.00 72.99
35770.00 72.98
35780.00 72.96
35790.00 72.95
35800.00 72.90
35810.00 72.89
35820.00 72.88
35830.00 72.86
35840.00 72.85
35850.00 72.84
35860.00 72.83
35870.00 72.82
35880.00 72.80
35890.00 72.75
35900.00 72.74
35910.00 72.73
35920.00 72.72
35930.00 72.70
35940.00 72.69
35950.00 72.68
35960.00 72.67
35970.00 72.66
35980.00 72.64
35990.00 72.59
36000.00 72.58
36010.00 72.57
36020.00 72.56
36030.00 72.54
36040.00 72.53
36050.00 72.52
36060.00 72.51
36070.00 72.49
36080.00 72.44
36090.00 72.43
36100.00 72.42
36110.00 72.40
36120.00 72.39
36130.00 72.38
36140.00 72.37
36150.00 72.35
36160.00 72.34
36170.00 72.33
36180.00 72.28
36190.00 72.26
36200.00 72.25
36210.00 72.24
36220.00 72.23
36230.00 72.21
36240.00 72.20
36250.00 72.19
36260.00 72.18
36270.00 72.12
36280.00 72.11
36290.00 72.10
36300.00 72.09
36310.00 72.07
36320.00 72.06
36330.00 72.05
36340.00 72.04
36350.00 72.02
36360.00 72.01
36370.00 71.96
36380.00 71.94
36390.00 71.93
36400.00 71.92
36410.00 71.91
36420.00 71.89
36430.00 71.88
36440.00 71.87
36450.00 71.86
36460.00 71.80
36470.00 71.79
36480.00 71.78
36490.00 71.76
36500.00 71.75
36510.00 71.74
36520.00 71.72
36530.00 71.71
36540.00 71.70
36550.00 71.69
36560.00 71.63
36570.00 71.62
36580.00 71.61
36590.00 71.59
36600.00 71.58
36610.00 71.57
36620.00 71.55
36630.00 71.54
36640.00 71.53
36650.00 71.47
36660.00 71.46
36670.00 71.45
36680.00 71.43
36690.00 71.42
36700.00 71.41
36710.00 71.39
36720.00 71.38
36730.00 71.37
36740.00 71.35
36750.00 71.30
36760.00 71.29
36770.00 71.27
36780.00 71.26
36790.00 71.25
36800.00 71.23
36810.00 71.22
36820.00 71.21
36830.00 71.19
36840.00 71.14
36850.00 71.13
36860.00 71.11
36870.00 71.10
36880.00 71.09
36890.00 71.07
36900.00 71.06
36910.00 71.04
36920.00 71.03
36930.00 71.02
36940.00 70.96
36950.00 70.95
36960.00 70.94
36970.00 70.92
36980.00 70.91
36990.00 72.60
37000.00 72.60
37010.00 73.78
37020.00 75.47
37030.00 74.31
37040.00 76.60
37050.00 79.49
37060.00 80.07
37070.00 82.96
37080.00 85.84
37090.00 89.23
37100.00 92.72
37110.00 95.60
37120.00 98.49
37130.00 96.13
37140.00 98.42
37150.00 100.11
37160.00 101.29
37170.00 101.88
37180.00 105.26
37190.00 106.45
37200.00 108.14
37210.00 110.52
37220.00 104.07
37230.00 102.85
37240.00 97.64
37250.00 97.03
37260.00 95.31
37270.00 92.40
37280.00 88.38
37290.00 87.17
37300.00 88.36
37310.00 89.44
37320.00 84.19
37330.00 86.47
37340.00 87.66
37350.00 86.44
37360.00 84.13
37370.00 84.12
37380.00 85.80
37390.00 85.29
37400.00 86.97
37410.00 87.52
37420.00 92.10
37430.00 93.79
37440.00 95.57
37450.00 97.86
37460.00 97.85
37470.00 96.63
37480.00 97.82
37490.00 96.60
37500.00 93.69
37510.00 88.43
37520.00 90.82
37530.00 92.50
37540.00 94.79
37550.00 97.07
37560.00 99.96
37570.00 101.75
37580.00 103.43
37590.00 105.12
37600.00 102.16
37610.00 104.45
37620.00 105.63
37630.00 110.22
37640.00 114.30
37650.00 118.29
37660.00 121.77
37670.00 123.56
37680.00 125.84
37690.00 129.23
37700.00 128.07
37710.00 125.76
37720.00 124.54
37730.00 125.73
37740.00 123.91
37750.00 122.20
37760.00 120.98
37770.00 119.27
37780.00 117.55
37790.00 112.80
37800.00 109.38
37810.00 106.97
37820.00 105.25
37830.00 103.54
37840.00 101.72
37850.00 100.61
37860.00 101.19
37870.00 101.18
37880.00 100.56
37890.00 100.51
37900.00 101.59
37910.00 101.58
37920.00 99.26
37930.00 99.25
37940.00 100.43
37950.00 100.42
37960.00 100.40
37970.00 100.99
37980.00 99.13
37990.00 99.72
38000.00 100.30
38010.00 99.08
38020.00 99.07
38030.00 99.05
38040.00 101.34
38050.00 101.32
38060.00 101.31
38070.00 100.79
38080.00 94.94
38090.00 88.52
38100.00 82.71
38110.00 80.99
38120.00 81.47
38130.00 82.06
38140.00 82.04
38150.00 83.23
38160.00 85.51
38170.00 83.76
38180.00 83.74
38190.00 82.53
38200.00 80.81
38210.00 78.99
38220.00 78.38
38230.00 77.86
38240.00 78.35
38250.00 78.93
38260.00 78.62
38270.00 75.76
38280.00 76.84
38290.00 75.73
38300.00 74.01
38310.00 76.80
38320.00 77.98
38330.00 80.26
38340.00 80.25
38350.00 80.23
38360.00 77.88
38370.00 74.36
38380.00 73.85
38390.00 73.83
38400.00 73.21
38410.00 73.20
38420.00 73.78
38430.00 74.27
38440.00 74.85
38450.00 75.43
38460.00 73.08
38470.00 74.76
38480.00 75.84
38490.00 77.03
38500.00 76.41
38510.00 75.80
38520.00 76.38
38530.00 77.56
38540.00 79.85
38550.00 77.49
38560.00 77.48
38570.00 78.56
38580.00 80.24
38590.00 83.13
38600.00 86.51
38610.00 89.39
38620.00 91.08
38630.00 92.26
38640.00 94.55
38650.00 96.19
38660.00 99.57
38670.00 102.46
38680.00 105.84
38690.00 110.42
38700.00 116.21
38710.00 120.69
38720.00 124.77
38730.00 129.86
38740.00 129.80
38750.00 133.78
38760.00 136.67
38770.00 138.35
38780.00 143.53
38790.00 146.32
38800.00 147.50
38810.00 147.50
38820.00 148.09
38830.00 149.17
38840.00 146.21
38850.00 150.29
38860.00 157.08
38870.00 160.56
38880.00 162.24
38890.00 165.13
38900.00 167.91
38910.00 171.89
38920.00 176.48
38930.00 174.12
38940.00 179.30
38950.00 183.29
38960.00 188.47
38970.00 189.55
38980.00 193.54
38990.00 197.02
39000.00 197.00
39010.00 198.09
39020.00 198.67
39030.00 196.91
39040.00 200.89
39050.00 208.28
39060.00 214.06
39070.00 220.84
39080.00 226.63
39090.00 230.01
39100.00 232.89
39110.00 235.18
39120.00 227.12
39130.00 225.90
39140.00 227.08
39150.00 227.57
39160.00 226.45
39170.00 223.53
39180.00 221.82
39190.00 222.90
39200.00 222.88
39210.00 221.16
39220.00 214.81
39230.00 213.09
39240.00 210.17
39250.00 208.45
39260.00 203.84
39270.00 203.22
39280.00 202.70
39290.00 203.79
39300.00 204.97
39310.00 202.01
39320.00 207.69
39330.00 212.88
39340.00 214.56
39350.00 212.84
39360.00 211.62
39370.00 210.51
39380.00 207.59
39390.00 204.17
39400.00 200.75
39410.00 191.50
39420.00 188.58
39430.00 186.26
39440.00 184.54
39450.00 182.83
39460.00 182.21
39470.00 178.79
39480.00 175.87
39490.00 173.56
39500.00 172.44
39510.00 165.98
39520.00 169.46
39530.00 170.04
39540.00 169.43
39550.00 171.11
39560.00 175.09
39570.00 175.67
39580.00 178.56
39590.00 177.94
39600.00 175.58
39610.00 175.56
39620.00 177.84
39630.00 176.63
39640.00 176.61
39650.00 176.59
39660.00 175.47
39670.00 174.35
39680.00 172.54
39690.00 169.12
39700.00 158.76
39710.00 155.24
39720.00 151.22
39730.00 149.51
39740.00 148.39
39750.00 146.57
39760.00 144.85
39770.00 142.53
39780.00 139.72
39790.00 138.46
39800.00 141.94
39810.00 144.12
39820.00 145.90
39830.00 147.58
39840.00 147.57
39850.00 148.15
39860.00 148.13
39870.00 148.61
39880.00 149.19
39890.00 146.83
39900.00 146.82
39910.00 147.40
39920.00 147.38
39930.00 147.96
39940.00 148.44
39950.00 149.02
39960.00 149.01
39970.00 148.99
39980.00 147.23
39990.00 146.01
40000.00 144.29
40010.00 143.67
40020.00 143.15
40030.00 142.54
40040.00 141.42
40050.00 139.60
40060.00 137.88
40070.00 137.26
40080.00 136.70
40090.00 137.18
40100.00 137.17
40110.00 137.75
40120.00 137.73
40130.00 139.41
40140.00 142.89
40150.00 145.17
40160.00 144.55
40170.00 133.59
40180.00 134.18
40190.00 134.16
40200.00 131.84
40210.00 131.82
40220.00 131.20
40230.00 131.78
40240.00 131.16
40250.00 130.54
40260.00 130.03
40270.00 128.17
40280.00 128.15
40290.00 127.63
40300.00 127.01
40310.00 126.39
40320.00 125.77
40330.00 124.65
40340.00 124.03
40350.00 123.41
40360.00 122.86
40370.00 122.84
40380.00 122.82
40390.00 122.80
40400.00 123.28
40410.00 123.26
40420.00 123.84
40430.00 123.82
40440.00 124.40
40450.00 125.48
40460.00 128.92
40470.00 128.30
40480.00 127.69
40490.00 126.57
40500.00 125.95
40510.00 125.33
40520.00 124.81
40530.00 124.79
40540.00 124.17
40550.00 125.81
40560.00 125.79
40570.00 125.77
40580.00 123.45
40590.00 123.43
40600.00 123.41
40610.00 123.41
40620.00 123.39
40630.00 122.27
40640.00 122.26
40650.00 122.19
40660.00 122.18
40670.00 122.16
40680.00 122.14
40690.00 122.12
40700.00 122.10
40710.00 122.58
40720.00 123.16
40730.00 125.44
40740.00 131.68
40750.00 133.96
40760.00 135.64
40770.00 137.92
40780.00 141.40
40790.00 145.98
40800.00 151.66
40810.00 155.64
40820.00 157.32
40830.00 157.90
40840.00 161.24
40850.00 158.42
40860.00 156.70
40870.00 154.88
40880.00 153.76
40890.00 152.54
40900.00 154.82
40910.00 153.10
40920.00 151.98
40930.00 153.02
40940.00 150.10
40950.00 148.38
40960.00 146.66
40970.00 146.04
40980.00 147.22
40990.00 145.50
41000.00 142.58
41010.00 140.86
41020.00 142.54
41030.00 149.38
41040.00 147.06
41050.00 147.64
41060.00 149.32
41070.00 148.70
41080.00 146.38
41090.00 146.36
41100.00 147.54
41110.00 149.22
41120.00 153.76
41130.00 155.44
41140.00 156.52
41150.00 157.70
41160.00 157.08
41170.00 159.96
41180.00 163.34
41190.00 165.02
41200.00 164.50
41210.00 164.48
41220.00 170.12
41230.00 170.10
41240.00 171.18
41250.00 171.76
41260.00 172.83
41270.00 174.01
41280.00 173.99
41290.00 173.97
41300.00 171.65
41310.00 171.59
41320.00 170.97
41330.00 167.55
41340.00 165.83
41350.00 166.31
41360.00 166.29
41370.00 166.27
41380.00 168.55
41390.00 168.53
41400.00 167.41
41410.00 171.95
41420.00 171.32
41430.00 172.40
41440.00 172.98
41450.00 172.36
41460.00 170.64
41470.00 167.82
41480.00 164.30
41490.00 162.58
41500.00 165.42
41510.00 165.90
41520.00 166.48
41530.00 167.66
41540.00 166.43
41550.00 163.61
41560.00 158.99
41570.00 154.37
41580.00 152.65
41590.00 153.13
41600.00 151.97
41610.00 150.75
41620.00 150.73
41630.00 153.01
41640.00 158.18
41650.00 161.56
41660.00 160.94
41670.00 159.22
41680.00 159.80
41690.00 166.64
41700.00 163.22
41710.00 160.80
41720.00 159.68
41730.00 160.75
41740.00 159.03
41750.00 157.91
41760.00 156.19
41770.00 153.27
41780.00 149.85
41790.00 146.89
41800.00 141.67
41810.00 134.84
41820.00 129.62
41830.00 122.70
41840.00 119.78
41850.00 120.36
41860.00 122.04
41870.00 123.22
41880.00 125.45
41890.00 122.53
41900.00 122.51
41910.00 123.69
41920.00 123.67
41930.00 123.65
41940.00 123.63
41950.00 122.40
41960.00 122.38
41970.00 123.56
41980.00 124.60
41990.00 123.98
42000.00 124.56
42010.00 125.73
42020.00 126.21
42030.00 127.39
42040.00 127.37
42050.00 131.95
42060.00 131.93
42070.00 130.06
42080.00 127.24
42090.00 123.72
42100.00 119.70
42110.00 115.08
42120.00 111.05
42130.00 107.03
42140.00 103.61
42150.00 101.29
42160.00 99.57
42170.00 99.50
42180.00 98.88
42190.00 99.46
42200.00 98.24
42210.00 98.22
42220.00 94.80
42230.00 93.57
42240.00 93.55
42250.00 93.53
42260.00 93.47
42270.00 93.44
42280.00 93.42
42290.00 93.40
42300.00 93.38
42310.00 93.36
42320.00 93.33
42330.00 93.31
42340.00 93.29
42350.00 93.27
42360.00 93.20
42370.00 93.18
42380.00 93.16
42390.00 93.14
42400.00 93.12
42410.00 93.12
42420.00 93.69
42430.00 93.67
42440.00 93.65
42450.00 92.99
42460.00 93.56
42470.00 93.54
42480.00 94.62
42490.00 95.80
42500.00 96.37
42510.00 96.85
42520.00 96.83
42530.00 96.31
42540.00 94.49
42550.00 92.22
42560.00 92.70
42570.00 92.68
42580.00 93.25
42590.00 93.83
42600.00 94.91
42610.00 95.49
42620.00 97.16
42630.00 98.34
42640.00 97.68
42650.00 99.36
42660.00 101.03
42670.00 103.91
42680.00 106.19
42690.00 107.27
42700.00 107.84
42710.00 108.42
42720.00 107.20
42730.00 108.98
42740.00 107.71
42750.00 110.59
42760.00 111.07
42770.00 110.54
42780.00 107.62
42790.00 107.00
42800.00 106.47
42810.00 106.95
42820.00 107.53
42830.00 108.67
42840.00 108.64
42850.00 109.12
42860.00 110.30
42870.00 111.97
42880.00 112.55
42890.00 113.63
42900.00 114.20
42910.00 115.88
42920.00 116.46
42930.00 115.19
42940.00 118.07
42950.00 117.45
42960.00 113.43
42970.00 114.00
42980.00 112.78
42990.00 109.96
43000.00 108.23
43010.00 108.21
43020.00 106.95
43030.00 106.32
43040.00 106.90
43050.00 114.38
43060.00 118.35
43070.00 121.13
43080.00 124.01
43090.00 126.28
43100.00 126.86
43110.00 128.54
43120.00 128.47
43130.00 129.05
43140.00 130.73
43150.00 133.60
43160.00 136.98
43170.00 140.36
43180.00 142.63
43190.00 144.31
43200.00 146.09
43210.00 145.42
43220.00 144.20
43230.00 145.97
43240.00 148.25
43250.00 152.23
43260.00 157.90
43270.00 160.68
43280.00 163.36
43290.00 163.33
43300.00 163.21
43310.00 162.04
43320.00 162.52
43330.00 163.70
43340.00 164.27
43350.00 158.35
43360.00 157.13
43370.00 155.30
43380.00 157.08
43390.00 160.06
43400.00 155.79
43410.00 157.57
43420.00 159.34
43430.00 165.22
43440.00 167.00
43450.00 166.37
43460.00 163.95
43470.00 161.62
43480.00 158.00
43490.00 154.48
43500.00 147.31
43510.00 143.09
43520.00 138.36
43530.00 135.34
43540.00 133.62
43550.00 132.39
43560.00 129.97
43570.00 127.04
43580.00 123.42
43590.00 116.85
43600.00 115.03
43610.00 115.01
43620.00 117.98
43630.00 117.96
43640.00 117.93
43650.00 116.71
43660.00 112.59
43670.00 107.76
43680.00 102.44
43690.00 95.27
43700.00 89.35
43710.00 86.32
43720.00 84.60
43730.00 84.57
43740.00 84.55
43750.00 84.53
43760.00 85.10
43770.00 87.38
43780.00 86.71
43790.00 87.89
43800.00 88.46
43810.00 92.04
43820.00 94.91
43830.00 94.89
43840.00 90.17
43850.00 86.54
43860.00 84.82
43870.00 82.39
43880.00 72.83
43890.00 72.20
43900.00 69.88
43910.00 68.05
43920.00 66.23
43930.00 64.50
43940.00 62.08
43950.00 60.25
43960.00 57.93
43970.00 53.66
43980.00 53.64
43990.00 50.71
44000.00 45.89
44010.00 42.37
44020.00 39.34
44030.00 37.02
44040.00 35.19
44050.00 33.97
44060.00 33.94
44070.00 33.88
44080.00 33.85
44090.00 34.43
44100.00 32.60
44110.00 31.38
44120.00 30.75
44130.00 30.73
44140.00 30.20
44150.00 30.18
44160.00 28.91
44170.00 28.29
44180.00 28.26
44190.00 27.64
44200.00 27.61
44210.00 26.99
44220.00 26.99
44230.00 25.76
44240.00 23.44
44250.00 23.41
44260.00 23.34
44270.00 23.32
44280.00 23.29
44290.00 23.27
44300.00 23.24
44310.00 23.22
44320.00 23.19
44330.00 23.17
44340.00 23.14
44350.00 25.38
44360.00 26.55
44370.00 27.13
44380.00 27.10
44390.00 27.68
44400.00 28.25
44410.00 28.82
44420.00 30.50
44430.00 32.27
44440.00 35.25
44450.00 41.68
44460.00 46.36
44470.00 51.63
44480.00 55.81
44490.00 59.88
44500.00 63.96
44510.00 69.33
44520.00 74.60
44530.00 79.28
44540.00 85.11
44550.00 90.99
44560.00 93.36
44570.00 95.14
44580.00 96.31
44590.00 96.88
44600.00 95.66
44610.00 95.03
44620.00 95.01
44630.00 92.58
44640.00 92.51
44650.00 91.29
44660.00 90.66
44670.00 90.64
44680.00 90.61
44690.00 91.19
44700.00 91.76
44710.00 92.33
44720.00 93.51
44730.00 94.04
44740.00 96.92
44750.00 99.89
44760.00 103.46
44770.00 107.54
44780.00 111.61
44790.00 114.59
44800.00 116.36
44810.00 120.43
44820.00 125.71
44830.00 130.94
44840.00 136.91
44850.00 144.49
44860.00 150.46
44870.00 153.34
44880.00 155.11
44890.00 157.48
44900.00 159.76
44910.00 162.73
44920.00 167.41
44930.00 172.64
44940.00 177.31
44950.00 181.49
44960.00 185.56
44970.00 189.73
44980.00 193.21
44990.00 196.18
45000.00 198.46
45010.00 200.83
45020.00 202.56
45030.00 205.44
45040.00 209.01
45050.00 212.48
45060.00 216.06
45070.00 220.13
45080.00 224.90
45090.00 228.38
45100.00 231.35
45110.00 233.62
45120.00 232.36
