0.00 186.96 0.00 186.96
45.12 188.45 45.12 185.57
90.24 189.09 90.24 185.02
135.36 189.60 135.36 184.62
180.48 190.03 180.48 184.28
225.60 190.41 225.60 183.99
270.72 190.77 270.72 183.74
315.84 191.10 315.84 183.50
360.96 191.40 360.96 183.29
406.08 191.70 406.08 183.10
451.20 191.98 451.20 182.91
496.31 192.24 496.33 182.74
541.43 192.50 541.45 182.58
586.55 192.75 586.57 182.43
631.67 192.99 631.69 182.29
676.79 193.22 676.81 182.15
721.91 193.45 721.93 182.02
767.03 193.67 767.05 181.90
812.15 193.89 812.17 181.78
857.27 194.10 857.29 181.66
902.39 194.30 902.41 181.55
947.51 194.51 947.53 181.45
992.63 194.70 992.65 181.35
1037.75 194.90 1037.77 181.25
1082.87 195.09 1082.89 181.15
1127.99 195.28 1128.01 181.06
1173.11 195.46 1173.13 180.97
1218.23 195.65 1218.25 180.89
1263.35 195.83 1263.37 180.80
1308.47 196.00 1308.49 180.72
1353.59 196.18 1353.61 180.65
1398.71 196.35 1398.73 180.57
1443.83 196.52 1443.85 180.50
1488.95 196.69 1488.97 180.42
1534.07 196.86 1534.09 180.36
1579.19 197.02 1579.21 180.29
1624.31 197.19 1624.33 180.22
1669.43 197.35 1669.45 180.16
1714.55 197.51 1714.57 180.09
1759.67 197.66 1759.69 180.03
1804.79 197.82 1804.81 179.97
1849.91 197.97 1849.93 179.92
1895.03 198.13 1895.05 179.86
1940.15 198.28 1940.17 179.81
1985.27 198.43 1985.29 179.75
2030.39 198.58 2030.41 179.70
2075.51 198.73 2075.53 179.65
2120.63 198.87 2120.65 179.60
2165.75 199.02 2165.77 179.55
2210.87 199.16 2210.89 179.50
2255.99 199.30 2256.01 179.46
2301.11 199.45 2301.13 179.41
2346.23 199.59 2346.25 179.37
2391.35 199.73 2391.37 179.33
2436.47 199.87 2436.49 179.28
2481.59 200.00 2481.61 179.24
2526.71 200.14 2526.73 179.20
2571.83 200.28 2571.85 179.16
2616.95 200.41 2616.97 179.13
2662.07 200.54 2662.09 179.09
2707.19 200.68 2707.21 179.05
2752.31 200.81 2752.33 179.02
2797.43 200.94 2797.45 178.98
2842.55 201.07 2842.57 178.95
2887.67 201.20 2887.69 178.91
2932.79 201.33 2932.81 178.88
2977.91 201.46 2977.93 178.85
3023.03 201.59 3023.05 178.82
3068.15 201.71 3068.17 178.79
3113.27 201.84 3113.29 178.76
3158.39 201.97 3158.41 178.73
3203.51 202.09 3203.53 178.70
3248.63 202.21 3248.65 178.68
3293.75 202.34 3293.77 178.65
3338.87 202.46 3338.89 178.62
3383.99 202.58 3384.01 178.60
3429.11 202.70 3429.13 178.57
3474.23 202.83 3474.25 178.55
3519.35 202.95 3519.37 178.53
3564.47 203.07 3564.49 178.50
3609.59 203.18 3609.61 178.48
3654.71 203.30 3654.73 178.46
3699.83 203.42 3699.85 178.44
3744.95 203.54 3744.97 178.42
3790.07 203.66 3790.09 178.40
3835.19 203.77 3835.21 178.38
3880.31 203.89 3880.33 178.36
3925.43 204.00 3925.45 178.34
3970.55 204.12 3970.57 178.32
4015.67 204.23 4015.69 178.30
4060.79 204.35 4060.81 178.29
4105.91 204.46 4105.93 178.27
4151.03 204.57 4151.05 178.25
4196.15 204.69 4196.17 178.24
4241.27 204.80 4241.29 178.22
4286.39 204.91 4286.41 178.21
4331.51 205.02 4331.53 178.19
4376.63 205.13 4376.65 178.18
4421.75 205.24 4421.77 178.17
4466.87 205.35 4466.89 178.15
4511.99 205.46 4512.01 178.14
4557.11 205.57 4557.13 178.13
4602.23 205.68 4602.25 178.12
4647.35 205.79 4647.37 178.11
4692.47 205.89 4692.49 178.10
4737.59 206.00 4737.61 178.09
4782.70 206.11 4782.74 178.08
4827.82 206.21 4827.86 178.07
4872.94 206.32 4872.98 178.06
4918.06 206.43 4918.10 178.05
4963.18 206.53 4963.22 178.04
5008.30 206.64 5008.34 178.03
5053.42 206.74 5053.46 178.02
5098.54 206.84 5098.58 178.02
5143.66 206.95 5143.70 178.01
5188.78 207.05 5188.82 178.00
5233.90 207.16 5233.94 177.99
5279.02 207.26 5279.06 177.99
5324.14 207.36 5324.18 177.98
5369.26 207.46 5369.30 177.98
5414.38 207.56 5414.42 177.97
5459.50 207.67 5459.54 177.97
5504.62 207.77 5504.66 177.96
5549.74 207.87 5549.78 177.96
5594.86 207.97 5594.90 177.96
5639.98 208.07 5640.02 177.95
5685.10 208.17 5685.14 177.95
5730.22 208.27 5730.26 177.95
5775.34 208.37 5775.38 177.94
5820.46 208.47 5820.50 177.94
5865.58 208.56 5865.62 177.94
5910.70 208.66 5910.74 177.94
5955.82 208.76 5955.86 177.94
6000.94 208.86 6000.98 177.94
6046.06 208.96 6046.10 177.94
6091.18 209.05 6091.22 177.94
6136.30 209.15 6136.34 177.94
6181.42 209.25 6181.46 177.94
6226.54 209.34 6226.58 177.94
6271.66 209.44 6271.70 177.94
6316.78 209.54 6316.82 177.94
6361.90 209.63 6361.94 177.94
6407.02 209.73 6407.06 177.94
6452.14 209.82 6452.18 177.94
6497.26 209.92 6497.30 177.94
6542.38 210.01 6542.42 177.95
6587.50 210.10 6587.54 177.95
6632.62 210.20 6632.66 177.95
6677.74 210.29 6677.78 177.96
6722.86 210.39 6722.90 177.96
6767.98 210.48 6768.02 177.96
6813.10 210.57 6813.14 177.97
6858.22 210.66 6858.26 177.97
6903.34 210.76 6903.38 177.98
6948.46 210.85 6948.50 177.98
6993.58 210.94 6993.62 177.98
7038.70 211.03 7038.74 177.99
7083.82 211.12 7083.86 178.00
7128.94 211.21 7128.98 178.00
7174.06 211.31 7174.10 178.01
7219.18 211.40 7219.22 178.01
7264.30 211.49 7264.34 178.02
7309.42 211.58 7309.46 178.03
7354.54 211.67 7354.58 178.03
7399.66 211.76 7399.70 178.04
7444.78 211.85 7444.82 178.05
7489.90 211.94 7489.94 178.05
7535.02 212.03 7535.06 178.06
7580.14 212.11 7580.18 178.07
7625.26 212.20 7625.30 178.08
7670.38 212.29 7670.42 178.09
7715.50 212.38 7715.54 178.09
7760.62 212.47 7760.66 178.10
7805.74 212.56 7805.78 178.11
7850.86 212.64 7850.90 178.12
7895.98 212.73 7896.02 178.13
7941.10 212.82 7941.14 178.14
7986.22 212.90 7986.26 178.15
8031.34 212.99 8031.38 178.16
8076.46 213.08 8076.50 178.17
8121.58 213.16 8121.62 178.18
8166.70 213.25 8166.74 178.19
8211.82 213.34 8211.86 178.20
8256.94 213.42 8256.98 178.21
8302.06 213.51 8302.10 178.22
8347.18 213.59 8347.22 178.23
8392.30 213.68 8392.34 178.25
8437.42 213.76 8437.46 178.26
8482.54 213.85 8482.58 178.27
8527.66 213.93 8527.70 178.28
8572.78 214.02 8572.82 178.29
8617.90 214.10 8617.94 178.31
8663.02 214.19 8663.06 178.32
8708.14 214.27 8708.18 178.33
8753.26 214.35 8753.30 178.35
8798.38 214.44 8798.42 178.36
8843.50 214.52 8843.54 178.37
8888.62 214.60 8888.66 178.39
8933.74 214.69 8933.78 178.40
8978.86 214.77 8978.90 178.41
9023.98 214.85 9024.02 178.43
9069.10 214.94 9069.14 178.44
9114.22 215.02 9114.26 178.46
9159.34 215.10 9159.38 178.47
9204.46 215.18 9204.50 178.49
9249.58 215.26 9249.62 178.50
9294.70 215.34 9294.74 178.52
9339.82 215.43 9339.86 178.53
9384.94 215.51 9384.98 178.55
9430.06 215.59 9430.10 178.56
9475.18 215.67 9475.22 178.58
9520.30 215.75 9520.34 178.60
9565.42 215.83 9565.46 178.61
9610.54 215.91 9610.58 178.63
9655.66 215.99 9655.70 178.64
9700.78 216.07 9700.82 178.66
9745.90 216.15 9745.94 178.68
9791.02 216.23 9791.06 178.70
9836.14 216.31 9836.18 178.71
9881.26 216.39 9881.30 178.73
9926.38 216.47 9926.42 178.75
9971.50 216.55 9971.54 178.76
10016.62 216.63 10016.66 178.78
10061.74 216.71 10061.78 178.80
10106.86 216.78 10106.90 178.82
10151.98 216.86 10152.02 178.84
10197.10 216.94 10197.14 178.86
10242.22 217.02 10242.26 178.87
10287.34 217.10 10287.38 178.89
10332.46 217.18 10332.50 178.91
10377.58 217.25 10377.62 178.93
10422.70 217.33 10422.74 178.95
10467.82 217.41 10467.86 178.97
10512.94 217.49 10512.98 178.99
10558.06 217.56 10558.10 179.01
10603.18 217.64 10603.22 179.03
10648.30 217.72 10648.34 179.05
10693.42 217.79 10693.46 179.07
10738.54 217.87 10738.58 179.09
10783.66 217.95 10783.70 179.11
10828.78 218.02 10828.82 179.13
10873.90 218.10 10873.94 179.15
10919.02 218.17 10919.06 179.17
10964.14 218.25 10964.18 179.19
11009.26 218.32 11009.30 179.21
11054.38 218.40 11054.42 179.24
11099.50 218.48 11099.54 179.26
11144.62 218.55 11144.66 179.28
11189.74 218.63 11189.78 179.30
11234.86 218.70 11234.90 179.32
11279.98 218.78 11280.02 179.34
11325.10 218.85 11325.14 179.37
11370.22 218.92 11370.26 179.39
11415.34 219.00 11415.38 179.41
11460.46 219.07 11460.50 179.43
11505.58 219.15 11505.62 179.46
11550.70 219.22 11550.74 179.48
11595.82 219.29 11595.86 179.50
11640.94 219.37 11640.98 179.53
11686.06 219.44 11686.10 179.55
11731.18 219.52 11731.22 179.57
11776.30 219.59 11776.34 179.60
11821.42 219.66 11821.46 179.62
11866.54 219.73 11866.58 179.64
11911.66 219.81 11911.70 179.67
11956.78 219.88 11956.82 179.69
12001.90 219.95 12001.94 179.72
12047.02 220.03 12047.06 179.74
12092.14 220.10 12092.18 179.76
12137.26 220.17 12137.30 179.79
12182.38 220.24 12182.42 179.81
12227.50 220.31 12227.54 179.84
12272.62 220.39 12272.66 179.86
12317.74 220.46 12317.78 179.89
12362.86 220.53 12362.90 179.91
12407.98 220.60 12408.02 179.94
12453.10 220.67 12453.14 179.97
12498.22 220.74 12498.26 179.99
12543.34 220.81 12543.38 180.02
12588.46 220.88 12588.50 180.04
12633.58 220.96 12633.62 180.07
12678.70 221.03 12678.74 180.09
12723.82 221.10 12723.86 180.12
12768.94 221.17 12768.98 180.15
12814.06 221.24 12814.10 180.17
12859.18 221.31 12859.22 180.20
12904.30 221.38 12904.34 180.23
12949.42 221.45 12949.46 180.25
12994.54 221.52 12994.58 180.28
13039.66 221.59 13039.70 180.31
13084.78 221.66 13084.82 180.34
13129.90 221.73 13129.94 180.36
13175.02 221.79 13175.06 180.39
13220.14 221.86 13220.18 180.42
13265.26 221.93 13265.30 180.45
13310.38 222.00 13310.42 180.47
13355.50 222.07 13355.54 180.50
13400.62 222.14 13400.66 180.53
13445.74 222.21 13445.78 180.56
13490.86 222.28 13490.90 180.59
13535.98 222.34 13536.02 180.62
13581.10 222.41 13581.14 180.64
13626.22 222.48 13626.26 180.67
13671.34 222.55 13671.38 180.70
13716.46 222.62 13716.50 180.73
13761.58 222.68 13761.62 180.76
13806.70 222.75 13806.74 180.79
13851.82 222.82 13851.86 180.82
13896.94 222.89 13896.98 180.85
13942.06 222.95 13942.10 180.88
13987.18 223.02 13987.22 180.91
14032.30 223.09 14032.34 180.94
14077.42 223.16 14077.46 180.97
14122.54 223.22 14122.58 181.00
14167.66 223.29 14167.70 181.03
14212.78 223.36 14212.82 181.06
14257.90 223.42 14257.94 181.09
14303.02 223.49 14303.06 181.12
14348.14 223.55 14348.18 181.15
14393.26 223.62 14393.30 181.18
14438.38 223.69 14438.42 181.21
14483.50 223.75 14483.54 181.24
14528.62 223.82 14528.66 181.27
14573.74 223.88 14573.78 181.30
14618.86 223.95 14618.90 181.33
14663.98 224.02 14664.02 181.36
14709.10 224.08 14709.14 181.40
14754.22 224.15 14754.26 181.43
14799.34 224.21 14799.38 181.46
14844.46 224.28 14844.50 181.49
14889.58 224.34 14889.62 181.52
14934.70 224.41 14934.74 181.55
14979.82 224.47 14979.86 181.59
15024.94 224.53 15024.98 181.62
15070.06 224.60 15070.10 181.65
15115.18 224.66 15115.22 181.68
15160.30 224.73 15160.34 181.72
15205.42 224.79 15205.46 181.75
15250.54 224.86 15250.58 181.78
15295.66 224.92 15295.70 181.81
15340.78 224.98 15340.82 181.85
15385.90 225.05 15385.94 181.88
15431.02 225.11 15431.06 181.91
15476.14 225.17 15476.18 181.95
15521.26 225.24 15521.30 181.98
15566.38 225.30 15566.42 182.01
15611.50 225.36 15611.54 182.05
15656.62 225.43 15656.66 182.08
15701.74 225.49 15701.78 182.11
15746.86 225.55 15746.90 182.15
15791.98 225.62 15792.02 182.18
15837.10 225.68 15837.14 182.22
15882.22 225.74 15882.26 182.25
15927.34 225.80 15927.38 182.29
15972.46 225.87 15972.50 182.32
16017.58 225.93 16017.62 182.35
16062.70 225.99 16062.74 182.39
16107.82 226.05 16107.86 182.42
16152.94 226.11 16152.98 182.46
16198.06 226.18 16198.10 182.49
16243.18 226.24 16243.22 182.53
16288.30 226.30 16288.34 182.56
16333.42 226.36 16333.46 182.60
16378.54 226.42 16378.58 182.63
16423.66 226.48 16423.70 182.67
16468.78 226.55 16468.82 182.71
16513.90 226.61 16513.94 182.74
16559.02 226.67 16559.06 182.78
16604.14 226.73 16604.18 182.81
16649.26 226.79 16649.30 182.85
16694.38 226.85 16694.42 182.89
16739.50 226.91 16739.54 182.92
16784.62 226.97 16784.66 182.96
16829.74 227.03 16829.78 182.99
16874.86 227.09 16874.90 183.03
16919.98 227.15 16920.02 183.07
16965.10 227.21 16965.14 183.10
17010.22 227.27 17010.26 183.14
17055.34 227.33 17055.38 183.18
17100.46 227.39 17100.50 183.21
17145.58 227.45 17145.62 183.25
17190.70 227.51 17190.74 183.29
17235.82 227.57 17235.86 183.33
17280.94 227.63 17280.98 183.36
17326.06 227.69 17326.10 183.40
17371.18 227.75 17371.22 183.44
17416.30 227.81 17416.34 183.48
17461.42 227.87 17461.46 183.51
17506.54 227.93 17506.58 183.55
17551.66 227.98 17551.70 183.59
17596.78 228.04 17596.82 183.63
17641.90 228.10 17641.94 183.67
17687.02 228.16 17687.06 183.70
17732.14 228.22 17732.18 183.74
17777.26 228.28 17777.30 183.78
17822.38 228.34 17822.42 183.82
17867.50 228.39 17867.54 183.86
17912.62 228.45 17912.66 183.90
17957.74 228.51 17957.78 183.94
18002.86 228.57 18002.90 183.97
18047.98 228.62 18048.02 184.01
18093.10 228.68 18093.14 184.05
18138.22 228.74 18138.26 184.09
18183.34 228.80 18183.38 184.13
18228.46 228.85 18228.50 184.17
18273.58 228.91 18273.62 184.21
18318.70 228.97 18318.74 184.25
18363.82 229.03 18363.86 184.29
18408.94 229.08 18408.98 184.33
18454.06 229.14 18454.10 184.37
18499.18 229.20 18499.22 184.41
18544.30 229.25 18544.34 184.45
18589.42 229.31 18589.46 184.49
18634.54 229.37 18634.58 184.53
18679.66 229.42 18679.70 184.57
18724.78 229.48 18724.82 184.61
18769.90 229.54 18769.94 184.65
18815.02 229.59 18815.06 184.69
18860.14 229.65 18860.18 184.73
18905.26 229.70 18905.30 184.77
18950.38 229.76 18950.42 184.82
18995.50 229.82 18995.54 184.86
19040.62 229.87 19040.66 184.90
19085.74 229.93 19085.78 184.94
19130.86 229.98 19130.90 184.98
19175.98 230.04 19176.02 185.02
19221.10 230.09 19221.14 185.06
19266.22 230.15 19266.26 185.10
19311.34 230.20 19311.38 185.15
19356.46 230.26 19356.50 185.19
19401.58 230.31 19401.62 185.23
19446.70 230.37 19446.74 185.27
19491.82 230.42 19491.86 185.31
19536.94 230.48 19536.98 185.36
19582.06 230.53 19582.10 185.40
19627.18 230.59 19627.22 185.44
19672.30 230.64 19672.34 185.48
19717.42 230.69 19717.46 185.53
19762.54 230.75 19762.58 185.57
19807.66 230.80 19807.70 185.61
19852.78 230.86 19852.82 185.65
19897.90 230.91 19897.94 185.70
19943.02 230.96 19943.06 185.74
19988.14 231.02 19988.18 185.78
20033.26 231.07 20033.30 185.83
20078.38 231.12 20078.42 185.87
20123.50 231.18 20123.54 185.91
20168.62 231.23 20168.66 185.96
20213.74 231.28 20213.78 186.00
20258.86 231.34 20258.90 186.04
20303.98 231.39 20304.02 186.09
20349.10 231.44 20349.14 186.13
20394.22 231.50 20394.26 186.18
20439.34 231.55 20439.38 186.22
20484.46 231.60 20484.50 186.26
20529.58 231.65 20529.62 186.31
20574.70 231.71 20574.74 186.35
20619.82 231.76 20619.86 186.40
20664.94 231.81 20664.98 186.44
20710.06 231.86 20710.10 186.49
20755.18 231.92 20755.22 186.53
20800.30 231.97 20800.34 186.58
20845.42 232.02 20845.46 186.62
20890.54 232.07 20890.58 186.67
20935.66 232.12 20935.70 186.71
20980.78 232.17 20980.82 186.76
21025.90 232.23 21025.94 186.80
21071.02 232.28 21071.06 186.85
21116.14 232.33 21116.18 186.89
21161.26 232.38 21161.30 186.94
21206.38 232.43 21206.42 186.98
21251.50 232.48 21251.54 187.03
21296.62 232.53 21296.66 187.07
21341.74 232.58 21341.78 187.12
21386.86 232.64 21386.90 187.17
21431.98 232.69 21432.02 187.21
21477.10 232.74 21477.14 187.26
21522.22 232.79 21522.26 187.30
21567.34 232.84 21567.38 187.35
21612.46 232.89 21612.50 187.40
21657.58 232.94 21657.62 187.44
21702.70 232.99 21702.74 187.49
21747.82 233.04 21747.86 187.54
21792.94 233.09 21792.98 187.58
21838.06 233.14 21838.10 187.63
21883.18 233.19 21883.22 187.68
21928.30 233.24 21928.34 187.72
21973.42 233.29 21973.46 187.77
22018.54 233.34 22018.58 187.82
22063.66 233.39 22063.70 187.87
22108.78 233.44 22108.82 187.91
22153.90 233.49 22153.94 187.96
22199.02 233.53 22199.06 188.01
22244.14 233.58 22244.18 188.06
22289.26 233.63 22289.30 188.10
22334.38 233.68 22334.42 188.15
22379.50 233.73 22379.54 188.20
22424.62 233.78 22424.66 188.25
22469.74 233.83 22469.78 188.30
22514.86 233.88 22514.90 188.35
22559.98 233.92 22560.02 188.39
22605.10 233.97 22605.14 188.44
22650.22 234.02 22650.26 188.49
22695.34 234.07 22695.38 188.54
22740.46 234.12 22740.50 188.59
22785.58 234.17 22785.62 188.64
22830.70 234.21 22830.74 188.69
22875.82 234.26 22875.86 188.73
22920.94 234.31 22920.98 188.78
22966.06 234.36 22966.10 188.83
23011.18 234.40 23011.22 188.88
23056.30 234.45 23056.34 188.93
23101.42 234.50 23101.46 188.98
23146.54 234.55 23146.58 189.03
23191.66 234.59 23191.70 189.08
23236.78 234.64 23236.82 189.13
23281.90 234.69 23281.94 189.18
23327.02 234.73 23327.06 189.23
23372.14 234.78 23372.18 189.28
23417.26 234.83 23417.30 189.33
23462.38 234.87 23462.42 189.38
23507.50 234.92 23507.54 189.43
23552.62 234.97 23552.66 189.48
23597.74 235.01 23597.78 189.53
23642.86 235.06 23642.90 189.58
23687.98 235.11 23688.02 189.63
23733.10 235.15 23733.14 189.68
23778.22 235.20 23778.26 189.73
23823.34 235.24 23823.38 189.78
23868.46 235.29 23868.50 189.84
23913.58 235.34 23913.62 189.89
23958.70 235.38 23958.74 189.94
24003.82 235.43 24003.86 189.99
24048.94 235.47 24048.98 190.04
24094.06 235.52 24094.10 190.09
24139.18 235.56 24139.22 190.14
24184.30 235.61 24184.34 190.19
24229.42 235.65 24229.46 190.25
24274.54 235.70 24274.58 190.30
24319.66 235.74 24319.70 190.35
24364.78 235.79 24364.82 190.40
24409.90 235.83 24409.94 190.45
24455.02 235.88 24455.06 190.51
24500.14 235.92 24500.18 190.56
24545.26 235.97 24545.30 190.61
24590.38 236.01 24590.42 190.66
24635.50 236.05 24635.54 190.72
24680.62 236.10 24680.66 190.77
24725.74 236.14 24725.78 190.82
24770.86 236.19 24770.90 190.87
24815.98 236.23 24816.02 190.93
24861.10 236.27 24861.14 190.98
24906.22 236.32 24906.26 191.03
24951.34 236.36 24951.38 191.09
24996.46 236.40 24996.50 191.14
25041.58 236.45 25041.62 191.19
25086.70 236.49 25086.74 191.25
25131.82 236.53 25131.86 191.30
25176.94 236.58 25176.98 191.35
25222.06 236.62 25222.10 191.41
25267.18 236.66 25267.22 191.46
25312.30 236.71 25312.34 191.52
25357.42 236.75 25357.46 191.57
25402.54 236.79 25402.58 191.62
25447.66 236.83 25447.70 191.68
25492.78 236.88 25492.82 191.73
25537.90 236.92 25537.94 191.79
25583.02 236.96 25583.06 191.84
25628.14 237.00 25628.18 191.90
25673.26 237.05 25673.30 191.95
25718.38 237.09 25718.42 192.01
25763.50 237.13 25763.54 192.06
25808.62 237.17 25808.66 192.12
25853.74 237.21 25853.78 192.17
25898.86 237.25 25898.90 192.23
25943.98 237.30 25944.02 192.28
25989.10 237.34 25989.14 192.34
26034.22 237.38 26034.26 192.39
26079.34 237.42 26079.38 192.45
26124.46 237.46 26124.50 192.50
26169.58 237.50 26169.62 192.56
26214.70 237.54 26214.74 192.61
26259.82 237.58 26259.86 192.67
26304.94 237.63 26304.98 192.73
26350.06 237.67 26350.10 192.78
26395.18 237.71 26395.22 192.84
26440.30 237.75 26440.34 192.89
26485.42 237.79 26485.46 192.95
26530.54 237.83 26530.58 193.01
26575.66 237.87 26575.70 193.06
26620.78 237.91 26620.82 193.12
26665.90 237.95 26665.94 193.18
26711.02 237.99 26711.06 193.23
26756.14 238.03 26756.18 193.29
26801.26 238.07 26801.30 193.35
26846.38 238.11 26846.42 193.41
26891.50 238.15 26891.54 193.46
26936.62 238.19 26936.66 193.52
26981.74 238.23 26981.78 193.58
27026.86 238.26 27026.90 193.64
27071.98 238.30 27072.02 193.69
27117.10 238.34 27117.14 193.75
27162.22 238.38 27162.26 193.81
27207.34 238.42 27207.38 193.87
27252.46 238.46 27252.50 193.92
27297.58 238.50 27297.62 193.98
27342.70 238.54 27342.74 194.04
27387.82 238.58 27387.86 194.10
27432.94 238.61 27432.98 194.16
27478.06 238.65 27478.10 194.22
27523.18 238.69 27523.22 194.27
27568.30 238.73 27568.34 194.33
27613.42 238.77 27613.46 194.39
27658.54 238.80 27658.58 194.45
27703.66 238.84 27703.70 194.51
27748.78 238.88 27748.82 194.57
27793.90 238.92 27793.94 194.63
27839.02 238.95 27839.06 194.69
27884.14 238.99 27884.18 194.75
27929.26 239.03 27929.30 194.81
27974.38 239.07 27974.42 194.87
28019.50 239.10 28019.54 194.93
28064.62 239.14 28064.66 194.99
28109.74 239.18 28109.78 195.05
28154.86 239.21 28154.90 195.11
28199.98 239.25 28200.02 195.17
28245.10 239.29 28245.14 195.23
28290.22 239.32 28290.26 195.29
28335.34 239.36 28335.38 195.35
28380.46 239.40 28380.50 195.41
28425.58 239.43 28425.62 195.47
28470.70 239.47 28470.74 195.53
28515.82 239.50 28515.86 195.59
28560.94 239.54 28560.98 195.65
28606.06 239.58 28606.10 195.71
28651.18 239.61 28651.22 195.77
28696.30 239.65 28696.34 195.83
28741.42 239.68 28741.46 195.90
28786.54 239.72 28786.58 195.96
28831.66 239.75 28831.70 196.02
28876.78 239.79 28876.82 196.08
28921.90 239.82 28921.94 196.14
28967.02 239.86 28967.06 196.20
29012.14 239.89 29012.18 196.27
29057.26 239.93 29057.30 196.33
29102.38 239.96 29102.42 196.39
29147.50 240.00 29147.54 196.45
29192.62 240.03 29192.66 196.51
29237.74 240.07 29237.78 196.58
29282.86 240.10 29282.90 196.64
29327.98 240.14 29328.02 196.70
29373.10 240.17 29373.14 196.76
29418.22 240.20 29418.26 196.83
29463.34 240.24 29463.38 196.89
29508.46 240.27 29508.50 196.95
29553.58 240.30 29553.62 197.02
29598.70 240.34 29598.74 197.08
29643.82 240.37 29643.86 197.14
29688.94 240.40 29688.98 197.21
29734.06 240.44 29734.10 197.27
29779.18 240.47 29779.22 197.33
29824.30 240.50 29824.34 197.40
29869.42 240.54 29869.46 197.46
29914.54 240.57 29914.58 197.53
29959.66 240.60 29959.70 197.59
30004.78 240.63 30004.82 197.65
30049.90 240.67 30049.94 197.72
30095.02 240.70 30095.06 197.78
30140.14 240.73 30140.18 197.85
30185.26 240.76 30185.30 197.91
30230.38 240.80 30230.42 197.98
30275.50 240.83 30275.54 198.04
30320.62 240.86 30320.66 198.11
30365.74 240.89 30365.78 198.17
30410.86 240.92 30410.90 198.24
30455.98 240.95 30456.02 198.30
30501.10 240.98 30501.14 198.37
30546.22 241.02 30546.26 198.43
30591.34 241.05 30591.38 198.50
30636.46 241.08 30636.50 198.57
30681.58 241.11 30681.62 198.63
30726.70 241.14 30726.74 198.70
30771.82 241.17 30771.86 198.76
30816.94 241.20 30816.98 198.83
30862.06 241.23 30862.10 198.90
30907.18 241.26 30907.22 198.96
30952.30 241.29 30952.34 199.03
30997.42 241.32 30997.46 199.10
31042.54 241.35 31042.58 199.16
31087.66 241.38 31087.70 199.23
31132.78 241.41 31132.82 199.30
31177.90 241.44 31177.94 199.36
31223.02 241.47 31223.06 199.43
31268.14 241.50 31268.18 199.50
31313.26 241.53 31313.30 199.57
31358.38 241.56 31358.42 199.63
31403.50 241.59 31403.54 199.70
31448.62 241.62 31448.66 199.77
31493.74 241.65 31493.78 199.84
31538.86 241.67 31538.90 199.91
31583.98 241.70 31584.02 199.97
31629.10 241.73 31629.14 200.04
31674.22 241.76 31674.26 200.11
31719.34 241.79 31719.38 200.18
31764.46 241.82 31764.50 200.25
31809.58 241.84 31809.62 200.32
31854.70 241.87 31854.74 200.39
31899.82 241.90 31899.86 200.45
31944.94 241.93 31944.98 200.52
31990.06 241.95 31990.10 200.59
32035.18 241.98 32035.22 200.66
32080.30 242.01 32080.34 200.73
32125.42 242.04 32125.46 200.80
32170.54 242.06 32170.58 200.87
32215.66 242.09 32215.70 200.94
32260.78 242.12 32260.82 201.01
32305.90 242.14 32305.94 201.08
32351.02 242.17 32351.06 201.15
32396.14 242.20 32396.18 201.22
32441.26 242.22 32441.30 201.29
32486.38 242.25 32486.42 201.36
32531.50 242.28 32531.54 201.43
32576.62 242.30 32576.66 201.50
32621.74 242.33 32621.78 201.58
32666.86 242.35 32666.90 201.65
32711.98 242.38 32712.02 201.72
32757.10 242.40 32757.14 201.79
32802.22 242.43 32802.26 201.86
32847.34 242.45 32847.38 201.93
32892.46 242.48 32892.50 202.00
32937.58 242.50 32937.62 202.08
32982.70 242.53 32982.74 202.15
33027.82 242.55 33027.86 202.22
33072.94 242.58 33072.98 202.29
33118.06 242.60 33118.10 202.37
33163.18 242.63 33163.22 202.44
33208.30 242.65 33208.34 202.51
33253.42 242.67 33253.46 202.58
33298.54 242.70 33298.58 202.66
33343.66 242.72 33343.70 202.73
33388.78 242.75 33388.82 202.80
33433.90 242.77 33433.94 202.88
33479.02 242.79 33479.06 202.95
33524.14 242.82 33524.18 203.02
33569.26 242.84 33569.30 203.10
33614.38 242.86 33614.42 203.17
33659.50 242.88 33659.54 203.24
33704.62 242.91 33704.66 203.32
33749.74 242.93 33749.78 203.39
33794.86 242.95 33794.90 203.47
33839.98 242.97 33840.02 203.54
33885.10 243.00 33885.14 203.62
33930.22 243.02 33930.26 203.69
33975.34 243.04 33975.38 203.77
34020.46 243.06 34020.50 203.84
34065.58 243.08 34065.62 203.92
34110.70 243.10 34110.74 203.99
34155.82 243.12 34155.86 204.07
34200.94 243.15 34200.98 204.14
34246.06 243.17 34246.10 204.22
34291.18 243.19 34291.22 204.30
34336.30 243.21 34336.34 204.37
34381.42 243.23 34381.46 204.45
34426.54 243.25 34426.58 204.53
34471.66 243.27 34471.70 204.60
34516.78 243.29 34516.82 204.68
34561.90 243.31 34561.94 204.76
34607.02 243.33 34607.06 204.83
34652.14 243.35 34652.18 204.91
34697.26 243.37 34697.30 204.99
34742.38 243.39 34742.42 205.06
34787.50 243.41 34787.54 205.14
34832.62 243.42 34832.66 205.22
34877.74 243.44 34877.78 205.30
34922.86 243.46 34922.90 205.38
34967.98 243.48 34968.02 205.45
35013.10 243.50 35013.14 205.53
35058.22 243.52 35058.26 205.61
35103.34 243.54 35103.38 205.69
35148.46 243.55 35148.50 205.77
35193.58 243.57 35193.62 205.85
35238.70 243.59 35238.74 205.93
35283.82 243.61 35283.86 206.01
35328.94 243.62 35328.98 206.09
35374.06 243.64 35374.10 206.17
35419.18 243.66 35419.22 206.25
35464.30 243.67 35464.34 206.33
35509.42 243.69 35509.46 206.41
35554.54 243.71 35554.58 206.49
35599.66 243.72 35599.70 206.57
35644.78 243.74 35644.82 206.65
35689.90 243.75 35689.94 206.73
35735.02 243.77 35735.06 206.81
35780.14 243.79 35780.18 206.89
35825.26 243.80 35825.30 206.97
35870.38 243.82 35870.42 207.05
35915.50 243.83 35915.54 207.14
35960.62 243.85 35960.66 207.22
36005.74 243.86 36005.78 207.30
36050.86 243.88 36050.90 207.38
36095.98 243.89 36096.02 207.47
36141.10 243.90 36141.14 207.55
36186.22 243.92 36186.26 207.63
36231.34 243.93 36231.38 207.71
36276.46 243.95 36276.50 207.80
36321.58 243.96 36321.62 207.88
36366.70 243.97 36366.74 207.96
36411.82 243.99 36411.86 208.05
36456.94 244.00 36456.98 208.13
36502.06 244.01 36502.10 208.22
36547.18 244.02 36547.22 208.30
36592.30 244.04 36592.34 208.38
36637.42 244.05 36637.46 208.47
36682.54 244.06 36682.58 208.55
36727.66 244.07 36727.70 208.64
36772.78 244.08 36772.82 208.72
36817.90 244.09 36817.94 208.81
36863.02 244.11 36863.06 208.90
36908.14 244.12 36908.18 208.98
36953.26 244.13 36953.30 209.07
36998.38 244.14 36998.42 209.15
37043.50 244.15 37043.54 209.24
37088.62 244.16 37088.66 209.33
37133.74 244.17 37133.78 209.41
37178.86 244.18 37178.90 209.50
37223.98 244.19 37224.02 209.59
37269.10 244.20 37269.14 209.67
37314.22 244.21 37314.26 209.76
37359.34 244.22 37359.38 209.85
37404.46 244.22 37404.50 209.94
37449.58 244.23 37449.62 210.03
37494.70 244.24 37494.74 210.12
37539.82 244.25 37539.86 210.20
37584.94 244.26 37584.98 210.29
37630.06 244.26 37630.10 210.38
37675.18 244.27 37675.22 210.47
37720.30 244.28 37720.34 210.56
37765.42 244.29 37765.46 210.65
37810.54 244.29 37810.58 210.74
37855.66 244.30 37855.70 210.83
37900.78 244.31 37900.82 210.92
37945.90 244.31 37945.94 211.01
37991.02 244.32 37991.06 211.10
38036.14 244.32 38036.18 211.19
38081.26 244.33 38081.30 211.29
38126.38 244.33 38126.42 211.38
38171.50 244.34 38171.54 211.47
38216.62 244.34 38216.66 211.56
38261.74 244.35 38261.78 211.65
38306.86 244.35 38306.90 211.75
38351.98 244.36 38352.02 211.84
38397.10 244.36 38397.14 211.93
38442.22 244.36 38442.26 212.03
38487.34 244.37 38487.38 212.12
38532.46 244.37 38532.50 212.21
38577.58 244.37 38577.62 212.31
38622.70 244.37 38622.74 212.40
38667.82 244.38 38667.86 212.50
38712.94 244.38 38712.98 212.59
38758.06 244.38 38758.10 212.69
38803.18 244.38 38803.22 212.78
38848.30 244.38 38848.34 212.88
38893.42 244.38 38893.46 212.97
38938.54 244.38 38938.58 213.07
38983.66 244.38 38983.70 213.17
39028.78 244.38 39028.82 213.26
39073.90 244.38 39073.94 213.36
39119.02 244.38 39119.06 213.46
39164.14 244.38 39164.18 213.56
39209.26 244.38 39209.30 213.65
39254.38 244.38 39254.42 213.75
39299.50 244.38 39299.54 213.85
39344.62 244.37 39344.66 213.95
39389.74 244.37 39389.78 214.05
39434.86 244.37 39434.90 214.15
39479.98 244.37 39480.02 214.25
39525.10 244.36 39525.14 214.35
39570.22 244.36 39570.26 214.45
39615.34 244.35 39615.38 214.55
39660.46 244.35 39660.50 214.65
39705.58 244.34 39705.62 214.75
39750.70 244.34 39750.74 214.86
39795.82 244.33 39795.86 214.96
39840.94 244.33 39840.98 215.06
39886.06 244.32 39886.10 215.16
39931.18 244.32 39931.22 215.27
39976.30 244.31 39976.34 215.37
40021.42 244.30 40021.46 215.47
40066.54 244.30 40066.58 215.58
40111.66 244.29 40111.70 215.68
40156.78 244.28 40156.82 215.79
40201.90 244.27 40201.94 215.89
40247.02 244.26 40247.06 216.00
40292.14 244.25 40292.18 216.10
40337.26 244.24 40337.30 216.21
40382.39 244.23 40382.41 216.32
40427.51 244.22 40427.53 216.42
40472.63 244.21 40472.65 216.53
40517.75 244.20 40517.77 216.64
40562.87 244.19 40562.89 216.75
40607.99 244.18 40608.01 216.86
40653.11 244.16 40653.13 216.97
40698.23 244.15 40698.25 217.08
40743.35 244.14 40743.37 217.19
40788.47 244.12 40788.49 217.30
40833.59 244.11 40833.61 217.41
40878.71 244.09 40878.73 217.52
40923.83 244.08 40923.85 217.63
40968.95 244.06 40968.97 217.74
41014.07 244.05 41014.09 217.86
41059.19 244.03 41059.21 217.97
41104.31 244.01 41104.33 218.08
41149.43 244.00 41149.45 218.20
41194.55 243.98 41194.57 218.31
41239.67 243.96 41239.69 218.43
41284.79 243.94 41284.81 218.55
41329.91 243.92 41329.93 218.66
41375.03 243.90 41375.05 218.78
41420.15 243.88 41420.17 218.90
41465.27 243.86 41465.29 219.01
41510.39 243.84 41510.41 219.13
41555.51 243.81 41555.53 219.25
41600.63 243.79 41600.65 219.37
41645.75 243.77 41645.77 219.49
41690.87 243.74 41690.89 219.61
41735.99 243.72 41736.01 219.73
41781.11 243.69 41781.13 219.86
41826.23 243.67 41826.25 219.98
41871.35 243.64 41871.37 220.10
41916.47 243.61 41916.49 220.23
41961.59 243.59 41961.61 220.35
42006.71 243.56 42006.73 220.48
42051.83 243.53 42051.85 220.60
42096.95 243.50 42096.97 220.73
42142.07 243.47 42142.09 220.86
42187.19 243.44 42187.21 220.99
42232.31 243.40 42232.33 221.12
42277.43 243.37 42277.45 221.25
42322.55 243.34 42322.57 221.38
42367.67 243.30 42367.69 221.51
42412.79 243.27 42412.81 221.64
42457.91 243.23 42457.93 221.77
42503.03 243.19 42503.05 221.91
42548.15 243.15 42548.17 222.04
42593.27 243.12 42593.29 222.18
42638.39 243.08 42638.41 222.31
42683.51 243.03 42683.53 222.45
42728.63 242.99 42728.65 222.59
42773.75 242.95 42773.77 222.73
42818.87 242.91 42818.89 222.87
42863.99 242.86 42864.01 223.01
42909.11 242.81 42909.13 223.16
42954.23 242.77 42954.25 223.30
42999.35 242.72 42999.37 223.45
43044.47 242.67 43044.49 223.59
43089.59 242.62 43089.61 223.74
43134.71 242.57 43134.73 223.89
43179.83 242.51 43179.85 224.04
43224.95 242.46 43224.97 224.19
43270.07 242.40 43270.09 224.34
43315.19 242.34 43315.21 224.50
43360.31 242.28 43360.33 224.65
43405.43 242.22 43405.45 224.81
43450.55 242.16 43450.57 224.97
43495.67 242.10 43495.69 225.13
43540.79 242.03 43540.81 225.30
43585.91 241.96 43585.93 225.46
43631.03 241.89 43631.05 225.63
43676.15 241.82 43676.17 225.79
43721.27 241.75 43721.29 225.97
43766.39 241.67 43766.41 226.14
43811.51 241.59 43811.53 226.31
43856.63 241.51 43856.65 226.49
43901.75 241.43 43901.77 226.67
43946.87 241.34 43946.89 226.85
43991.99 241.26 43992.01 227.04
44037.11 241.16 44037.13 227.23
44082.23 241.07 44082.25 227.42
44127.35 240.97 44127.37 227.61
44172.47 240.87 44172.49 227.81
44217.59 240.76 44217.61 228.01
44262.71 240.65 44262.73 228.22
44307.83 240.54 44307.85 228.43
44352.95 240.42 44352.97 228.65
44398.07 240.30 44398.09 228.87
44443.19 240.17 44443.21 229.10
44488.31 240.03 44488.33 229.33
44533.43 239.89 44533.45 229.57
44578.55 239.73 44578.57 229.82
44623.67 239.57 44623.69 230.08
44668.80 239.40 44668.80 230.34
44713.92 239.22 44713.92 230.62
44759.04 239.03 44759.04 230.91
44804.16 238.81 44804.16 231.22
44849.28 238.58 44849.28 231.55
44894.40 238.33 44894.40 231.90
44939.52 238.04 44939.52 232.29
44984.64 237.70 44984.64 232.72
45029.76 237.29 45029.76 233.23
45074.88 236.75 45074.88 233.87
45120.00 235.36 45120.00 235.36
