0.00 0.00
10.00 0.04
20.00 0.08
30.00 0.12
40.00 0.16
50.00 0.20
60.00 0.24
70.00 0.28
80.00 0.32
90.00 0.36
100.00 0.40
110.00 0.44
120.00 0.48
130.00 0.52
140.00 0.56
150.00 0.61
160.00 0.65
170.00 0.69
180.00 0.73
190.00 0.77
200.00 0.81
210.00 0.85
220.00 0.89
230.00 0.93
240.00 0.97
250.00 1.01
260.00 1.05
270.00 1.09
280.00 1.13
290.00 1.17
300.00 1.21
310.00 1.25
320.00 1.29
330.00 1.33
340.00 1.37
350.00 1.41
360.00 1.45
370.00 1.49
380.00 1.53
390.00 1.57
400.00 1.61
410.00 1.65
420.00 1.69
430.00 1.72
440.00 1.76
450.00 1.80
460.00 1.84
470.00 1.88
480.00 1.92
490.00 1.96
500.00 2.00
510.00 2.04
520.00 2.08
530.00 2.12
540.00 2.16
550.00 2.20
560.00 2.24
570.00 2.28
580.00 2.32
590.00 2.36
600.00 2.40
610.00 2.44
620.00 2.48
630.00 2.52
640.00 2.56
650.00 2.60
660.00 2.64
670.00 2.68
680.00 2.71
690.00 2.75
700.00 2.79
710.00 2.83
720.00 2.87
730.00 2.91
740.00 2.95
750.00 2.99
760.00 3.03
770.00 3.07
780.00 3.11
790.00 3.15
800.00 3.19
810.00 3.23
820.00 3.26
830.00 3.30
840.00 3.34
850.00 3.38
860.00 3.42
870.00 3.46
880.00 3.50
890.00 3.54
900.00 3.58
910.00 3.62
920.00 3.66
930.00 3.69
940.00 3.73
950.00 3.77
960.00 3.81
970.00 3.85
980.00 3.89
990.00 3.93
1000.00 3.97
1010.00 4.01
1020.00 4.04
1030.00 4.08
1040.00 4.12
1050.00 4.16
1060.00 4.20
1070.00 4.24
1080.00 4.28
1090.00 4.32
1100.00 4.35
1110.00 4.39
1120.00 4.43
1130.00 4.47
1140.00 4.51
1150.00 4.55
1160.00 4.59
1170.00 4.63
1180.00 4.66
1190.00 4.70
1200.00 4.74
1210.00 4.78
1220.00 4.82
1230.00 4.86
1240.00 4.90
1250.00 4.93
1260.00 4.97
1270.00 5.01
1280.00 5.05
1290.00 5.09
1300.00 5.13
1310.00 5.16
1320.00 5.20
1330.00 5.24
1340.00 5.28
1350.00 5.32
1360.00 5.36
1370.00 5.39
1380.00 5.43
1390.00 5.47
1400.00 5.51
1410.00 5.55
1420.00 5.59
1430.00 5.62
1440.00 5.66
1450.00 5.70
1460.00 5.74
1470.00 5.78
1480.00 5.82
1490.00 5.85
1500.00 5.89
1510.00 5.93
1520.00 5.97
1530.00 6.01
1540.00 6.04
1550.00 6.08
1560.00 6.12
1570.00 6.16
1580.00 6.20
1590.00 6.23
1600.00 6.27
1610.00 6.31
1620.00 6.35
1630.00 6.39
1640.00 6.42
1650.00 6.46
1660.00 6.50
1670.00 6.54
1680.00 6.57
1690.00 6.61
1700.00 6.65
1710.00 6.69
1720.00 6.73
1730.00 6.76
1740.00 6.80
1750.00 6.84
1760.00 6.88
1770.00 6.91
1780.00 6.95
1790.00 6.99
1800.00 7.03
1810.00 7.06
1820.00 7.10
1830.00 7.14
1840.00 7.18
1850.00 7.22
1860.00 7.25
1870.00 7.29
1880.00 7.33
1890.00 7.37
1900.00 7.40
1910.00 7.44
1920.00 7.48
1930.00 7.52
1940.00 7.55
1950.00 7.59
1960.00 7.63
1970.00 7.66
1980.00 7.70
1990.00 7.74
2000.00 7.78
2010.00 7.81
2020.00 7.85
2030.00 7.89
2040.00 7.93
2050.00 7.96
2060.00 8.00
2070.00 8.04
2080.00 8.07
2090.00 8.11
2100.00 8.15
2110.00 8.19
2120.00 8.22
2130.00 8.26
2140.00 8.30
2150.00 8.33
2160.00 8.37
2170.00 8.41
2180.00 8.45
2190.00 8.48
2200.00 8.52
2210.00 8.56
2220.00 8.59
2230.00 8.63
2240.00 8.67
2250.00 8.70
2260.00 8.74
2270.00 8.78
2280.00 8.82
2290.00 8.85
2300.00 8.89
2310.00 8.93
2320.00 8.96
2330.00 9.00
2340.00 9.04
2350.00 9.07
2360.00 9.11
2370.00 9.15
2380.00 9.18
2390.00 9.22
2400.00 9.26
2410.00 9.29
2420.00 9.33
2430.00 9.37
2440.00 9.40
2450.00 9.44
2460.00 9.48
2470.00 9.51
2480.00 9.55
2490.00 9.59
2500.00 9.62
2510.00 9.66
2520.00 9.70
2530.00 9.73
2540.00 9.77
2550.00 9.81
2560.00 9.84
2570.00 9.88
2580.00 9.91
2590.00 9.95
2600.00 9.99
2610.00 10.02
2620.00 10.06
2630.00 10.10
2640.00 10.13
2650.00 10.17
2660.00 10.21
2670.00 10.24
2680.00 10.28
2690.00 10.31
2700.00 10.35
2710.00 10.39
2720.00 10.42
2730.00 10.46
2740.00 10.50
2750.00 10.53
2760.00 10.57
2770.00 10.60
2780.00 10.64
2790.00 10.68
2800.00 10.71
2810.00 10.75
2820.00 10.78
2830.00 10.82
2840.00 10.86
2850.00 10.89
2860.00 10.93
2870.00 10.96
2880.00 11.00
2890.00 11.04
2900.00 11.07
2910.00 11.11
2920.00 11.14
2930.00 11.18
2940.00 11.22
2950.00 11.25
2960.00 11.29
2970.00 11.32
2980.00 11.36
2990.00 11.39
3000.00 11.43
3010.00 11.47
3020.00 11.50
3030.00 11.54
3040.00 11.57
3050.00 11.61
3060.00 11.64
3070.00 11.68
3080.00 11.72
3090.00 11.75
3100.00 11.79
3110.00 11.82
3120.00 11.86
3130.00 11.89
3140.00 11.93
3150.00 11.96
3160.00 12.00
3170.00 12.04
3180.00 12.07
3190.00 12.11
3200.00 12.14
3210.00 12.18
3220.00 12.21
3230.00 12.25
3240.00 12.28
3250.00 12.32
3260.00 12.35
3270.00 12.39
3280.00 12.42
3290.00 12.46
3300.00 12.50
3310.00 12.53
3320.00 12.57
3330.00 12.60
3340.00 12.64
3350.00 12.67
3360.00 12.71
3370.00 12.74
3380.00 12.78
3390.00 12.81
3400.00 12.85
3410.00 12.88
3420.00 12.92
3430.00 12.95
3440.00 12.99
3450.00 13.02
3460.00 13.06
3470.00 13.09
3480.00 13.13
3490.00 13.16
3500.00 13.20
3510.00 13.23
3520.00 13.27
3530.00 13.30
3540.00 13.34
3550.00 13.37
3560.00 13.41
3570.00 13.44
3580.00 13.48
3590.00 13.51
3600.00 13.55
3610.00 13.58
3620.00 13.62
3630.00 13.65
3640.00 13.69
3650.00 13.72
3660.00 13.76
3670.00 13.79
3680.00 13.82
3690.00 13.86
3700.00 13.89
3710.00 13.93
3720.00 13.96
3730.00 14.00
3740.00 14.03
3750.00 14.07
3760.00 14.10
3770.00 14.14
3780.00 14.17
3790.00 14.20
3800.00 14.24
3810.00 14.27
3820.00 14.31
3830.00 14.34
3840.00 14.38
3850.00 14.41
3860.00 14.45
3870.00 14.48
3880.00 14.51
3890.00 14.55
3900.00 14.58
3910.00 14.62
3920.00 14.65
3930.00 14.69
3940.00 14.72
3950.00 14.76
3960.00 14.79
3970.00 14.82
3980.00 14.86
3990.00 14.89
4000.00 14.93
4010.00 14.96
4020.00 14.99
4030.00 15.03
4040.00 15.06
4050.00 15.10
4060.00 15.13
4070.00 15.17
4080.00 15.20
4090.00 15.23
4100.00 15.27
4110.00 15.30
4120.00 15.34
4130.00 15.37
4140.00 15.40
4150.00 15.44
4160.00 15.47
4170.00 15.50
4180.00 15.54
4190.00 15.57
4200.00 15.61
4210.00 15.64
4220.00 15.67
4230.00 15.71
4240.00 15.74
4250.00 15.78
4260.00 15.81
4270.00 15.84
4280.00 15.88
4290.00 15.91
4300.00 15.94
4310.00 15.98
4320.00 16.01
4330.00 16.05
4340.00 16.08
4350.00 16.11
4360.00 16.15
4370.00 16.18
4380.00 16.21
4390.00 16.25
4400.00 16.28
4410.00 16.31
4420.00 16.35
4430.00 16.38
4440.00 16.41
4450.00 16.45
4460.00 16.48
4470.00 16.52
4480.00 16.55
4490.00 16.58
4500.00 16.62
4510.00 16.65
4520.00 16.68
4530.00 16.72
4540.00 16.75
4550.00 16.78
4560.00 16.82
4570.00 16.85
4580.00 16.88
4590.00 16.92
4600.00 16.95
4610.00 16.98
4620.00 17.02
4630.00 17.05
4640.00 17.08
4650.00 17.11
4660.00 17.15
4670.00 17.18
4680.00 17.21
4690.00 17.25
4700.00 17.28
4710.00 17.31
4720.00 17.35
4730.00 17.38
4740.00 17.41
4750.00 17.45
4760.00 17.48
4770.00 17.51
4780.00 17.54
4790.00 17.58
4800.00 17.61
4810.00 17.64
4820.00 17.68
4830.00 17.71
4840.00 17.74
4850.00 17.77
4860.00 17.81
4870.00 17.84
4880.00 17.87
4890.00 17.91
4900.00 17.94
4910.00 17.97
4920.00 18.00
4930.00 18.04
4940.00 18.07
4950.00 18.10
4960.00 18.14
4970.00 18.17
4980.00 18.20
4990.00 18.23
5000.00 18.27
5010.00 18.30
5020.00 18.33
5030.00 18.36
5040.00 18.40
5050.00 18.43
5060.00 18.46
5070.00 18.49
5080.00 18.53
5090.00 18.56
5100.00 18.59
5110.00 18.62
5120.00 18.66
5130.00 18.69
5140.00 18.72
5150.00 18.75
5160.00 18.79
5170.00 18.82
5180.00 18.85
5190.00 18.88
5200.00 18.91
5210.00 18.95
5220.00 18.98
5230.00 19.01
5240.00 19.04
5250.00 19.08
5260.00 19.11
5270.00 19.14
5280.00 19.17
5290.00 19.20
5300.00 19.24
5310.00 19.27
5320.00 19.30
5330.00 19.33
5340.00 19.37
5350.00 19.40
5360.00 19.43
5370.00 19.46
5380.00 19.49
5390.00 19.53
5400.00 19.56
5410.00 19.59
5420.00 19.62
5430.00 19.65
5440.00 19.69
5450.00 19.72
5460.00 19.75
5470.00 19.78
5480.00 19.81
5490.00 19.84
5500.00 19.88
5510.00 19.91
5520.00 19.94
5530.00 19.97
5540.00 20.00
5550.00 20.04
5560.00 20.07
5570.00 20.10
5580.00 20.13
5590.00 20.16
5600.00 20.19
5610.00 20.23
5620.00 20.26
5630.00 20.29
5640.00 20.32
5650.00 20.35
5660.00 20.38
5670.00 20.42
5680.00 20.45
5690.00 20.48
5700.00 20.51
5710.00 20.54
5720.00 20.57
5730.00 20.60
5740.00 20.64
5750.00 20.67
5760.00 20.70
5770.00 20.73
5780.00 20.76
5790.00 20.79
5800.00 20.82
5810.00 20.86
5820.00 20.89
5830.00 20.92
5840.00 20.95
5850.00 20.98
5860.00 21.01
5870.00 21.04
5880.00 21.07
5890.00 21.11
5900.00 21.14
5910.00 21.17
5920.00 21.20
5930.00 21.23
5940.00 21.26
5950.00 21.29
5960.00 21.32
5970.00 21.36
5980.00 21.39
5990.00 21.42
6000.00 21.45
6010.00 21.48
6020.00 21.51
6030.00 21.54
6040.00 21.57
6050.00 21.60
6060.00 21.63
6070.00 21.67
6080.00 21.70
6090.00 21.73
6100.00 21.76
6110.00 21.79
6120.00 21.82
6130.00 21.85
6140.00 21.88
6150.00 21.91
6160.00 21.94
6170.00 21.97
6180.00 22.00
6190.00 22.04
6200.00 22.07
6210.00 22.10
6220.00 22.13
6230.00 22.16
6240.00 22.19
6250.00 22.22
6260.00 22.25
6270.00 22.28
6280.00 22.31
6290.00 22.34
6300.00 22.37
6310.00 22.40
6320.00 22.43
6330.00 22.46
6340.00 22.49
6350.00 22.53
6360.00 22.56
6370.00 22.59
6380.00 22.62
6390.00 22.65
6400.00 22.68
6410.00 22.71
6420.00 22.74
6430.00 22.77
6440.00 22.80
6450.00 22.83
6460.00 22.86
6470.00 22.89
6480.00 22.92
6490.00 22.95
6500.00 22.98
6510.00 23.01
6520.00 23.04
6530.00 23.07
6540.00 23.10
6550.00 23.13
6560.00 23.16
6570.00 23.19
6580.00 23.22
6590.00 23.25
6600.00 23.28
6610.00 23.31
6620.00 23.34
6630.00 23.37
6640.00 23.40
6650.00 23.43
6660.00 23.46
6670.00 23.49
6680.00 23.52
6690.00 23.55
6700.00 23.58
6710.00 23.61
6720.00 23.64
6730.00 23.67
6740.00 23.70
6750.00 23.73
6760.00 23.76
6770.00 23.79
6780.00 23.82
6790.00 23.85
6800.00 23.88
6810.00 23.91
6820.00 23.94
6830.00 23.97
6840.00 24.00
6850.00 24.03
6860.00 24.06
6870.00 24.09
6880.00 24.12
6890.00 24.15
6900.00 24.18
6910.00 24.21
6920.00 24.24
6930.00 24.27
6940.00 24.30
6950.00 24.33
6960.00 24.36
6970.00 24.39
6980.00 24.42
6990.00 24.45
7000.00 24.47
7010.00 24.50
7020.00 24.53
7030.00 24.56
7040.00 24.59
7050.00 24.62
7060.00 24.65
7070.00 24.68
7080.00 24.71
7090.00 24.74
7100.00 24.77
7110.00 24.80
7120.00 24.83
7130.00 24.86
7140.00 24.89
7150.00 24.91
7160.00 24.94
7170.00 24.97
7180.00 25.00
7190.00 25.03
7200.00 25.06
7210.00 25.09
7220.00 25.12
7230.00 25.15
7240.00 25.18
7250.00 25.21
7260.00 25.24
7270.00 25.26
7280.00 25.29
7290.00 25.32
7300.00 25.35
7310.00 25.38
7320.00 25.41
7330.00 25.44
7340.00 25.47
7350.00 25.50
7360.00 25.53
7370.00 25.55
7380.00 25.58
7390.00 25.61
7400.00 25.64
7410.00 25.67
7420.00 25.70
7430.00 25.73
7440.00 25.76
7450.00 25.79
7460.00 25.81
7470.00 25.84
7480.00 25.87
7490.00 25.90
7500.00 25.93
7510.00 25.96
7520.00 25.99
7530.00 26.01
7540.00 26.04
7550.00 26.07
7560.00 26.10
7570.00 26.13
7580.00 26.16
7590.00 26.19
7600.00 26.21
7610.00 26.24
7620.00 26.27
7630.00 26.30
7640.00 26.33
7650.00 26.36
7660.00 26.39
7670.00 26.41
7680.00 26.44
7690.00 26.47
7700.00 26.50
7710.00 26.53
7720.00 26.56
7730.00 26.58
7740.00 26.61
7750.00 26.64
7760.00 26.67
7770.00 26.70
7780.00 26.73
7790.00 26.75
7800.00 26.78
7810.00 26.81
7820.00 26.84
7830.00 26.87
7840.00 26.90
7850.00 26.92
7860.00 26.95
7870.00 26.98
7880.00 27.01
7890.00 27.04
7900.00 27.06
7910.00 27.09
7920.00 27.12
7930.00 27.15
7940.00 27.18
7950.00 27.20
7960.00 27.23
7970.00 27.26
7980.00 27.29
7990.00 27.32
8000.00 27.34
8010.00 27.37
8020.00 27.40
8030.00 27.43
8040.00 27.46
8050.00 27.48
8060.00 27.51
8070.00 27.54
8080.00 27.57
8090.00 27.59
8100.00 27.62
8110.00 27.65
8120.00 27.68
8130.00 27.71
8140.00 27.73
8150.00 27.76
8160.00 27.79
8170.00 27.82
8180.00 27.84
8190.00 27.87
8200.00 27.90
8210.00 27.93
8220.00 27.95
8230.00 27.98
8240.00 28.01
8250.00 28.04
8260.00 28.06
8270.00 28.09
8280.00 28.12
8290.00 28.15
8300.00 28.17
8310.00 28.20
8320.00 28.23
8330.00 28.26
8340.00 28.28
8350.00 28.31
8360.00 28.34
8370.00 28.37
8380.00 28.39
8390.00 28.42
8400.00 28.45
8410.00 28.47
8420.00 28.50
8430.00 28.53
8440.00 28.56
8450.00 28.58
8460.00 28.61
8470.00 28.64
8480.00 28.67
8490.00 28.69
8500.00 28.72
8510.00 28.75
8520.00 28.77
8530.00 28.80
8540.00 28.83
8550.00 28.85
8560.00 28.88
8570.00 28.91
8580.00 28.94
8590.00 28.96
8600.00 28.99
8610.00 29.02
8620.00 29.04
8630.00 29.07
8640.00 29.10
8650.00 29.12
8660.00 29.15
8670.00 29.18
8680.00 29.21
8690.00 29.23
8700.00 29.26
8710.00 29.29
8720.00 29.31
8730.00 29.34
8740.00 29.37
8750.00 29.39
8760.00 29.42
8770.00 29.45
8780.00 29.47
8790.00 29.50
8800.00 29.53
8810.00 29.55
8820.00 29.58
8830.00 29.61
8840.00 29.63
8850.00 29.66
8860.00 29.69
8870.00 29.71
8880.00 29.74
8890.00 29.77
8900.00 29.79
8910.00 29.82
8920.00 29.84
8930.00 29.87
8940.00 29.90
8950.00 29.92
8960.00 29.95
8970.00 29.98
8980.00 30.00
8990.00 30.03
9000.00 30.06
9010.00 30.08
9020.00 30.11
9030.00 30.14
9040.00 30.16
9050.00 30.19
9060.00 30.21
9070.00 30.24
9080.00 30.27
9090.00 30.29
9100.00 30.32
9110.00 30.34
9120.00 30.37
9130.00 30.40
9140.00 30.42
9150.00 30.45
9160.00 30.48
9170.00 30.50
9180.00 30.53
9190.00 30.55
9200.00 30.58
9210.00 30.61
9220.00 30.63
9230.00 30.66
9240.00 30.68
9250.00 30.71
9260.00 30.74
9270.00 30.76
9280.00 30.79
9290.00 30.81
9300.00 30.84
9310.00 30.87
9320.00 30.89
9330.00 30.92
9340.00 30.94
9350.00 30.97
9360.00 30.99
9370.00 31.02
9380.00 31.05
9390.00 31.07
9400.00 31.10
9410.00 31.12
9420.00 31.15
9430.00 31.17
9440.00 31.20
9450.00 31.23
9460.00 31.25
9470.00 31.28
9480.00 31.30
9490.00 31.33
9500.00 31.35
9510.00 31.38
9520.00 31.40
9530.00 31.43
9540.00 31.46
9550.00 31.48
9560.00 31.51
9570.00 31.53
9580.00 31.56
9590.00 31.58
9600.00 31.61
9610.00 31.63
9620.00 31.66
9630.00 31.68
9640.00 31.71
9650.00 31.74
9660.00 31.76
9670.00 31.79
9680.00 31.81
9690.00 31.84
9700.00 31.86
9710.00 31.89
9720.00 31.91
9730.00 31.94
9740.00 31.96
9750.00 31.99
9760.00 32.01
9770.00 32.04
9780.00 32.06
9790.00 32.09
9800.00 32.11
9810.00 32.14
9820.00 32.16
9830.00 32.19
9840.00 32.21
9850.00 32.24
9860.00 32.26
9870.00 32.29
9880.00 32.31
9890.00 32.34
9900.00 32.36
9910.00 32.39
9920.00 32.41
9930.00 32.44
9940.00 32.46
9950.00 32.49
9960.00 32.51
9970.00 32.54
9980.00 32.56
9990.00 32.59
10000.00 32.61
10010.00 32.64
10020.00 32.66
10030.00 32.69
10040.00 32.71
10050.00 32.74
10060.00 32.76
10070.00 32.78
10080.00 32.81
10090.00 32.83
10100.00 32.86
10110.00 32.88
10120.00 32.91
10130.00 32.93
10140.00 32.96
10150.00 32.98
10160.00 33.01
10170.00 33.03
10180.00 33.06
10190.00 33.08
10200.00 33.10
10210.00 33.13
10220.00 33.15
10230.00 33.18
10240.00 33.20
10250.00 33.23
10260.00 33.25
10270.00 33.27
10280.00 33.30
10290.00 33.32
10300.00 33.35
10310.00 33.37
10320.00 33.40
10330.00 33.42
10340.00 33.44
10350.00 33.47
10360.00 33.49
10370.00 33.52
10380.00 33.54
10390.00 33.57
10400.00 33.59
10410.00 33.61
10420.00 33.64
10430.00 33.66
10440.00 33.69
10450.00 33.71
10460.00 33.73
10470.00 33.76
10480.00 33.78
10490.00 33.81
10500.00 33.83
10510.00 33.85
10520.00 33.88
10530.00 33.90
10540.00 33.93
10550.00 33.95
10560.00 33.97
10570.00 34.00
10580.00 34.02
10590.00 34.05
10600.00 34.07
10610.00 34.09
10620.00 34.12
10630.00 34.14
10640.00 34.17
10650.00 34.19
10660.00 34.21
10670.00 34.24
10680.00 34.26
10690.00 34.28
10700.00 34.31
10710.00 34.33
10720.00 34.35
10730.00 34.38
10740.00 34.40
10750.00 34.43
10760.00 34.45
10770.00 34.47
10780.00 34.50
10790.00 34.52
10800.00 34.54
10810.00 34.57
10820.00 34.59
10830.00 34.61
10840.00 34.64
10850.00 34.66
10860.00 34.68
10870.00 34.71
10880.00 34.73
10890.00 34.75
10900.00 34.78
10910.00 34.80
10920.00 34.82
10930.00 34.85
10940.00 34.87
10950.00 34.89
10960.00 34.92
10970.00 34.94
10980.00 34.96
10990.00 34.99
11000.00 35.01
11010.00 35.03
11020.00 35.06
11030.00 35.08
11040.00 35.10
11050.00 35.13
11060.00 35.15
11070.00 35.17
11080.00 35.20
11090.00 35.22
11100.00 35.24
11110.00 35.26
11120.00 35.29
11130.00 35.31
11140.00 35.33
11150.00 35.36
11160.00 35.38
11170.00 35.40
11180.00 35.43
11190.00 35.45
11200.00 35.47
11210.00 35.49
11220.00 35.52
11230.00 35.54
11240.00 35.56
11250.00 35.59
11260.00 35.61
11270.00 35.63
11280.00 35.65
11290.00 35.68
11300.00 35.70
11310.00 35.72
11320.00 35.75
11330.00 35.77
11340.00 35.79
11350.00 35.81
11360.00 35.84
11370.00 35.86
11380.00 35.88
11390.00 35.90
11400.00 35.93
11410.00 35.95
11420.00 35.97
11430.00 35.99
11440.00 36.02
11450.00 36.04
11460.00 36.06
11470.00 36.08
11480.00 36.11
11490.00 36.13
11500.00 36.15
11510.00 36.17
11520.00 36.20
11530.00 36.22
11540.00 36.24
11550.00 36.26
11560.00 36.29
11570.00 36.31
11580.00 36.33
11590.00 36.35
11600.00 36.37
11610.00 36.40
11620.00 36.42
11630.00 36.44
11640.00 36.46
11650.00 36.49
11660.00 36.51
11670.00 36.53
11680.00 36.55
11690.00 36.57
11700.00 36.60
11710.00 36.62
11720.00 36.64
11730.00 36.66
11740.00 36.68
11750.00 36.71
11760.00 36.73
11770.00 36.75
11780.00 36.77
11790.00 36.79
11800.00 36.82
11810.00 36.84
11820.00 36.86
11830.00 36.88
11840.00 36.90
11850.00 36.93
11860.00 36.95
11870.00 36.97
11880.00 36.99
11890.00 37.01
11900.00 37.04
11910.00 37.06
11920.00 37.08
11930.00 37.10
11940.00 37.12
11950.00 37.14
11960.00 37.17
11970.00 37.19
11980.00 37.21
11990.00 37.23
12000.00 37.25
12010.00 37.27
12020.00 37.30
12030.00 37.32
12040.00 37.34
12050.00 37.36
12060.00 37.38
12070.00 37.40
12080.00 37.43
12090.00 37.45
12100.00 37.47
12110.00 37.49
12120.00 37.51
12130.00 37.53
12140.00 37.55
12150.00 37.58
12160.00 37.60
12170.00 37.62
12180.00 37.64
12190.00 37.66
12200.00 37.68
12210.00 37.70
12220.00 37.72
12230.00 37.75
12240.00 37.77
12250.00 37.79
12260.00 37.81
12270.00 37.83
12280.00 37.85
12290.00 37.87
12300.00 37.89
12310.00 37.92
12320.00 37.94
12330.00 37.96
12340.00 37.98
12350.00 38.00
12360.00 38.02
12370.00 38.04
12380.00 38.06
12390.00 38.08
12400.00 38.11
12410.00 38.13
12420.00 38.15
12430.00 38.17
12440.00 38.19
12450.00 38.21
12460.00 38.23
12470.00 38.25
12480.00 38.27
12490.00 38.29
12500.00 38.31
12510.00 38.34
12520.00 38.36
12530.00 38.38
12540.00 38.40
12550.00 38.42
12560.00 38.44
12570.00 38.46
12580.00 38.48
12590.00 38.50
12600.00 38.52
12610.00 38.54
12620.00 38.56
12630.00 38.58
12640.00 38.61
12650.00 38.63
12660.00 38.65
12670.00 38.67
12680.00 38.69
12690.00 38.71
12700.00 38.73
12710.00 38.75
12720.00 38.77
12730.00 38.79
12740.00 38.81
12750.00 38.83
12760.00 38.85
12770.00 38.87
12780.00 38.89
12790.00 38.91
12800.00 38.93
12810.00 38.95
12820.00 38.97
12830.00 38.99
12840.00 39.01
12850.00 39.04
12860.00 39.06
12870.00 39.08
12880.00 39.10
12890.00 39.12
12900.00 39.14
12910.00 39.16
12920.00 39.18
12930.00 39.20
12940.00 39.22
12950.00 39.24
12960.00 39.26
12970.00 39.28
12980.00 39.30
12990.00 39.32
13000.00 39.34
13010.00 39.36
13020.00 39.38
13030.00 39.40
13040.00 39.42
13050.00 39.44
13060.00 39.46
13070.00 39.48
13080.00 39.50
13090.00 39.52
13100.00 39.54
13110.00 39.56
13120.00 39.58
13130.00 39.60
13140.00 39.62
13150.00 39.64
13160.00 39.66
13170.00 39.68
13180.00 39.70
13190.00 39.72
13200.00 39.74
13210.00 39.76
13220.00 39.78
13230.00 39.80
13240.00 39.82
13250.00 39.83
13260.00 39.85
13270.00 39.87
13280.00 39.89
13290.00 39.91
13300.00 39.93
13310.00 39.95
13320.00 39.97
13330.00 39.99
13340.00 40.01
13350.00 40.03
13360.00 40.05
13370.00 40.07
13380.00 40.09
13390.00 40.11
13400.00 40.13
13410.00 40.15
13420.00 40.17
13430.00 40.19
13440.00 40.21
13450.00 40.23
13460.00 40.24
13470.00 40.26
13480.00 40.28
13490.00 40.30
13500.00 40.32
13510.00 40.34
13520.00 40.36
13530.00 40.38
13540.00 40.40
13550.00 40.42
13560.00 40.44
13570.00 40.46
13580.00 40.48
13590.00 40.49
13600.00 40.51
13610.00 40.53
13620.00 40.55
13630.00 40.57
13640.00 40.59
13650.00 40.61
13660.00 40.63
13670.00 40.65
13680.00 40.67
13690.00 40.69
13700.00 40.70
13710.00 40.72
13720.00 40.74
13730.00 40.76
13740.00 40.78
13750.00 40.80
13760.00 40.82
13770.00 40.84
13780.00 40.86
13790.00 40.87
13800.00 40.89
13810.00 40.91
13820.00 40.93
13830.00 40.95
13840.00 40.97
13850.00 40.99
13860.00 41.01
13870.00 41.02
13880.00 41.04
13890.00 41.06
13900.00 41.08
13910.00 41.10
13920.00 41.12
13930.00 41.14
13940.00 41.16
13950.00 41.17
13960.00 41.19
13970.00 41.21
13980.00 41.23
13990.00 41.25
14000.00 41.27
14010.00 41.28
14020.00 41.30
14030.00 41.32
14040.00 41.34
14050.00 41.36
14060.00 41.38
14070.00 41.40
14080.00 41.41
14090.00 41.43
14100.00 41.45
14110.00 41.47
14120.00 41.49
14130.00 41.51
14140.00 41.52
14150.00 41.54
14160.00 41.56
14170.00 41.58
14180.00 41.60
14190.00 41.62
14200.00 41.63
14210.00 41.65
14220.00 41.67
14230.00 41.69
14240.00 41.71
14250.00 41.72
14260.00 41.74
14270.00 41.76
14280.00 41.78
14290.00 41.80
14300.00 41.81
14310.00 41.83
14320.00 41.85
14330.00 41.87
14340.00 41.89
14350.00 41.90
14360.00 41.92
14370.00 41.94
14380.00 41.96
14390.00 41.98
14400.00 41.99
14410.00 42.01
14420.00 42.03
14430.00 42.05
14440.00 42.07
14450.00 42.08
14460.00 42.10
14470.00 42.12
14480.00 42.14
14490.00 42.15
14500.00 42.17
14510.00 42.19
14520.00 42.21
14530.00 42.22
14540.00 42.24
14550.00 42.26
14560.00 42.28
14570.00 42.30
14580.00 42.31
14590.00 42.33
14600.00 42.35
14610.00 42.37
14620.00 42.38
14630.00 42.40
14640.00 42.42
14650.00 42.44
14660.00 42.45
14670.00 42.47
14680.00 42.49
14690.00 42.51
14700.00 42.52
14710.00 42.54
14720.00 42.56
14730.00 42.58
14740.00 42.59
14750.00 42.61
14760.00 42.63
14770.00 42.64
14780.00 42.66
14790.00 42.68
14800.00 42.70
14810.00 42.71
14820.00 42.73
14830.00 42.75
14840.00 42.77
14850.00 42.78
14860.00 42.80
14870.00 42.82
14880.00 42.83
14890.00 42.85
14900.00 42.87
14910.00 42.89
14920.00 42.90
14930.00 42.92
14940.00 42.94
14950.00 42.95
14960.00 42.97
14970.00 42.99
14980.00 43.00
14990.00 43.02
15000.00 43.04
15010.00 43.06
15020.00 43.07
15030.00 43.09
15040.00 43.11
15050.00 43.12
15060.00 43.14
15070.00 43.16
15080.00 43.17
15090.00 43.19
15100.00 43.21
15110.00 43.22
15120.00 43.24
15130.00 43.26
15140.00 43.27
15150.00 43.29
15160.00 43.31
15170.00 43.32
15180.00 43.34
15190.00 43.36
15200.00 43.37
15210.00 43.39
15220.00 43.41
15230.00 43.42
15240.00 43.44
15250.00 43.46
15260.00 43.47
15270.00 43.49
15280.00 43.51
15290.00 43.52
15300.00 43.54
15310.00 43.56
15320.00 43.57
15330.00 43.59
15340.00 43.60
15350.00 43.62
15360.00 43.64
15370.00 43.65
15380.00 43.67
15390.00 43.69
15400.00 43.70
15410.00 43.72
15420.00 43.74
15430.00 43.75
15440.00 43.77
15450.00 43.78
15460.00 43.80
15470.00 43.82
15480.00 43.83
15490.00 43.85
15500.00 43.87
15510.00 43.88
15520.00 43.90
15530.00 43.91
15540.00 43.93
15550.00 43.95
15560.00 43.96
15570.00 43.98
15580.00 43.99
15590.00 44.01
15600.00 44.03
15610.00 44.04
15620.00 44.06
15630.00 44.07
15640.00 44.09
15650.00 44.11
15660.00 44.12
15670.00 44.14
15680.00 44.15
15690.00 44.17
15700.00 44.18
15710.00 44.20
15720.00 44.22
15730.00 44.23
15740.00 44.25
15750.00 44.26
15760.00 44.28
15770.00 44.30
15780.00 44.31
15790.00 44.33
15800.00 44.34
15810.00 44.36
15820.00 44.37
15830.00 44.39
15840.00 44.41
15850.00 44.42
15860.00 44.44
15870.00 44.45
15880.00 44.47
15890.00 44.48
15900.00 44.50
15910.00 44.51
15920.00 44.53
15930.00 44.55
15940.00 44.56
15950.00 44.58
15960.00 44.59
15970.00 44.61
15980.00 44.62
15990.00 44.64
16000.00 44.65
16010.00 44.67
16020.00 44.68
16030.00 44.70
16040.00 44.71
16050.00 44.73
16060.00 44.74
16070.00 44.76
16080.00 44.78
16090.00 44.79
16100.00 44.81
16110.00 44.82
16120.00 44.84
16130.00 44.85
16140.00 44.87
16150.00 44.88
16160.00 44.90
16170.00 44.91
16180.00 44.93
16190.00 44.94
16200.00 44.96
16210.00 44.97
16220.00 44.99
16230.00 45.00
16240.00 45.02
16250.00 45.03
16260.00 45.05
16270.00 45.06
16280.00 45.08
16290.00 45.09
16300.00 45.11
16310.00 45.12
16320.00 45.14
16330.00 45.15
16340.00 45.17
16350.00 45.18
16360.00 45.20
16370.00 45.21
16380.00 45.23
16390.00 45.24
16400.00 45.26
16410.00 45.27
16420.00 45.28
16430.00 45.30
16440.00 45.31
16450.00 45.33
16460.00 45.34
16470.00 45.36
16480.00 45.37
16490.00 45.39
16500.00 45.40
16510.00 45.42
16520.00 45.43
16530.00 45.45
16540.00 45.46
16550.00 45.47
16560.00 45.49
16570.00 45.50
16580.00 45.52
16590.00 45.53
16600.00 45.55
16610.00 45.56
16620.00 45.58
16630.00 45.59
16640.00 45.60
16650.00 45.62
16660.00 45.63
16670.00 45.65
16680.00 45.66
16690.00 45.68
16700.00 45.69
16710.00 45.70
16720.00 45.72
16730.00 45.73
16740.00 45.75
16750.00 45.76
16760.00 45.78
16770.00 45.79
16780.00 45.80
16790.00 45.82
16800.00 45.83
16810.00 45.85
16820.00 45.86
16830.00 45.87
16840.00 45.89
16850.00 45.90
16860.00 45.92
16870.00 45.93
16880.00 45.94
16890.00 45.96
16900.00 45.97
16910.00 45.99
16920.00 46.00
16930.00 46.01
16940.00 46.03
16950.00 46.04
16960.00 46.06
16970.00 46.07
16980.00 46.08
16990.00 46.10
17000.00 46.11
17010.00 46.12
17020.00 46.14
17030.00 46.15
17040.00 46.17
17050.00 46.18
17060.00 46.19
17070.00 46.21
17080.00 46.22
17090.00 46.23
17100.00 46.25
17110.00 46.26
17120.00 46.28
17130.00 46.29
17140.00 46.30
17150.00 46.32
17160.00 46.33
17170.00 46.34
17180.00 46.36
17190.00 46.37
17200.00 46.38
17210.00 46.40
17220.00 46.41
17230.00 46.42
17240.00 46.44
17250.00 46.45
17260.00 46.46
17270.00 46.48
17280.00 46.49
17290.00 46.50
17300.00 46.52
17310.00 46.53
17320.00 46.54
17330.00 46.56
17340.00 46.57
17350.00 46.58
17360.00 46.60
17370.00 46.61
17380.00 46.62
17390.00 46.64
17400.00 46.65
17410.00 46.66
17420.00 46.68
17430.00 46.69
17440.00 46.70
17450.00 46.72
17460.00 46.73
17470.00 46.74
17480.00 46.76
17490.00 46.77
17500.00 46.78
17510.00 46.79
17520.00 46.81
17530.00 46.82
17540.00 46.83
17550.00 46.85
17560.00 46.86
17570.00 46.87
17580.00 46.88
17590.00 46.90
17600.00 46.91
17610.00 46.92
17620.00 46.94
17630.00 46.95
17640.00 46.96
17650.00 46.97
17660.00 46.99
17670.00 47.00
17680.00 47.01
17690.00 47.03
17700.00 47.04
17710.00 47.05
17720.00 47.06
17730.00 47.08
17740.00 47.09
17750.00 47.10
17760.00 47.11
17770.00 47.13
17780.00 47.14
17790.00 47.15
17800.00 47.16
17810.00 47.18
17820.00 47.19
17830.00 47.20
17840.00 47.21
17850.00 47.23
17860.00 47.24
17870.00 47.25
17880.00 47.26
17890.00 47.28
17900.00 47.29
17910.00 47.30
17920.00 47.31
17930.00 47.33
17940.00 47.34
17950.00 47.35
17960.00 47.36
17970.00 47.38
17980.00 47.39
17990.00 47.40
18000.00 47.41
18010.00 47.42
18020.00 47.44
18030.00 47.45
18040.00 47.46
18050.00 47.47
18060.00 47.49
18070.00 47.50
18080.00 47.51
18090.00 47.52
18100.00 47.53
18110.00 47.55
18120.00 47.56
18130.00 47.57
18140.00 47.58
18150.00 47.59
18160.00 47.61
18170.00 47.62
18180.00 47.63
18190.00 47.64
18200.00 47.65
18210.00 47.67
18220.00 47.68
18230.00 47.69
18240.00 47.70
18250.00 47.71
18260.00 47.73
18270.00 47.74
18280.00 47.75
18290.00 47.76
18300.00 47.77
18310.00 47.78
18320.00 47.80
18330.00 47.81
18340.00 47.82
18350.00 47.83
18360.00 47.84
18370.00 47.85
18380.00 47.87
18390.00 47.88
18400.00 47.89
18410.00 47.90
18420.00 47.91
18430.00 47.92
18440.00 47.94
18450.00 47.95
18460.00 47.96
18470.00 47.97
18480.00 47.98
18490.00 47.99
18500.00 48.00
18510.00 48.02
18520.00 48.03
18530.00 48.04
18540.00 48.05
18550.00 48.06
18560.00 48.07
18570.00 48.08
18580.00 48.10
18590.00 48.11
18600.00 48.12
18610.00 48.13
18620.00 48.14
18630.00 48.15
18640.00 48.16
18650.00 48.17
18660.00 48.19
18670.00 48.20
18680.00 48.21
18690.00 48.22
18700.00 48.23
18710.00 48.24
18720.00 48.25
18730.00 48.26
18740.00 48.27
18750.00 48.29
18760.00 48.30
18770.00 48.31
18780.00 48.32
18790.00 48.33
18800.00 48.34
18810.00 48.35
18820.00 48.36
18830.00 48.37
18840.00 48.38
18850.00 48.40
18860.00 48.41
18870.00 48.42
18880.00 48.43
18890.00 48.44
18900.00 48.45
18910.00 48.46
18920.00 48.47
18930.00 48.48
18940.00 48.49
18950.00 48.50
18960.00 48.51
18970.00 48.52
18980.00 48.54
18990.00 48.55
19000.00 48.56
19010.00 48.57
19020.00 48.58
19030.00 48.59
19040.00 48.60
19050.00 48.61
19060.00 48.62
19070.00 48.63
19080.00 48.64
19090.00 48.65
19100.00 48.66
19110.00 48.67
19120.00 48.68
19130.00 48.69
19140.00 48.70
19150.00 48.72
19160.00 48.73
19170.00 48.74
19180.00 48.75
19190.00 48.76
19200.00 48.77
19210.00 48.78
19220.00 48.79
19230.00 48.80
19240.00 48.81
19250.00 48.82
19260.00 48.83
19270.00 48.84
19280.00 48.85
19290.00 48.86
19300.00 48.87
19310.00 48.88
19320.00 48.89
19330.00 48.90
19340.00 48.91
19350.00 48.92
19360.00 48.93
19370.00 48.94
19380.00 48.95
19390.00 48.96
19400.00 48.97
19410.00 48.98
19420.00 48.99
19430.00 49.00
19440.00 49.01
19450.00 49.02
19460.00 49.03
19470.00 49.04
19480.00 49.05
19490.00 49.06
19500.00 49.07
19510.00 49.08
19520.00 49.09
19530.00 49.10
19540.00 49.11
19550.00 49.12
19560.00 49.13
19570.00 49.14
19580.00 49.15
19590.00 49.16
19600.00 49.17
19610.00 49.18
19620.00 49.19
19630.00 49.20
19640.00 49.21
19650.00 49.22
19660.00 49.23
19670.00 49.24
19680.00 49.25
19690.00 49.26
19700.00 49.26
19710.00 49.27
19720.00 49.28
19730.00 49.29
19740.00 49.30
19750.00 49.31
19760.00 49.32
19770.00 49.33
19780.00 49.34
19790.00 49.35
19800.00 49.36
19810.00 49.37
19820.00 49.38
19830.00 49.39
19840.00 49.40
19850.00 49.41
19860.00 49.42
19870.00 49.43
19880.00 49.43
19890.00 49.44
19900.00 49.45
19910.00 49.46
19920.00 49.47
19930.00 49.48
19940.00 49.49
19950.00 49.50
19960.00 49.51
19970.00 49.52
19980.00 49.53
19990.00 49.54
20000.00 49.54
20010.00 49.55
20020.00 49.56
20030.00 49.57
20040.00 49.58
20050.00 49.59
20060.00 49.60
20070.00 49.61
20080.00 49.62
20090.00 49.63
20100.00 49.63
20110.00 49.64
20120.00 49.65
20130.00 49.66
20140.00 49.67
20150.00 49.68
20160.00 49.69
20170.00 49.70
20180.00 49.71
20190.00 49.71
20200.00 49.72
20210.00 49.73
20220.00 49.74
20230.00 49.75
20240.00 49.76
20250.00 49.77
20260.00 49.78
20270.00 49.78
20280.00 49.79
20290.00 49.80
20300.00 49.81
20310.00 49.82
20320.00 49.83
20330.00 49.84
20340.00 49.84
20350.00 49.85
20360.00 49.86
20370.00 49.87
20380.00 49.88
20390.00 49.89
20400.00 49.90
20410.00 49.90
20420.00 49.91
20430.00 49.92
20440.00 49.93
20450.00 49.94
20460.00 49.95
20470.00 49.95
20480.00 49.96
20490.00 49.97
20500.00 49.98
20510.00 49.99
20520.00 50.00
20530.00 50.00
20540.00 50.01
20550.00 50.02
20560.00 50.03
20570.00 50.04
20580.00 50.05
20590.00 50.05
20600.00 50.06
20610.00 50.07
20620.00 50.08
20630.00 50.09
20640.00 50.09
20650.00 50.10
20660.00 50.11
20670.00 50.12
20680.00 50.13
20690.00 50.13
20700.00 50.14
20710.00 50.15
20720.00 50.16
20730.00 50.17
20740.00 50.17
20750.00 50.18
20760.00 50.19
20770.00 50.20
20780.00 50.21
20790.00 50.21
20800.00 50.22
20810.00 50.23
20820.00 50.24
20830.00 50.25
20840.00 50.25
20850.00 50.26
20860.00 50.27
20870.00 50.28
20880.00 50.28
20890.00 50.29
20900.00 50.30
20910.00 50.31
20920.00 50.32
20930.00 50.32
20940.00 50.33
20950.00 50.34
20960.00 50.35
20970.00 50.35
20980.00 50.36
20990.00 50.37
21000.00 50.38
21010.00 50.38
21020.00 50.39
21030.00 50.40
21040.00 50.41
21050.00 50.41
21060.00 50.42
21070.00 50.43
21080.00 50.44
21090.00 50.44
21100.00 50.45
21110.00 50.46
21120.00 50.46
21130.00 50.47
21140.00 50.48
21150.00 50.49
21160.00 50.49
21170.00 50.50
21180.00 50.51
21190.00 50.52
21200.00 50.52
21210.00 50.53
21220.00 50.54
21230.00 50.54
21240.00 50.55
21250.00 50.56
21260.00 50.57
21270.00 50.57
21280.00 50.58
21290.00 50.59
21300.00 50.59
21310.00 50.60
21320.00 50.61
21330.00 50.62
21340.00 50.62
21350.00 50.63
21360.00 50.64
21370.00 50.64
21380.00 50.65
21390.00 50.66
21400.00 50.66
21410.00 50.67
21420.00 50.68
21430.00 50.68
21440.00 50.69
21450.00 50.70
21460.00 50.71
21470.00 50.71
21480.00 50.72
21490.00 50.73
21500.00 50.73
21510.00 50.74
21520.00 50.75
21530.00 50.75
21540.00 50.76
21550.00 50.77
21560.00 50.77
21570.00 50.78
21580.00 50.79
21590.00 50.79
21600.00 50.80
21610.00 50.81
21620.00 50.81
21630.00 50.82
21640.00 50.83
21650.00 50.83
21660.00 50.84
21670.00 50.84
21680.00 50.85
21690.00 50.86
21700.00 50.86
21710.00 50.87
21720.00 50.88
21730.00 50.88
21740.00 50.89
21750.00 50.90
21760.00 50.90
21770.00 50.91
21780.00 50.92
21790.00 50.92
21800.00 50.93
21810.00 50.93
21820.00 50.94
21830.00 50.95
21840.00 50.95
21850.00 50.96
21860.00 50.96
21870.00 50.97
21880.00 50.98
21890.00 50.98
21900.00 50.99
21910.00 51.00
21920.00 51.00
21930.00 51.01
21940.00 51.01
21950.00 51.02
21960.00 51.03
21970.00 51.03
21980.00 51.04
21990.00 51.04
22000.00 51.05
22010.00 51.06
22020.00 51.06
22030.00 51.07
22040.00 51.07
22050.00 51.08
22060.00 51.09
22070.00 51.09
22080.00 51.10
22090.00 51.10
22100.00 51.11
22110.00 51.11
22120.00 51.12
22130.00 51.13
22140.00 51.13
22150.00 51.14
22160.00 51.14
22170.00 51.15
22180.00 51.15
22190.00 51.16
22200.00 51.17
22210.00 51.17
22220.00 51.18
22230.00 51.18
22240.00 51.19
22250.00 51.19
22260.00 51.20
22270.00 51.21
22280.00 51.21
22290.00 51.22
22300.00 51.22
22310.00 51.23
22320.00 51.23
22330.00 51.24
22340.00 51.24
22350.00 51.25
22360.00 51.25
22370.00 51.26
22380.00 51.26
22390.00 51.27
22400.00 51.28
22410.00 51.28
22420.00 51.29
22430.00 51.29
22440.00 51.30
22450.00 51.30
22460.00 51.31
22470.00 51.31
22480.00 51.32
22490.00 51.32
22500.00 51.33
22510.00 51.33
22520.00 51.34
22530.00 51.34
22540.00 51.35
22550.00 51.35
22560.00 51.36
22570.00 51.36
22580.00 51.37
22590.00 51.37
22600.00 51.38
22610.00 51.38
22620.00 51.39
22630.00 51.39
22640.00 51.40
22650.00 51.40
22660.00 51.41
22670.00 51.41
22680.00 51.42
22690.00 51.42
22700.00 51.43
22710.00 51.43
22720.00 51.44
22730.00 51.44
22740.00 51.45
22750.00 51.45
22760.00 51.46
22770.00 51.46
22780.00 51.47
22790.00 51.47
22800.00 51.48
22810.00 51.48
22820.00 51.49
22830.00 51.49
22840.00 51.50
22850.00 51.50
22860.00 51.50
22870.00 51.51
22880.00 51.51
22890.00 51.52
22900.00 51.52
22910.00 51.53
22920.00 51.53
22930.00 51.54
22940.00 51.54
22950.00 51.55
22960.00 51.55
22970.00 51.55
22980.00 51.56
22990.00 51.56
23000.00 51.57
23010.00 51.57
23020.00 51.58
23030.00 51.58
23040.00 51.58
23050.00 51.59
23060.00 51.59
23070.00 51.60
23080.00 51.60
23090.00 51.61
23100.00 51.61
23110.00 51.61
23120.00 51.62
23130.00 51.62
23140.00 51.63
23150.00 51.63
23160.00 51.64
23170.00 51.64
23180.00 51.64
23190.00 51.65
23200.00 51.65
23210.00 51.66
23220.00 51.66
23230.00 51.66
23240.00 51.67
23250.00 51.67
23260.00 51.68
23270.00 51.68
23280.00 51.68
23290.00 51.69
23300.00 51.69
23310.00 51.70
23320.00 51.70
23330.00 51.70
23340.00 51.71
23350.00 51.71
23360.00 51.72
23370.00 51.72
23380.00 51.72
23390.00 51.73
23400.00 51.73
23410.00 51.73
23420.00 51.74
23430.00 51.74
23440.00 51.75
23450.00 51.75
23460.00 51.75
23470.00 51.76
23480.00 51.76
23490.00 51.76
23500.00 51.77
23510.00 51.77
23520.00 51.77
23530.00 51.78
23540.00 51.78
23550.00 51.79
23560.00 51.79
23570.00 51.79
23580.00 51.80
23590.00 51.80
23600.00 51.80
23610.00 51.81
23620.00 51.81
23630.00 51.81
23640.00 51.82
23650.00 51.82
23660.00 51.82
23670.00 51.83
23680.00 51.83
23690.00 51.83
23700.00 51.84
23710.00 51.84
23720.00 51.84
23730.00 51.85
23740.00 51.85
23750.00 51.85
23760.00 51.86
23770.00 51.86
23780.00 51.86
23790.00 51.87
23800.00 51.87
23810.00 51.87
23820.00 51.87
23830.00 51.88
23840.00 51.88
23850.00 51.88
23860.00 51.89
23870.00 51.89
23880.00 51.89
23890.00 51.90
23900.00 51.90
23910.00 51.90
23920.00 51.90
23930.00 51.91
23940.00 51.91
23950.00 51.91
23960.00 51.92
23970.00 51.92
23980.00 51.92
23990.00 51.93
24000.00 51.93
24010.00 51.93
24020.00 51.93
24030.00 51.94
24040.00 51.94
24050.00 51.94
24060.00 51.94
24070.00 51.95
24080.00 51.95
24090.00 51.95
24100.00 51.96
24110.00 51.96
24120.00 51.96
24130.00 51.96
24140.00 51.97
24150.00 51.97
24160.00 51.97
24170.00 51.97
24180.00 51.98
24190.00 51.98
24200.00 51.98
24210.00 51.98
24220.00 51.99
24230.00 51.99
24240.00 51.99
24250.00 51.99
24260.00 52.00
24270.00 52.00
24280.00 52.00
24290.00 52.00
24300.00 52.01
24310.00 52.01
24320.00 52.01
24330.00 52.01
24340.00 52.01
24350.00 52.02
24360.00 52.02
24370.00 52.02
24380.00 52.02
24390.00 52.03
24400.00 52.03
24410.00 52.03
24420.00 52.03
24430.00 52.03
24440.00 52.04
24450.00 52.04
24460.00 52.04
24470.00 52.04
24480.00 52.05
24490.00 52.05
24500.00 52.05
24510.00 52.05
24520.00 52.05
24530.00 52.06
24540.00 52.06
24550.00 52.06
24560.00 52.06
24570.00 52.06
24580.00 52.07
24590.00 52.07
24600.00 52.07
24610.00 52.07
24620.00 52.07
24630.00 52.07
24640.00 52.08
24650.00 52.08
24660.00 52.08
24670.00 52.08
24680.00 52.08
24690.00 52.09
24700.00 52.09
24710.00 52.09
24720.00 52.09
24730.00 52.09
24740.00 52.09
24750.00 52.10
24760.00 52.10
24770.00 52.10
24780.00 52.10
24790.00 52.10
24800.00 52.10
24810.00 52.11
24820.00 52.11
24830.00 52.11
24840.00 52.11
24850.00 52.11
24860.00 52.11
24870.00 52.11
24880.00 52.12
24890.00 52.12
24900.00 52.12
24910.00 52.12
24920.00 52.12
24930.00 52.12
24940.00 52.12
24950.00 52.13
24960.00 52.13
24970.00 52.13
24980.00 52.13
24990.00 52.13
25000.00 52.13
25010.00 52.13
25020.00 52.13
25030.00 52.14
25040.00 52.14
25050.00 52.14
25060.00 52.14
25070.00 52.14
25080.00 52.14
25090.00 52.14
25100.00 52.14
25110.00 52.14
25120.00 52.15
25130.00 52.15
25140.00 52.15
25150.00 52.15
25160.00 52.15
25170.00 52.15
25180.00 52.15
25190.00 52.15
25200.00 52.15
25210.00 52.15
25220.00 52.16
25230.00 52.16
25240.00 52.16
25250.00 52.16
25260.00 52.16
25270.00 52.16
25280.00 52.16
25290.00 52.16
25300.00 52.16
25310.00 52.16
25320.00 52.16
25330.00 52.16
25340.00 52.17
25350.00 52.17
25360.00 52.17
25370.00 52.17
25380.00 52.17
25390.00 52.17
25400.00 52.17
25410.00 52.17
25420.00 52.17
25430.00 52.17
25440.00 52.17
25450.00 52.17
25460.00 52.17
25470.00 52.17
25480.00 52.17
25490.00 52.17
25500.00 52.17
25510.00 52.18
25520.00 52.18
25530.00 52.18
25540.00 52.18
25550.00 52.18
25560.00 52.18
25570.00 52.18
25580.00 52.18
25590.00 52.18
25600.00 52.18
25610.00 52.18
25620.00 52.18
25630.00 52.18
25640.00 52.18
25650.00 52.18
25660.00 52.18
25670.00 52.18
25680.00 52.18
25690.00 52.18
25700.00 52.18
25710.00 52.18
25720.00 52.18
25730.00 52.18
25740.00 52.18
25750.00 52.18
25760.00 52.18
25770.00 52.18
25780.00 52.18
25790.00 52.18
25800.00 52.18
25810.00 52.18
25820.00 52.18
25830.00 52.18
25840.00 52.18
25850.00 52.18
25860.00 52.18
25870.00 52.18
25880.00 52.18
25890.00 52.18
25900.00 52.18
25910.00 52.18
25920.00 52.18
25930.00 52.18
25940.00 52.18
25950.00 52.18
25960.00 52.18
25970.00 52.18
25980.00 52.18
25990.00 52.18
26000.00 52.18
26010.00 52.18
26020.00 52.18
26030.00 52.18
26040.00 52.18
26050.00 52.18
26060.00 52.18
26070.00 52.18
26080.00 52.18
26090.00 52.18
26100.00 52.17
26110.00 52.17
26120.00 52.17
26130.00 52.17
26140.00 52.17
26150.00 52.17
26160.00 52.17
26170.00 52.17
26180.00 52.17
26190.00 52.17
26200.00 52.17
26210.00 52.17
26220.00 52.17
26230.00 52.17
26240.00 52.17
26250.00 52.17
26260.00 52.17
26270.00 52.16
26280.00 52.16
26290.00 52.16
26300.00 52.16
26310.00 52.16
26320.00 52.16
26330.00 52.16
26340.00 52.16
26350.00 52.16
26360.00 52.16
26370.00 52.16
26380.00 52.16
26390.00 52.15
26400.00 52.15
26410.00 52.15
26420.00 52.15
26430.00 52.15
26440.00 52.15
26450.00 52.15
26460.00 52.15
26470.00 52.15
26480.00 52.15
26490.00 52.14
26500.00 52.14
26510.00 52.14
26520.00 52.14
26530.00 52.14
26540.00 52.14
26550.00 52.14
26560.00 52.14
26570.00 52.14
26580.00 52.13
26590.00 52.13
26600.00 52.13
26610.00 52.13
26620.00 52.13
26630.00 52.13
26640.00 52.13
26650.00 52.13
26660.00 52.12
26670.00 52.12
26680.00 52.12
26690.00 52.12
26700.00 52.12
26710.00 52.12
26720.00 52.12
26730.00 52.11
26740.00 52.11
26750.00 52.11
26760.00 52.11
26770.00 52.11
26780.00 52.11
26790.00 52.11
26800.00 52.10
26810.00 52.10
26820.00 52.10
26830.00 52.10
26840.00 52.10
26850.00 52.10
26860.00 52.09
26870.00 52.09
26880.00 52.09
26890.00 52.09
26900.00 52.09
26910.00 52.09
26920.00 52.08
26930.00 52.08
26940.00 52.08
26950.00 52.08
26960.00 52.08
26970.00 52.07
26980.00 52.07
26990.00 52.07
27000.00 52.07
27010.00 52.07
27020.00 52.07
27030.00 52.06
27040.00 52.06
27050.00 52.06
27060.00 52.06
27070.00 52.06
27080.00 52.05
27090.00 52.05
27100.00 52.05
27110.00 52.05
27120.00 52.05
27130.00 52.04
27140.00 52.04
27150.00 52.04
27160.00 52.04
27170.00 52.03
27180.00 52.03
27190.00 52.03
27200.00 52.03
27210.00 52.03
27220.00 52.02
27230.00 52.02
27240.00 52.02
27250.00 52.02
27260.00 52.01
27270.00 52.01
27280.00 52.01
27290.00 52.01
27300.00 52.01
27310.00 52.00
27320.00 52.00
27330.00 52.00
27340.00 52.00
27350.00 51.99
27360.00 51.99
27370.00 51.99
27380.00 51.99
27390.00 51.98
27400.00 51.98
27410.00 51.98
27420.00 51.98
27430.00 51.97
27440.00 51.97
27450.00 51.97
27460.00 51.97
27470.00 51.96
27480.00 51.96
27490.00 51.96
27500.00 51.96
27510.00 51.95
27520.00 51.95
27530.00 51.95
27540.00 51.94
27550.00 51.94
27560.00 51.94
27570.00 51.94
27580.00 51.93
27590.00 51.93
27600.00 51.93
27610.00 51.93
27620.00 51.92
27630.00 51.92
27640.00 51.92
27650.00 51.91
27660.00 51.91
27670.00 51.91
27680.00 51.90
27690.00 51.90
27700.00 51.90
27710.00 51.90
27720.00 51.89
27730.00 51.89
27740.00 51.89
27750.00 51.88
27760.00 51.88
27770.00 51.88
27780.00 51.87
27790.00 51.87
27800.00 51.87
27810.00 51.87
27820.00 51.86
27830.00 51.86
27840.00 51.86
27850.00 51.85
27860.00 51.85
27870.00 51.85
27880.00 51.84
27890.00 51.84
27900.00 51.84
27910.00 51.83
27920.00 51.83
27930.00 51.83
27940.00 51.82
27950.00 51.82
27960.00 51.82
27970.00 51.81
27980.00 51.81
27990.00 51.81
28000.00 51.80
28010.00 51.80
28020.00 51.80
28030.00 51.79
28040.00 51.79
28050.00 51.79
28060.00 51.78
28070.00 51.78
28080.00 51.77
28090.00 51.77
28100.00 51.77
28110.00 51.76
28120.00 51.76
28130.00 51.76
28140.00 51.75
28150.00 51.75
28160.00 51.75
28170.00 51.74
28180.00 51.74
28190.00 51.73
28200.00 51.73
28210.00 51.73
28220.00 51.72
28230.00 51.72
28240.00 51.72
28250.00 51.71
28260.00 51.71
28270.00 51.70
28280.00 51.70
28290.00 51.70
28300.00 51.69
28310.00 51.69
28320.00 51.68
28330.00 51.68
28340.00 51.68
28350.00 51.67
28360.00 51.67
28370.00 51.66
28380.00 51.66
28390.00 51.66
28400.00 51.65
28410.00 51.65
28420.00 51.64
28430.00 51.64
28440.00 51.64
28450.00 51.63
28460.00 51.63
28470.00 51.62
28480.00 51.62
28490.00 51.61
28500.00 51.61
28510.00 51.61
28520.00 51.60
28530.00 51.60
28540.00 51.59
28550.00 51.59
28560.00 51.58
28570.00 51.58
28580.00 51.58
28590.00 51.57
28600.00 51.57
28610.00 51.56
28620.00 51.56
28630.00 51.55
28640.00 51.55
28650.00 51.55
28660.00 51.54
28670.00 51.54
28680.00 51.53
28690.00 51.53
28700.00 51.52
28710.00 51.52
28720.00 51.51
28730.00 51.51
28740.00 51.50
28750.00 51.50
28760.00 51.50
28770.00 51.49
28780.00 51.49
28790.00 51.48
28800.00 51.48
28810.00 51.47
28820.00 51.47
28830.00 51.46
28840.00 51.46
28850.00 51.45
28860.00 51.45
28870.00 51.44
28880.00 51.44
28890.00 51.43
28900.00 51.43
28910.00 51.42
28920.00 51.42
28930.00 51.41
28940.00 51.41
28950.00 51.40
28960.00 51.40
28970.00 51.39
28980.00 51.39
28990.00 51.38
29000.00 51.38
29010.00 51.37
29020.00 51.37
29030.00 51.36
29040.00 51.36
29050.00 51.35
29060.00 51.35
29070.00 51.34
29080.00 51.34
29090.00 51.33
29100.00 51.33
29110.00 51.32
29120.00 51.32
29130.00 51.31
29140.00 51.31
29150.00 51.30
29160.00 51.30
29170.00 51.29
29180.00 51.29
29190.00 51.28
29200.00 51.28
29210.00 51.27
29220.00 51.26
29230.00 51.26
29240.00 51.25
29250.00 51.25
29260.00 51.24
29270.00 51.24
29280.00 51.23
29290.00 51.23
29300.00 51.22
29310.00 51.22
29320.00 51.21
29330.00 51.21
29340.00 51.20
29350.00 51.19
29360.00 51.19
29370.00 51.18
29380.00 51.18
29390.00 51.17
29400.00 51.17
29410.00 51.16
29420.00 51.15
29430.00 51.15
29440.00 51.14
29450.00 51.14
29460.00 51.13
29470.00 51.13
29480.00 51.12
29490.00 51.11
29500.00 51.11
29510.00 51.10
29520.00 51.10
29530.00 51.09
29540.00 51.09
29550.00 51.08
29560.00 51.07
29570.00 51.07
29580.00 51.06
29590.00 51.06
29600.00 51.05
29610.00 51.04
29620.00 51.04
29630.00 51.03
29640.00 51.03
29650.00 51.02
29660.00 51.01
29670.00 51.01
29680.00 51.00
29690.00 51.00
29700.00 50.99
29710.00 50.98
29720.00 50.98
29730.00 50.97
29740.00 50.96
29750.00 50.96
29760.00 50.95
29770.00 50.95
29780.00 50.94
29790.00 50.93
29800.00 50.93
29810.00 50.92
29820.00 50.92
29830.00 50.91
29840.00 50.90
29850.00 50.90
29860.00 50.89
29870.00 50.88
29880.00 50.88
29890.00 50.87
29900.00 50.86
29910.00 50.86
29920.00 50.85
29930.00 50.84
29940.00 50.84
29950.00 50.83
29960.00 50.83
29970.00 50.82
29980.00 50.81
29990.00 50.81
30000.00 50.80
30010.00 50.79
30020.00 50.79
30030.00 50.78
30040.00 50.77
30050.00 50.77
30060.00 50.76
30070.00 50.75
30080.00 50.75
30090.00 50.74
30100.00 50.73
30110.00 50.73
30120.00 50.72
30130.00 50.71
30140.00 50.71
30150.00 50.70
30160.00 50.69
30170.00 50.68
30180.00 50.68
30190.00 50.67
30200.00 50.66
30210.00 50.66
30220.00 50.65
30230.00 50.64
30240.00 50.64
30250.00 50.63
30260.00 50.62
30270.00 50.62
30280.00 50.61
30290.00 50.60
30300.00 50.59
30310.00 50.59
30320.00 50.58
30330.00 50.57
30340.00 50.57
30350.00 50.56
30360.00 50.55
30370.00 50.54
30380.00 50.54
30390.00 50.53
30400.00 50.52
30410.00 50.52
30420.00 50.51
30430.00 50.50
30440.00 50.49
30450.00 50.49
30460.00 50.48
30470.00 50.47
30480.00 50.46
30490.00 50.46
30500.00 50.45
30510.00 50.44
30520.00 50.44
30530.00 50.43
30540.00 50.42
30550.00 50.41
30560.00 50.41
30570.00 50.40
30580.00 50.39
30590.00 50.38
30600.00 50.38
30610.00 50.37
30620.00 50.36
30630.00 50.35
30640.00 50.35
30650.00 50.34
30660.00 50.33
30670.00 50.32
30680.00 50.32
30690.00 50.31
30700.00 50.30
30710.00 50.29
30720.00 50.28
30730.00 50.28
30740.00 50.27
30750.00 50.26
30760.00 50.25
30770.00 50.25
30780.00 50.24
30790.00 50.23
30800.00 50.22
30810.00 50.21
30820.00 50.21
30830.00 50.20
30840.00 50.19
30850.00 50.18
30860.00 50.17
30870.00 50.17
30880.00 50.16
30890.00 50.15
30900.00 50.14
30910.00 50.13
30920.00 50.13
30930.00 50.12
30940.00 50.11
30950.00 50.10
30960.00 50.09
30970.00 50.09
30980.00 50.08
30990.00 50.07
31000.00 50.06
31010.00 50.05
31020.00 50.05
31030.00 50.04
31040.00 50.03
31050.00 50.02
31060.00 50.01
31070.00 50.00
31080.00 50.00
31090.00 49.99
31100.00 49.98
31110.00 49.97
31120.00 49.96
31130.00 49.95
31140.00 49.95
31150.00 49.94
31160.00 49.93
31170.00 49.92
31180.00 49.91
31190.00 49.90
31200.00 49.90
31210.00 49.89
31220.00 49.88
31230.00 49.87
31240.00 49.86
31250.00 49.85
31260.00 49.84
31270.00 49.84
31280.00 49.83
31290.00 49.82
31300.00 49.81
31310.00 49.80
31320.00 49.79
31330.00 49.78
31340.00 49.78
31350.00 49.77
31360.00 49.76
31370.00 49.75
31380.00 49.74
31390.00 49.73
31400.00 49.72
31410.00 49.71
31420.00 49.71
31430.00 49.70
31440.00 49.69
31450.00 49.68
31460.00 49.67
31470.00 49.66
31480.00 49.65
31490.00 49.64
31500.00 49.63
31510.00 49.63
31520.00 49.62
31530.00 49.61
31540.00 49.60
31550.00 49.59
31560.00 49.58
31570.00 49.57
31580.00 49.56
31590.00 49.55
31600.00 49.54
31610.00 49.54
31620.00 49.53
31630.00 49.52
31640.00 49.51
31650.00 49.50
31660.00 49.49
31670.00 49.48
31680.00 49.47
31690.00 49.46
31700.00 49.45
31710.00 49.44
31720.00 49.43
31730.00 49.43
31740.00 49.42
31750.00 49.41
31760.00 49.40
31770.00 49.39
31780.00 49.38
31790.00 49.37
31800.00 49.36
31810.00 49.35
31820.00 49.34
31830.00 49.33
31840.00 49.32
31850.00 49.31
31860.00 49.30
31870.00 49.29
31880.00 49.28
31890.00 49.27
31900.00 49.26
31910.00 49.26
31920.00 49.25
31930.00 49.24
31940.00 49.23
31950.00 49.22
31960.00 49.21
31970.00 49.20
31980.00 49.19
31990.00 49.18
32000.00 49.17
32010.00 49.16
32020.00 49.15
32030.00 49.14
32040.00 49.13
32050.00 49.12
32060.00 49.11
32070.00 49.10
32080.00 49.09
32090.00 49.08
32100.00 49.07
32110.00 49.06
32120.00 49.05
32130.00 49.04
32140.00 49.03
32150.00 49.02
32160.00 49.01
32170.00 49.00
32180.00 48.99
32190.00 48.98
32200.00 48.97
32210.00 48.96
32220.00 48.95
32230.00 48.94
32240.00 48.93
32250.00 48.92
32260.00 48.91
32270.00 48.90
32280.00 48.89
32290.00 48.88
32300.00 48.87
32310.00 48.86
32320.00 48.85
32330.00 48.84
32340.00 48.83
32350.00 48.82
32360.00 48.81
32370.00 48.80
32380.00 48.79
32390.00 48.78
32400.00 48.77
32410.00 48.76
32420.00 48.75
32430.00 48.74
32440.00 48.73
32450.00 48.72
32460.00 48.70
32470.00 48.69
32480.00 48.68
32490.00 48.67
32500.00 48.66
32510.00 48.65
32520.00 48.64
32530.00 48.63
32540.00 48.62
32550.00 48.61
32560.00 48.60
32570.00 48.59
32580.00 48.58
32590.00 48.57
32600.00 48.56
32610.00 48.55
32620.00 48.54
32630.00 48.52
32640.00 48.51
32650.00 48.50
32660.00 48.49
32670.00 48.48
32680.00 48.47
32690.00 48.46
32700.00 48.45
32710.00 48.44
32720.00 48.43
32730.00 48.42
32740.00 48.41
32750.00 48.40
32760.00 48.38
32770.00 48.37
32780.00 48.36
32790.00 48.35
32800.00 48.34
32810.00 48.33
32820.00 48.32
32830.00 48.31
32840.00 48.30
32850.00 48.29
32860.00 48.27
32870.00 48.26
32880.00 48.25
32890.00 48.24
32900.00 48.23
32910.00 48.22
32920.00 48.21
32930.00 48.20
32940.00 48.19
32950.00 48.17
32960.00 48.16
32970.00 48.15
32980.00 48.14
32990.00 48.13
33000.00 48.12
33010.00 48.11
33020.00 48.10
33030.00 48.08
33040.00 48.07
33050.00 48.06
33060.00 48.05
33070.00 48.04
33080.00 48.03
33090.00 48.02
33100.00 48.00
33110.00 47.99
33120.00 47.98
33130.00 47.97
33140.00 47.96
33150.00 47.95
33160.00 47.94
33170.00 47.92
33180.00 47.91
33190.00 47.90
33200.00 47.89
33210.00 47.88
33220.00 47.87
33230.00 47.85
33240.00 47.84
33250.00 47.83
33260.00 47.82
33270.00 47.81
33280.00 47.80
33290.00 47.78
33300.00 47.77
33310.00 47.76
33320.00 47.75
33330.00 47.74
33340.00 47.73
33350.00 47.71
33360.00 47.70
33370.00 47.69
33380.00 47.68
33390.00 47.67
33400.00 47.65
33410.00 47.64
33420.00 47.63
33430.00 47.62
33440.00 47.61
33450.00 47.59
33460.00 47.58
33470.00 47.57
33480.00 47.56
33490.00 47.55
33500.00 47.53
33510.00 47.52
33520.00 47.51
33530.00 47.50
33540.00 47.49
33550.00 47.47
33560.00 47.46
33570.00 47.45
33580.00 47.44
33590.00 47.42
33600.00 47.41
33610.00 47.40
33620.00 47.39
33630.00 47.38
33640.00 47.36
33650.00 47.35
33660.00 47.34
33670.00 47.33
33680.00 47.31
33690.00 47.30
33700.00 47.29
33710.00 47.28
33720.00 47.26
33730.00 47.25
33740.00 47.24
33750.00 47.23
33760.00 47.21
33770.00 47.20
33780.00 47.19
33790.00 47.18
33800.00 47.16
33810.00 47.15
33820.00 47.14
33830.00 47.13
33840.00 47.11
33850.00 47.10
33860.00 47.09
33870.00 47.08
33880.00 47.06
33890.00 47.05
33900.00 47.04
33910.00 47.03
33920.00 47.01
33930.00 47.00
33940.00 46.99
33950.00 46.97
33960.00 46.96
33970.00 46.95
33980.00 46.94
33990.00 46.92
34000.00 46.91
34010.00 46.90
34020.00 46.88
34030.00 46.87
34040.00 46.86
34050.00 46.85
34060.00 46.83
34070.00 46.82
34080.00 46.81
34090.00 46.79
34100.00 46.78
34110.00 46.77
34120.00 46.76
34130.00 46.74
34140.00 46.73
34150.00 46.72
34160.00 46.70
34170.00 46.69
34180.00 46.68
34190.00 46.66
34200.00 46.65
34210.00 46.64
34220.00 46.62
34230.00 46.61
34240.00 46.60
34250.00 46.58
34260.00 46.57
34270.00 46.56
34280.00 46.54
34290.00 46.53
34300.00 46.52
34310.00 46.50
34320.00 46.49
34330.00 46.48
34340.00 46.46
34350.00 46.45
34360.00 46.44
34370.00 46.42
34380.00 46.41
34390.00 46.40
34400.00 46.38
34410.00 46.37
34420.00 46.36
34430.00 46.34
34440.00 46.33
34450.00 46.32
34460.00 46.30
34470.00 46.29
34480.00 46.28
34490.00 46.26
34500.00 46.25
34510.00 46.23
34520.00 46.22
34530.00 46.21
34540.00 46.19
34550.00 46.18
34560.00 46.17
34570.00 46.15
34580.00 46.14
34590.00 46.12
34600.00 46.11
34610.00 46.10
34620.00 46.08
34630.00 46.07
34640.00 46.06
34650.00 46.04
34660.00 46.03
34670.00 46.01
34680.00 46.00
34690.00 45.99
34700.00 45.97
34710.00 45.96
34720.00 45.94
34730.00 45.93
34740.00 45.92
34750.00 45.90
34760.00 45.89
34770.00 45.87
34780.00 45.86
34790.00 45.85
34800.00 45.83
34810.00 45.82
34820.00 45.80
34830.00 45.79
34840.00 45.78
34850.00 45.76
34860.00 45.75
34870.00 45.73
34880.00 45.72
34890.00 45.70
34900.00 45.69
34910.00 45.68
34920.00 45.66
34930.00 45.65
34940.00 45.63
34950.00 45.62
34960.00 45.60
34970.00 45.59
34980.00 45.58
34990.00 45.56
35000.00 45.55
35010.00 45.53
35020.00 45.52
35030.00 45.50
35040.00 45.49
35050.00 45.47
35060.00 45.46
35070.00 45.45
35080.00 45.43
35090.00 45.42
35100.00 45.40
35110.00 45.39
35120.00 45.37
35130.00 45.36
35140.00 45.34
35150.00 45.33
35160.00 45.31
35170.00 45.30
35180.00 45.28
35190.00 45.27
35200.00 45.26
35210.00 45.24
35220.00 45.23
35230.00 45.21
35240.00 45.20
35250.00 45.18
35260.00 45.17
35270.00 45.15
35280.00 45.14
35290.00 45.12
35300.00 45.11
35310.00 45.09
35320.00 45.08
35330.00 45.06
35340.00 45.05
35350.00 45.03
35360.00 45.02
35370.00 45.00
35380.00 44.99
35390.00 44.97
35400.00 44.96
35410.00 44.94
35420.00 44.93
35430.00 44.91
35440.00 44.90
35450.00 44.88
35460.00 44.87
35470.00 44.85
35480.00 44.84
35490.00 44.82
35500.00 44.81
35510.00 44.79
35520.00 44.78
35530.00 44.76
35540.00 44.74
35550.00 44.73
35560.00 44.71
35570.00 44.70
35580.00 44.68
35590.00 44.67
35600.00 44.65
35610.00 44.64
35620.00 44.62
35630.00 44.61
35640.00 44.59
35650.00 44.58
35660.00 44.56
35670.00 44.55
35680.00 44.53
35690.00 44.51
35700.00 44.50
35710.00 44.48
35720.00 44.47
35730.00 44.45
35740.00 44.44
35750.00 44.42
35760.00 44.41
35770.00 44.39
35780.00 44.37
35790.00 44.36
35800.00 44.34
35810.00 44.33
35820.00 44.31
35830.00 44.30
35840.00 44.28
35850.00 44.26
35860.00 44.25
35870.00 44.23
35880.00 44.22
35890.00 44.20
35900.00 44.18
35910.00 44.17
35920.00 44.15
35930.00 44.14
35940.00 44.12
35950.00 44.11
35960.00 44.09
35970.00 44.07
35980.00 44.06
35990.00 44.04
36000.00 44.03
36010.00 44.01
36020.00 43.99
36030.00 43.98
36040.00 43.96
36050.00 43.95
36060.00 43.93
36070.00 43.91
36080.00 43.90
36090.00 43.88
36100.00 43.87
36110.00 43.85
36120.00 43.83
36130.00 43.82
36140.00 43.80
36150.00 43.78
36160.00 43.77
36170.00 43.75
36180.00 43.74
36190.00 43.72
36200.00 43.70
36210.00 43.69
36220.00 43.67
36230.00 43.65
36240.00 43.64
36250.00 43.62
36260.00 43.60
36270.00 43.59
36280.00 43.57
36290.00 43.56
36300.00 43.54
36310.00 43.52
36320.00 43.51
36330.00 43.49
36340.00 43.47
36350.00 43.46
36360.00 43.44
36370.00 43.42
36380.00 43.41
36390.00 43.39
36400.00 43.37
36410.00 43.36
36420.00 43.34
36430.00 43.32
36440.00 43.31
36450.00 43.29
36460.00 43.27
36470.00 43.26
36480.00 43.24
36490.00 43.22
36500.00 43.21
36510.00 43.19
36520.00 43.17
36530.00 43.16
36540.00 43.14
36550.00 43.12
36560.00 43.11
36570.00 43.09
36580.00 43.07
36590.00 43.06
36600.00 43.04
36610.00 43.02
36620.00 43.00
36630.00 42.99
36640.00 42.97
36650.00 42.95
36660.00 42.94
36670.00 42.92
36680.00 42.90
36690.00 42.89
36700.00 42.87
36710.00 42.85
36720.00 42.83
36730.00 42.82
36740.00 42.80
36750.00 42.78
36760.00 42.77
36770.00 42.75
36780.00 42.73
36790.00 42.71
36800.00 42.70
36810.00 42.68
36820.00 42.66
36830.00 42.64
36840.00 42.63
36850.00 42.61
36860.00 42.59
36870.00 42.58
36880.00 42.56
36890.00 42.54
36900.00 42.52
36910.00 42.51
36920.00 42.49
36930.00 42.47
36940.00 42.45
36950.00 42.44
36960.00 42.42
36970.00 42.40
36980.00 42.38
36990.00 42.37
37000.00 42.35
37010.00 42.33
37020.00 42.31
37030.00 42.30
37040.00 42.28
37050.00 42.26
37060.00 42.24
37070.00 42.22
37080.00 42.21
37090.00 42.19
37100.00 42.17
37110.00 42.15
37120.00 42.14
37130.00 42.12
37140.00 42.10
37150.00 42.08
37160.00 42.07
37170.00 42.05
37180.00 42.03
37190.00 42.01
37200.00 41.99
37210.00 41.98
37220.00 41.96
37230.00 41.94
37240.00 41.92
37250.00 41.90
37260.00 41.89
37270.00 41.87
37280.00 41.85
37290.00 41.83
37300.00 41.81
37310.00 41.80
37320.00 41.78
37330.00 41.76
37340.00 41.74
37350.00 41.72
37360.00 41.71
37370.00 41.69
37380.00 41.67
37390.00 41.65
37400.00 41.63
37410.00 41.62
37420.00 41.60
37430.00 41.58
37440.00 41.56
37450.00 41.54
37460.00 41.52
37470.00 41.51
37480.00 41.49
37490.00 41.47
37500.00 41.45
37510.00 41.43
37520.00 41.41
37530.00 41.40
37540.00 41.38
37550.00 41.36
37560.00 41.34
37570.00 41.32
37580.00 41.30
37590.00 41.28
37600.00 41.27
37610.00 41.25
37620.00 41.23
37630.00 41.21
37640.00 41.19
37650.00 41.17
37660.00 41.16
37670.00 41.14
37680.00 41.12
37690.00 41.10
37700.00 41.08
37710.00 41.06
37720.00 41.04
37730.00 41.02
37740.00 41.01
37750.00 40.99
37760.00 40.97
37770.00 40.95
37780.00 40.93
37790.00 40.91
37800.00 40.89
37810.00 40.87
37820.00 40.86
37830.00 40.84
37840.00 40.82
37850.00 40.80
37860.00 40.78
37870.00 40.76
37880.00 40.74
37890.00 40.72
37900.00 40.70
37910.00 40.69
37920.00 40.67
37930.00 40.65
37940.00 40.63
37950.00 40.61
37960.00 40.59
37970.00 40.57
37980.00 40.55
37990.00 40.53
38000.00 40.51
38010.00 40.49
38020.00 40.48
38030.00 40.46
38040.00 40.44
38050.00 40.42
38060.00 40.40
38070.00 40.38
38080.00 40.36
38090.00 40.34
38100.00 40.32
38110.00 40.30
38120.00 40.28
38130.00 40.26
38140.00 40.24
38150.00 40.23
38160.00 40.21
38170.00 40.19
38180.00 40.17
38190.00 40.15
38200.00 40.13
38210.00 40.11
38220.00 40.09
38230.00 40.07
38240.00 40.05
38250.00 40.03
38260.00 40.01
38270.00 39.99
38280.00 39.97
38290.00 39.95
38300.00 39.93
38310.00 39.91
38320.00 39.89
38330.00 39.87
38340.00 39.85
38350.00 39.83
38360.00 39.82
38370.00 39.80
38380.00 39.78
38390.00 39.76
38400.00 39.74
38410.00 39.72
38420.00 39.70
38430.00 39.68
38440.00 39.66
38450.00 39.64
38460.00 39.62
38470.00 39.60
38480.00 39.58
38490.00 39.56
38500.00 39.54
38510.00 39.52
38520.00 39.50
38530.00 39.48
38540.00 39.46
38550.00 39.44
38560.00 39.42
38570.00 39.40
38580.00 39.38
38590.00 39.36
38600.00 39.34
38610.00 39.32
38620.00 39.30
38630.00 39.28
38640.00 39.26
38650.00 39.24
38660.00 39.22
38670.00 39.20
38680.00 39.18
38690.00 39.16
38700.00 39.14
38710.00 39.12
38720.00 39.10
38730.00 39.08
38740.00 39.06
38750.00 39.04
38760.00 39.01
38770.00 38.99
38780.00 38.97
38790.00 38.95
38800.00 38.93
38810.00 38.91
38820.00 38.89
38830.00 38.87
38840.00 38.85
38850.00 38.83
38860.00 38.81
38870.00 38.79
38880.00 38.77
38890.00 38.75
38900.00 38.73
38910.00 38.71
38920.00 38.69
38930.00 38.67
38940.00 38.65
38950.00 38.63
38960.00 38.61
38970.00 38.58
38980.00 38.56
38990.00 38.54
39000.00 38.52
39010.00 38.50
39020.00 38.48
39030.00 38.46
39040.00 38.44
39050.00 38.42
39060.00 38.40
39070.00 38.38
39080.00 38.36
39090.00 38.34
39100.00 38.31
39110.00 38.29
39120.00 38.27
39130.00 38.25
39140.00 38.23
39150.00 38.21
39160.00 38.19
39170.00 38.17
39180.00 38.15
39190.00 38.13
39200.00 38.11
39210.00 38.08
39220.00 38.06
39230.00 38.04
39240.00 38.02
39250.00 38.00
39260.00 37.98
39270.00 37.96
39280.00 37.94
39290.00 37.92
39300.00 37.89
39310.00 37.87
39320.00 37.85
39330.00 37.83
39340.00 37.81
39350.00 37.79
39360.00 37.77
39370.00 37.75
39380.00 37.72
39390.00 37.70
39400.00 37.68
39410.00 37.66
39420.00 37.64
39430.00 37.62
39440.00 37.60
39450.00 37.58
39460.00 37.55
39470.00 37.53
39480.00 37.51
39490.00 37.49
39500.00 37.47
39510.00 37.45
39520.00 37.43
39530.00 37.40
39540.00 37.38
39550.00 37.36
39560.00 37.34
39570.00 37.32
39580.00 37.30
39590.00 37.27
39600.00 37.25
39610.00 37.23
39620.00 37.21
39630.00 37.19
39640.00 37.17
39650.00 37.14
39660.00 37.12
39670.00 37.10
39680.00 37.08
39690.00 37.06
39700.00 37.04
39710.00 37.01
39720.00 36.99
39730.00 36.97
39740.00 36.95
39750.00 36.93
39760.00 36.90
39770.00 36.88
39780.00 36.86
39790.00 36.84
39800.00 36.82
39810.00 36.79
39820.00 36.77
39830.00 36.75
39840.00 36.73
39850.00 36.71
39860.00 36.68
39870.00 36.66
39880.00 36.64
39890.00 36.62
39900.00 36.60
39910.00 36.57
39920.00 36.55
39930.00 36.53
39940.00 36.51
39950.00 36.49
39960.00 36.46
39970.00 36.44
39980.00 36.42
39990.00 36.40
40000.00 36.37
40010.00 36.35
40020.00 36.33
40030.00 36.31
40040.00 36.29
40050.00 36.26
40060.00 36.24
40070.00 36.22
40080.00 36.20
40090.00 36.17
40100.00 36.15
40110.00 36.13
40120.00 36.11
40130.00 36.08
40140.00 36.06
40150.00 36.04
40160.00 36.02
40170.00 35.99
40180.00 35.97
40190.00 35.95
40200.00 35.93
40210.00 35.90
40220.00 35.88
40230.00 35.86
40240.00 35.84
40250.00 35.81
40260.00 35.79
40270.00 35.77
40280.00 35.75
40290.00 35.72
40300.00 35.70
40310.00 35.68
40320.00 35.65
40330.00 35.63
40340.00 35.61
40350.00 35.59
40360.00 35.56
40370.00 35.54
40380.00 35.52
40390.00 35.49
40400.00 35.47
40410.00 35.45
40420.00 35.43
40430.00 35.40
40440.00 35.38
40450.00 35.36
40460.00 35.33
40470.00 35.31
40480.00 35.29
40490.00 35.26
40500.00 35.24
40510.00 35.22
40520.00 35.20
40530.00 35.17
40540.00 35.15
40550.00 35.13
40560.00 35.10
40570.00 35.08
40580.00 35.06
40590.00 35.03
40600.00 35.01
40610.00 34.99
40620.00 34.96
40630.00 34.94
40640.00 34.92
40650.00 34.89
40660.00 34.87
40670.00 34.85
40680.00 34.82
40690.00 34.80
40700.00 34.78
40710.00 34.75
40720.00 34.73
40730.00 34.71
40740.00 34.68
40750.00 34.66
40760.00 34.64
40770.00 34.61
40780.00 34.59
40790.00 34.57
40800.00 34.54
40810.00 34.52
40820.00 34.50
40830.00 34.47
40840.00 34.45
40850.00 34.43
40860.00 34.40
40870.00 34.38
40880.00 34.35
40890.00 34.33
40900.00 34.31
40910.00 34.28
40920.00 34.26
40930.00 34.24
40940.00 34.21
40950.00 34.19
40960.00 34.17
40970.00 34.14
40980.00 34.12
40990.00 34.09
41000.00 34.07
41010.00 34.05
41020.00 34.02
41030.00 34.00
41040.00 33.97
41050.00 33.95
41060.00 33.93
41070.00 33.90
41080.00 33.88
41090.00 33.85
41100.00 33.83
41110.00 33.81
41120.00 33.78
41130.00 33.76
41140.00 33.73
41150.00 33.71
41160.00 33.69
41170.00 33.66
41180.00 33.64
41190.00 33.61
41200.00 33.59
41210.00 33.57
41220.00 33.54
41230.00 33.52
41240.00 33.49
41250.00 33.47
41260.00 33.44
41270.00 33.42
41280.00 33.40
41290.00 33.37
41300.00 33.35
41310.00 33.32
41320.00 33.30
41330.00 33.27
41340.00 33.25
41350.00 33.23
41360.00 33.20
41370.00 33.18
41380.00 33.15
41390.00 33.13
41400.00 33.10
41410.00 33.08
41420.00 33.06
41430.00 33.03
41440.00 33.01
41450.00 32.98
41460.00 32.96
41470.00 32.93
41480.00 32.91
41490.00 32.88
41500.00 32.86
41510.00 32.83
41520.00 32.81
41530.00 32.78
41540.00 32.76
41550.00 32.74
41560.00 32.71
41570.00 32.69
41580.00 32.66
41590.00 32.64
41600.00 32.61
41610.00 32.59
41620.00 32.56
41630.00 32.54
41640.00 32.51
41650.00 32.49
41660.00 32.46
41670.00 32.44
41680.00 32.41
41690.00 32.39
41700.00 32.36
41710.00 32.34
41720.00 32.31
41730.00 32.29
41740.00 32.26
41750.00 32.24
41760.00 32.21
41770.00 32.19
41780.00 32.16
41790.00 32.14
41800.00 32.11
41810.00 32.09
41820.00 32.06
41830.00 32.04
41840.00 32.01
41850.00 31.99
41860.00 31.96
41870.00 31.94
41880.00 31.91
41890.00 31.89
41900.00 31.86
41910.00 31.84
41920.00 31.81
41930.00 31.79
41940.00 31.76
41950.00 31.74
41960.00 31.71
41970.00 31.68
41980.00 31.66
41990.00 31.63
42000.00 31.61
42010.00 31.58
42020.00 31.56
42030.00 31.53
42040.00 31.51
42050.00 31.48
42060.00 31.46
42070.00 31.43
42080.00 31.40
42090.00 31.38
42100.00 31.35
42110.00 31.33
42120.00 31.30
42130.00 31.28
42140.00 31.25
42150.00 31.23
42160.00 31.20
42170.00 31.17
42180.00 31.15
42190.00 31.12
42200.00 31.10
42210.00 31.07
42220.00 31.05
42230.00 31.02
42240.00 30.99
42250.00 30.97
42260.00 30.94
42270.00 30.92
42280.00 30.89
42290.00 30.87
42300.00 30.84
42310.00 30.81
42320.00 30.79
42330.00 30.76
42340.00 30.74
42350.00 30.71
42360.00 30.68
42370.00 30.66
42380.00 30.63
42390.00 30.61
42400.00 30.58
42410.00 30.55
42420.00 30.53
42430.00 30.50
42440.00 30.48
42450.00 30.45
42460.00 30.42
42470.00 30.40
42480.00 30.37
42490.00 30.34
42500.00 30.32
42510.00 30.29
42520.00 30.27
42530.00 30.24
42540.00 30.21
42550.00 30.19
42560.00 30.16
42570.00 30.14
42580.00 30.11
42590.00 30.08
42600.00 30.06
42610.00 30.03
42620.00 30.00
42630.00 29.98
42640.00 29.95
42650.00 29.92
42660.00 29.90
42670.00 29.87
42680.00 29.84
42690.00 29.82
42700.00 29.79
42710.00 29.77
42720.00 29.74
42730.00 29.71
42740.00 29.69
42750.00 29.66
42760.00 29.63
42770.00 29.61
42780.00 29.58
42790.00 29.55
42800.00 29.53
42810.00 29.50
42820.00 29.47
42830.00 29.45
42840.00 29.42
42850.00 29.39
42860.00 29.37
42870.00 29.34
42880.00 29.31
42890.00 29.29
42900.00 29.26
42910.00 29.23
42920.00 29.21
42930.00 29.18
42940.00 29.15
42950.00 29.12
42960.00 29.10
42970.00 29.07
42980.00 29.04
42990.00 29.02
43000.00 28.99
43010.00 28.96
43020.00 28.94
43030.00 28.91
43040.00 28.88
43050.00 28.85
43060.00 28.83
43070.00 28.80
43080.00 28.77
43090.00 28.75
43100.00 28.72
43110.00 28.69
43120.00 28.67
43130.00 28.64
43140.00 28.61
43150.00 28.58
43160.00 28.56
43170.00 28.53
43180.00 28.50
43190.00 28.47
43200.00 28.45
43210.00 28.42
43220.00 28.39
43230.00 28.37
43240.00 28.34
43250.00 28.31
43260.00 28.28
43270.00 28.26
43280.00 28.23
43290.00 28.20
43300.00 28.17
43310.00 28.15
43320.00 28.12
43330.00 28.09
43340.00 28.06
43350.00 28.04
43360.00 28.01
43370.00 27.98
43380.00 27.95
43390.00 27.93
43400.00 27.90
43410.00 27.87
43420.00 27.84
43430.00 27.82
43440.00 27.79
43450.00 27.76
43460.00 27.73
43470.00 27.71
43480.00 27.68
43490.00 27.65
43500.00 27.62
43510.00 27.59
43520.00 27.57
43530.00 27.54
43540.00 27.51
43550.00 27.48
43560.00 27.46
43570.00 27.43
43580.00 27.40
43590.00 27.37
43600.00 27.34
43610.00 27.32
43620.00 27.29
43630.00 27.26
43640.00 27.23
43650.00 27.20
43660.00 27.18
43670.00 27.15
43680.00 27.12
43690.00 27.09
43700.00 27.06
43710.00 27.04
43720.00 27.01
43730.00 26.98
43740.00 26.95
43750.00 26.92
43760.00 26.90
43770.00 26.87
43780.00 26.84
43790.00 26.81
43800.00 26.78
43810.00 26.75
43820.00 26.73
43830.00 26.70
43840.00 26.67
43850.00 26.64
43860.00 26.61
43870.00 26.58
43880.00 26.56
43890.00 26.53
43900.00 26.50
43910.00 26.47
43920.00 26.44
43930.00 26.41
43940.00 26.39
43950.00 26.36
43960.00 26.33
43970.00 26.30
43980.00 26.27
43990.00 26.24
44000.00 26.21
44010.00 26.19
44020.00 26.16
44030.00 26.13
44040.00 26.10
44050.00 26.07
44060.00 26.04
44070.00 26.01
44080.00 25.99
44090.00 25.96
44100.00 25.93
44110.00 25.90
44120.00 25.87
44130.00 25.84
44140.00 25.81
44150.00 25.79
44160.00 25.76
44170.00 25.73
44180.00 25.70
44190.00 25.67
44200.00 25.64
44210.00 25.61
44220.00 25.58
44230.00 25.55
44240.00 25.53
44250.00 25.50
44260.00 25.47
44270.00 25.44
44280.00 25.41
44290.00 25.38
44300.00 25.35
44310.00 25.32
44320.00 25.29
44330.00 25.26
44340.00 25.24
44350.00 25.21
44360.00 25.18
44370.00 25.15
44380.00 25.12
44390.00 25.09
44400.00 25.06
44410.00 25.03
44420.00 25.00
44430.00 24.97
44440.00 24.94
44450.00 24.91
44460.00 24.89
44470.00 24.86
44480.00 24.83
44490.00 24.80
44500.00 24.77
44510.00 24.74
44520.00 24.71
44530.00 24.68
44540.00 24.65
44550.00 24.62
44560.00 24.59
44570.00 24.56
44580.00 24.53
44590.00 24.50
44600.00 24.47
44610.00 24.45
44620.00 24.42
44630.00 24.39
44640.00 24.36
44650.00 24.33
44660.00 24.30
44670.00 24.27
44680.00 24.24
44690.00 24.21
44700.00 24.18
44710.00 24.15
44720.00 24.12
44730.00 24.09
44740.00 24.06
44750.00 24.03
44760.00 24.00
44770.00 23.97
44780.00 23.94
44790.00 23.91
44800.00 23.88
44810.00 23.85
44820.00 23.82
44830.00 23.79
44840.00 23.76
44850.00 23.73
44860.00 23.70
44870.00 23.67
44880.00 23.64
44890.00 23.61
44900.00 23.58
44910.00 23.55
44920.00 23.52
44930.00 23.49
44940.00 23.46
44950.00 23.43
44960.00 23.40
44970.00 23.37
44980.00 23.34
44990.00 23.31
45000.00 23.28
45010.00 23.25
45020.00 23.22
45030.00 23.19
45040.00 23.16
45050.00 23.13
45060.00 23.10
45070.00 23.07
45080.00 23.04
45090.00 23.01
45100.00 22.98
45110.00 22.95
45120.00 22.92
45130.00 22.89
45140.00 22.86
45150.00 22.83
45160.00 22.80
45170.00 22.77
45180.00 22.74
45190.00 22.71
45200.00 22.68
45210.00 22.65
45220.00 22.62
45230.00 22.59
45240.00 22.56
45250.00 22.53
45260.00 22.49
45270.00 22.46
45280.00 22.43
45290.00 22.40
45300.00 22.37
45310.00 22.34
45320.00 22.31
45330.00 22.28
45340.00 22.25
45350.00 22.22
45360.00 22.19
45370.00 22.16
45380.00 22.13
45390.00 22.10
45400.00 22.07
45410.00 22.04
45420.00 22.00
45430.00 21.97
45440.00 21.94
45450.00 21.91
45460.00 21.88
45470.00 21.85
45480.00 21.82
45490.00 21.79
45500.00 21.76
45510.00 21.73
45520.00 21.70
45530.00 21.67
45540.00 21.63
45550.00 21.60
45560.00 21.57
45570.00 21.54
45580.00 21.51
45590.00 21.48
45600.00 21.45
45610.00 21.42
45620.00 21.39
45630.00 21.36
45640.00 21.32
45650.00 21.29
45660.00 21.26
45670.00 21.23
45680.00 21.20
45690.00 21.17
45700.00 21.14
45710.00 21.11
45720.00 21.07
45730.00 21.04
45740.00 21.01
45750.00 20.98
45760.00 20.95
45770.00 20.92
45780.00 20.89
45790.00 20.86
45800.00 20.82
45810.00 20.79
45820.00 20.76
45830.00 20.73
45840.00 20.70
45850.00 20.67
45860.00 20.64
45870.00 20.60
45880.00 20.57
45890.00 20.54
45900.00 20.51
45910.00 20.48
45920.00 20.45
45930.00 20.42
45940.00 20.38
45950.00 20.35
45960.00 20.32
45970.00 20.29
45980.00 20.26
45990.00 20.23
46000.00 20.19
46010.00 20.16
46020.00 20.13
46030.00 20.10
46040.00 20.07
46050.00 20.04
46060.00 20.00
46070.00 19.97
46080.00 19.94
46090.00 19.91
46100.00 19.88
46110.00 19.84
46120.00 19.81
46130.00 19.78
46140.00 19.75
46150.00 19.72
46160.00 19.69
46170.00 19.65
46180.00 19.62
46190.00 19.59
46200.00 19.56
46210.00 19.53
46220.00 19.49
46230.00 19.46
46240.00 19.43
46250.00 19.40
46260.00 19.37
46270.00 19.33
46280.00 19.30
46290.00 19.27
46300.00 19.24
46310.00 19.20
46320.00 19.17
46330.00 19.14
46340.00 19.11
46350.00 19.08
46360.00 19.04
46370.00 19.01
46380.00 18.98
46390.00 18.95
46400.00 18.91
46410.00 18.88
46420.00 18.85
46430.00 18.82
46440.00 18.79
46450.00 18.75
46460.00 18.72
46470.00 18.69
46480.00 18.66
46490.00 18.62
46500.00 18.59
46510.00 18.56
46520.00 18.53
46530.00 18.49
46540.00 18.46
46550.00 18.43
46560.00 18.40
46570.00 18.36
46580.00 18.33
46590.00 18.30
46600.00 18.27
46610.00 18.23
46620.00 18.20
46630.00 18.17
46640.00 18.14
46650.00 18.10
46660.00 18.07
46670.00 18.04
46680.00 18.00
46690.00 17.97
46700.00 17.94
46710.00 17.91
46720.00 17.87
46730.00 17.84
46740.00 17.81
46750.00 17.77
46760.00 17.74
46770.00 17.71
46780.00 17.68
46790.00 17.64
46800.00 17.61
46810.00 17.58
46820.00 17.54
46830.00 17.51
46840.00 17.48
46850.00 17.45
46860.00 17.41
46870.00 17.38
46880.00 17.35
46890.00 17.31
46900.00 17.28
46910.00 17.25
46920.00 17.21
46930.00 17.18
46940.00 17.15
46950.00 17.11
46960.00 17.08
46970.00 17.05
46980.00 17.02
46990.00 16.98
47000.00 16.95
47010.00 16.92
47020.00 16.88
47030.00 16.85
47040.00 16.82
47050.00 16.78
47060.00 16.75
47070.00 16.72
47080.00 16.68
47090.00 16.65
47100.00 16.62
47110.00 16.58
47120.00 16.55
47130.00 16.52
47140.00 16.48
47150.00 16.45
47160.00 16.41
47170.00 16.38
47180.00 16.35
47190.00 16.31
47200.00 16.28
47210.00 16.25
47220.00 16.21
47230.00 16.18
47240.00 16.15
47250.00 16.11
47260.00 16.08
47270.00 16.05
47280.00 16.01
47290.00 15.98
47300.00 15.94
47310.00 15.91
47320.00 15.88
47330.00 15.84
47340.00 15.81
47350.00 15.78
47360.00 15.74
47370.00 15.71
47380.00 15.67
47390.00 15.64
47400.00 15.61
47410.00 15.57
47420.00 15.54
47430.00 15.50
47440.00 15.47
47450.00 15.44
47460.00 15.40
47470.00 15.37
47480.00 15.34
47490.00 15.30
47500.00 15.27
47510.00 15.23
47520.00 15.20
47530.00 15.17
47540.00 15.13
47550.00 15.10
47560.00 15.06
47570.00 15.03
47580.00 14.99
47590.00 14.96
47600.00 14.93
47610.00 14.89
47620.00 14.86
47630.00 14.82
47640.00 14.79
47650.00 14.76
47660.00 14.72
47670.00 14.69
47680.00 14.65
47690.00 14.62
47700.00 14.58
47710.00 14.55
47720.00 14.51
47730.00 14.48
47740.00 14.45
47750.00 14.41
47760.00 14.38
47770.00 14.34
47780.00 14.31
47790.00 14.27
47800.00 14.24
47810.00 14.20
47820.00 14.17
47830.00 14.14
47840.00 14.10
47850.00 14.07
47860.00 14.03
47870.00 14.00
47880.00 13.96
47890.00 13.93
47900.00 13.89
47910.00 13.86
47920.00 13.82
47930.00 13.79
47940.00 13.76
47950.00 13.72
47960.00 13.69
47970.00 13.65
47980.00 13.62
47990.00 13.58
48000.00 13.55
48010.00 13.51
48020.00 13.48
48030.00 13.44
48040.00 13.41
48050.00 13.37
48060.00 13.34
48070.00 13.30
48080.00 13.27
48090.00 13.23
48100.00 13.20
48110.00 13.16
48120.00 13.13
48130.00 13.09
48140.00 13.06
48150.00 13.02
48160.00 12.99
48170.00 12.95
48180.00 12.92
48190.00 12.88
48200.00 12.85
48210.00 12.81
48220.00 12.78
48230.00 12.74
48240.00 12.71
48250.00 12.67
48260.00 12.64
48270.00 12.60
48280.00 12.57
48290.00 12.53
48300.00 12.50
48310.00 12.46
48320.00 12.42
48330.00 12.39
48340.00 12.35
48350.00 12.32
48360.00 12.28
48370.00 12.25
48380.00 12.21
48390.00 12.18
48400.00 12.14
48410.00 12.11
48420.00 12.07
48430.00 12.04
48440.00 12.00
48450.00 11.96
48460.00 11.93
48470.00 11.89
48480.00 11.86
48490.00 11.82
48500.00 11.79
48510.00 11.75
48520.00 11.72
48530.00 11.68
48540.00 11.64
48550.00 11.61
48560.00 11.57
48570.00 11.54
48580.00 11.50
48590.00 11.47
48600.00 11.43
48610.00 11.39
48620.00 11.36
48630.00 11.32
48640.00 11.29
48650.00 11.25
48660.00 11.22
48670.00 11.18
48680.00 11.14
48690.00 11.11
48700.00 11.07
48710.00 11.04
48720.00 11.00
48730.00 10.96
48740.00 10.93
48750.00 10.89
48760.00 10.86
48770.00 10.82
48780.00 10.78
48790.00 10.75
48800.00 10.71
48810.00 10.68
48820.00 10.64
48830.00 10.60
48840.00 10.57
48850.00 10.53
48860.00 10.50
48870.00 10.46
48880.00 10.42
48890.00 10.39
48900.00 10.35
48910.00 10.31
48920.00 10.28
48930.00 10.24
48940.00 10.21
48950.00 10.17
48960.00 10.13
48970.00 10.10
48980.00 10.06
48990.00 10.02
49000.00 9.99
49010.00 9.95
49020.00 9.91
49030.00 9.88
49040.00 9.84
49050.00 9.81
49060.00 9.77
49070.00 9.73
49080.00 9.70
49090.00 9.66
49100.00 9.62
49110.00 9.59
49120.00 9.55
49130.00 9.51
49140.00 9.48
49150.00 9.44
49160.00 9.40
49170.00 9.37
49180.00 9.33
49190.00 9.29
49200.00 9.26
49210.00 9.22
49220.00 9.18
49230.00 9.15
49240.00 9.11
49250.00 9.07
49260.00 9.04
49270.00 9.00
49280.00 8.96
49290.00 8.93
49300.00 8.89
49310.00 8.85
49320.00 8.82
49330.00 8.78
49340.00 8.74
49350.00 8.70
49360.00 8.67
49370.00 8.63
49380.00 8.59
49390.00 8.56
49400.00 8.52
49410.00 8.48
49420.00 8.45
49430.00 8.41
49440.00 8.37
49450.00 8.33
49460.00 8.30
49470.00 8.26
49480.00 8.22
49490.00 8.19
49500.00 8.15
49510.00 8.11
49520.00 8.07
49530.00 8.04
49540.00 8.00
49550.00 7.96
49560.00 7.93
49570.00 7.89
49580.00 7.85
49590.00 7.81
49600.00 7.78
49610.00 7.74
49620.00 7.70
49630.00 7.66
49640.00 7.63
49650.00 7.59
49660.00 7.55
49670.00 7.52
49680.00 7.48
49690.00 7.44
49700.00 7.40
49710.00 7.37
49720.00 7.33
49730.00 7.29
49740.00 7.25
49750.00 7.22
49760.00 7.18
49770.00 7.14
49780.00 7.10
49790.00 7.06
49800.00 7.03
49810.00 6.99
49820.00 6.95
49830.00 6.91
49840.00 6.88
49850.00 6.84
49860.00 6.80
49870.00 6.76
49880.00 6.73
49890.00 6.69
49900.00 6.65
49910.00 6.61
49920.00 6.57
49930.00 6.54
49940.00 6.50
49950.00 6.46
49960.00 6.42
49970.00 6.39
49980.00 6.35
49990.00 6.31
50000.00 6.27
50010.00 6.23
50020.00 6.20
50030.00 6.16
50040.00 6.12
50050.00 6.08
50060.00 6.04
50070.00 6.01
50080.00 5.97
50090.00 5.93
50100.00 5.89
50110.00 5.85
50120.00 5.82
50130.00 5.78
50140.00 5.74
50150.00 5.70
50160.00 5.66
50170.00 5.62
50180.00 5.59
50190.00 5.55
50200.00 5.51
50210.00 5.47
50220.00 5.43
50230.00 5.39
50240.00 5.36
50250.00 5.32
50260.00 5.28
50270.00 5.24
50280.00 5.20
50290.00 5.16
50300.00 5.13
50310.00 5.09
50320.00 5.05
50330.00 5.01
50340.00 4.97
50350.00 4.93
50360.00 4.90
50370.00 4.86
50380.00 4.82
50390.00 4.78
50400.00 4.74
50410.00 4.70
50420.00 4.66
50430.00 4.63
50440.00 4.59
50450.00 4.55
50460.00 4.51
50470.00 4.47
50480.00 4.43
50490.00 4.39
50500.00 4.35
50510.00 4.32
50520.00 4.28
50530.00 4.24
50540.00 4.20
50550.00 4.16
50560.00 4.12
50570.00 4.08
50580.00 4.04
50590.00 4.01
50600.00 3.97
50610.00 3.93
50620.00 3.89
50630.00 3.85
50640.00 3.81
50650.00 3.77
50660.00 3.73
50670.00 3.69
50680.00 3.66
50690.00 3.62
50700.00 3.58
50710.00 3.54
50720.00 3.50
50730.00 3.46
50740.00 3.42
50750.00 3.38
50760.00 3.34
50770.00 3.30
50780.00 3.26
50790.00 3.23
50800.00 3.19
50810.00 3.15
50820.00 3.11
50830.00 3.07
50840.00 3.03
50850.00 2.99
50860.00 2.95
50870.00 2.91
50880.00 2.87
50890.00 2.83
50900.00 2.79
50910.00 2.75
50920.00 2.71
50930.00 2.68
50940.00 2.64
50950.00 2.60
50960.00 2.56
50970.00 2.52
50980.00 2.48
50990.00 2.44
51000.00 2.40
51010.00 2.36
51020.00 2.32
51030.00 2.28
51040.00 2.24
51050.00 2.20
51060.00 2.16
51070.00 2.12
51080.00 2.08
51090.00 2.04
51100.00 2.00
51110.00 1.96
51120.00 1.92
51130.00 1.88
51140.00 1.84
51150.00 1.80
51160.00 1.76
51170.00 1.72
51180.00 1.69
51190.00 1.65
51200.00 1.61
51210.00 1.57
51220.00 1.53
51230.00 1.49
51240.00 1.45
51250.00 1.41
51260.00 1.37
51270.00 1.33
51280.00 1.29
51290.00 1.25
51300.00 1.21
51310.00 1.17
51320.00 1.13
51330.00 1.09
51340.00 1.05
51350.00 1.01
51360.00 0.97
51370.00 0.93
51380.00 0.89
51390.00 0.85
51400.00 0.81
51410.00 0.77
51420.00 0.73
51430.00 0.69
51440.00 0.65
51450.00 0.61
51460.00 0.56
51470.00 0.52
51480.00 0.48
51490.00 0.44
51500.00 0.40
51510.00 0.36
51520.00 0.32
51530.00 0.28
51540.00 0.24
51550.00 0.20
51560.00 0.16
51570.00 0.12
51580.00 0.08
51590.00 0.04
51600.00 0.00
