0.00 436.76 0.00 436.76
51.61 438.08 51.59 435.00
103.21 438.49 103.19 434.14
154.81 438.75 154.79 433.43
206.41 438.94 206.39 432.79
258.01 439.07 257.99 432.20
309.62 439.17 309.58 431.65
361.22 439.25 361.18 431.13
412.82 439.30 412.78 430.63
464.42 439.34 464.38 430.14
516.02 439.36 515.98 429.67
567.62 439.37 567.58 429.21
619.22 439.37 619.18 428.76
670.82 439.36 670.78 428.32
722.42 439.34 722.38 427.89
774.03 439.31 773.97 427.47
825.63 439.28 825.57 427.06
877.23 439.24 877.17 426.65
928.83 439.19 928.77 426.24
980.43 439.14 980.37 425.84
1032.03 439.08 1031.97 425.45
1083.63 439.02 1083.57 425.06
1135.23 438.96 1135.17 424.68
1186.83 438.89 1186.77 424.29
1238.43 438.82 1238.37 423.92
1290.03 438.74 1289.97 423.54
1341.63 438.67 1341.57 423.17
1393.23 438.59 1393.17 422.80
1444.83 438.50 1444.77 422.44
1496.44 438.41 1496.36 422.07
1548.04 438.32 1547.96 421.71
1599.64 438.23 1599.56 421.36
1651.24 438.14 1651.16 421.00
1702.84 438.04 1702.76 420.65
1754.44 437.94 1754.36 420.30
1806.04 437.84 1805.96 419.95
1857.64 437.74 1857.56 419.60
1909.24 437.64 1909.16 419.25
1960.84 437.53 1960.76 418.91
2012.44 437.42 2012.36 418.57
2064.04 437.31 2063.96 418.23
2115.64 437.20 2115.56 417.89
2167.24 437.09 2167.16 417.55
2218.84 436.97 2218.76 417.22
2270.44 436.86 2270.36 416.89
2322.04 436.74 2321.96 416.55
2373.64 436.62 2373.56 416.22
2425.24 436.50 2425.16 415.89
2476.85 436.38 2476.75 415.56
2528.45 436.26 2528.35 415.24
2580.05 436.13 2579.95 414.91
2631.65 436.01 2631.55 414.59
2683.25 435.88 2683.15 414.26
2734.85 435.76 2734.75 413.94
2786.45 435.63 2786.35 413.62
2838.05 435.50 2837.95 413.30
2889.65 435.37 2889.55 412.98
2941.25 435.24 2941.15 412.66
2992.85 435.11 2992.75 412.34
3044.45 434.97 3044.35 412.03
3096.05 434.84 3095.95 411.71
3147.65 434.70 3147.55 411.40
3199.25 434.57 3199.15 411.08
3250.85 434.43 3250.75 410.77
3302.45 434.29 3302.35 410.46
3354.05 434.15 3353.95 410.15
3405.65 434.02 3405.55 409.84
3457.25 433.88 3457.15 409.53
3508.85 433.73 3508.75 409.22
3560.45 433.59 3560.35 408.91
3612.05 433.45 3611.95 408.60
3663.65 433.31 3663.55 408.30
3715.25 433.16 3715.15 407.99
3766.86 433.02 3766.74 407.69
3818.46 432.87 3818.34 407.38
3870.06 432.73 3869.94 407.08
3921.66 432.58 3921.54 406.78
3973.26 432.43 3973.14 406.47
4024.86 432.29 4024.74 406.17
4076.46 432.14 4076.34 405.87
4128.06 431.99 4127.94 405.57
4179.66 431.84 4179.54 405.27
4231.26 431.69 4231.14 404.97
4282.86 431.54 4282.74 404.67
4334.46 431.39 4334.34 404.37
4386.06 431.23 4385.94 404.08
4437.66 431.08 4437.54 403.78
4489.26 430.93 4489.14 403.48
4540.86 430.78 4540.74 403.19
4592.46 430.62 4592.34 402.89
4644.06 430.47 4643.94 402.60
4695.66 430.31 4695.54 402.30
4747.26 430.15 4747.14 402.01
4798.86 430.00 4798.74 401.72
4850.46 429.84 4850.34 401.42
4902.06 429.68 4901.94 401.13
4953.66 429.53 4953.54 400.84
5005.26 429.37 5005.14 400.55
5056.86 429.21 5056.74 400.26
5108.46 429.05 5108.34 399.97
5160.06 428.89 5159.94 399.68
5211.66 428.73 5211.54 399.39
5263.26 428.57 5263.14 399.10
5314.86 428.41 5314.74 398.81
5366.46 428.25 5366.34 398.52
5418.07 428.09 5417.93 398.23
5469.67 427.92 5469.53 397.95
5521.27 427.76 5521.13 397.66
5572.87 427.60 5572.73 397.37
5624.47 427.43 5624.33 397.09
5676.07 427.27 5675.93 396.80
5727.67 427.11 5727.53 396.52
5779.27 426.94 5779.13 396.23
5830.87 426.78 5830.73 395.95
5882.47 426.61 5882.33 395.66
5934.07 426.45 5933.93 395.38
5985.67 426.28 5985.53 395.10
6037.27 426.11 6037.13 394.81
6088.87 425.95 6088.73 394.53
6140.47 425.78 6140.33 394.25
6192.07 425.61 6191.93 393.97
6243.67 425.44 6243.53 393.68
6295.27 425.27 6295.13 393.40
6346.87 425.11 6346.73 393.12
6398.47 424.94 6398.33 392.84
6450.07 424.77 6449.93 392.56
6501.67 424.60 6501.53 392.28
6553.27 424.43 6553.13 392.00
6604.87 424.26 6604.73 391.72
6656.47 424.09 6656.33 391.44
6708.07 423.92 6707.93 391.17
6759.67 423.74 6759.53 390.89
6811.27 423.57 6811.13 390.61
6862.87 423.40 6862.73 390.33
6914.47 423.23 6914.33 390.05
6966.07 423.06 6965.93 389.78
7017.67 422.88 7017.53 389.50
7069.27 422.71 7069.13 389.22
7120.87 422.54 7120.73 388.95
7172.47 422.36 7172.33 388.67
7224.07 422.19 7223.93 388.40
7275.67 422.01 7275.53 388.12
7327.27 421.84 7327.13 387.85
7378.87 421.66 7378.73 387.57
7430.47 421.49 7430.33 387.30
7482.07 421.31 7481.93 387.02
7533.67 421.14 7533.53 386.75
7585.28 420.96 7585.12 386.48
7636.88 420.78 7636.72 386.20
7688.48 420.61 7688.32 385.93
7740.08 420.43 7739.92 385.66
7791.68 420.25 7791.52 385.39
7843.28 420.08 7843.12 385.11
7894.88 419.90 7894.72 384.84
7946.48 419.72 7946.32 384.57
7998.08 419.54 7997.92 384.30
8049.68 419.36 8049.52 384.03
8101.28 419.18 8101.12 383.76
8152.88 419.01 8152.72 383.49
8204.48 418.83 8204.32 383.22
8256.08 418.65 8255.92 382.95
8307.68 418.47 8307.52 382.68
8359.28 418.29 8359.12 382.41
8410.88 418.11 8410.72 382.14
8462.48 417.93 8462.32 381.87
8514.08 417.75 8513.92 381.60
8565.68 417.56 8565.52 381.33
8617.28 417.38 8617.12 381.06
8668.88 417.20 8668.72 380.79
8720.48 417.02 8720.32 380.53
8772.08 416.84 8771.92 380.26
8823.68 416.66 8823.52 379.99
8875.28 416.47 8875.12 379.72
8926.88 416.29 8926.72 379.46
8978.48 416.11 8978.32 379.19
9030.08 415.93 9029.92 378.92
9081.68 415.74 9081.52 378.66
9133.28 415.56 9133.12 378.39
9184.88 415.38 9184.72 378.13
9236.48 415.19 9236.32 377.86
9288.08 415.01 9287.92 377.59
9339.68 414.82 9339.52 377.33
9391.28 414.64 9391.12 377.06
9442.88 414.45 9442.72 376.80
9494.48 414.27 9494.32 376.54
9546.08 414.08 9545.92 376.27
9597.68 413.90 9597.52 376.01
9649.28 413.71 9649.12 375.74
9700.88 413.53 9700.72 375.48
9752.48 413.34 9752.32 375.22
9804.08 413.15 9803.92 374.95
9855.68 412.97 9855.52 374.69
9907.28 412.78 9907.12 374.43
9958.88 412.59 9958.72 374.16
10010.48 412.41 10010.32 373.90
10062.08 412.22 10061.92 373.64
10113.68 412.03 10113.52 373.38
10165.28 411.85 10165.12 373.11
10216.88 411.66 10216.72 372.85
10268.48 411.47 10268.32 372.59
10320.08 411.28 10319.92 372.33
10371.69 411.09 10371.51 372.07
10423.29 410.90 10423.11 371.81
10474.89 410.72 10474.71 371.55
10526.49 410.53 10526.31 371.29
10578.09 410.34 10577.91 371.03
10629.69 410.15 10629.51 370.76
10681.29 409.96 10681.11 370.50
10732.89 409.77 10732.71 370.24
10784.49 409.58 10784.31 369.99
10836.09 409.39 10835.91 369.73
10887.69 409.20 10887.51 369.47
10939.29 409.01 10939.11 369.21
10990.89 408.82 10990.71 368.95
11042.49 408.63 11042.31 368.69
11094.09 408.44 11093.91 368.43
11145.69 408.25 11145.51 368.17
11197.29 408.05 11197.11 367.91
11248.89 407.86 11248.71 367.66
11300.49 407.67 11300.31 367.40
11352.09 407.48 11351.91 367.14
11403.69 407.29 11403.51 366.88
11455.29 407.10 11455.11 366.62
11506.89 406.90 11506.71 366.37
11558.49 406.71 11558.31 366.11
11610.09 406.52 11609.91 365.85
11661.69 406.33 11661.51 365.60
11713.29 406.13 11713.11 365.34
11764.89 405.94 11764.71 365.08
11816.49 405.75 11816.31 364.83
11868.09 405.55 11867.91 364.57
11919.69 405.36 11919.51 364.32
11971.29 405.16 11971.11 364.06
12022.89 404.97 12022.71 363.80
12074.49 404.78 12074.31 363.55
12126.09 404.58 12125.91 363.29
12177.69 404.39 12177.51 363.04
12229.29 404.19 12229.11 362.78
12280.89 404.00 12280.71 362.53
12332.49 403.80 12332.31 362.27
12384.09 403.61 12383.91 362.02
12435.69 403.41 12435.51 361.76
12487.29 403.22 12487.11 361.51
12538.89 403.02 12538.71 361.26
12590.49 402.83 12590.31 361.00
12642.09 402.63 12641.91 360.75
12693.69 402.44 12693.51 360.50
12745.29 402.24 12745.11 360.24
12796.89 402.04 12796.71 359.99
12848.49 401.85 12848.31 359.74
12900.09 401.65 12899.91 359.48
12951.69 401.45 12951.51 359.23
13003.29 401.26 13003.11 358.98
13054.89 401.06 13054.71 358.72
13106.49 400.86 13106.31 358.47
13158.09 400.66 13157.91 358.22
13209.69 400.47 13209.51 357.97
13261.29 400.27 13261.11 357.72
13312.89 400.07 13312.71 357.46
13364.49 399.87 13364.31 357.21
13416.09 399.68 13415.91 356.96
13467.69 399.48 13467.51 356.71
13519.29 399.28 13519.11 356.46
13570.89 399.08 13570.71 356.21
13622.49 398.88 13622.31 355.96
13674.09 398.68 13673.91 355.71
13725.69 398.48 13725.51 355.46
13777.29 398.29 13777.11 355.20
13828.89 398.09 13828.71 354.95
13880.49 397.89 13880.31 354.70
13932.09 397.69 13931.91 354.45
13983.69 397.49 13983.51 354.20
14035.29 397.29 14035.11 353.95
14086.89 397.09 14086.71 353.70
14138.49 396.89 14138.31 353.46
14190.09 396.69 14189.91 353.21
14241.69 396.49 14241.51 352.96
14293.29 396.29 14293.11 352.71
14344.90 396.09 14344.70 352.46
14396.50 395.89 14396.30 352.21
14448.10 395.68 14447.90 351.96
14499.70 395.48 14499.50 351.71
14551.30 395.28 14551.10 351.46
14602.90 395.08 14602.70 351.22
14654.50 394.88 14654.30 350.97
14706.10 394.68 14705.90 350.72
14757.70 394.48 14757.50 350.47
14809.30 394.27 14809.10 350.22
14860.90 394.07 14860.70 349.98
14912.50 393.87 14912.30 349.73
14964.10 393.67 14963.90 349.48
15015.70 393.47 15015.50 349.23
15067.30 393.26 15067.10 348.99
15118.90 393.06 15118.70 348.74
15170.50 392.86 15170.30 348.49
15222.10 392.66 15221.90 348.25
15273.70 392.45 15273.50 348.00
15325.30 392.25 15325.10 347.75
15376.90 392.05 15376.70 347.51
15428.50 391.84 15428.30 347.26
15480.10 391.64 15479.90 347.01
15531.70 391.44 15531.50 346.77
15583.30 391.23 15583.10 346.52
15634.90 391.03 15634.70 346.28
15686.50 390.82 15686.30 346.03
15738.10 390.62 15737.90 345.79
15789.70 390.42 15789.50 345.54
15841.30 390.21 15841.10 345.30
15892.90 390.01 15892.70 345.05
15944.50 389.80 15944.30 344.80
15996.10 389.60 15995.90 344.56
16047.70 389.39 16047.50 344.32
16099.30 389.19 16099.10 344.07
16150.90 388.98 16150.70 343.83
16202.50 388.78 16202.30 343.58
16254.10 388.57 16253.90 343.34
16305.70 388.37 16305.50 343.09
16357.30 388.16 16357.10 342.85
16408.90 387.96 16408.70 342.61
16460.50 387.75 16460.30 342.36
16512.10 387.54 16511.90 342.12
16563.70 387.34 16563.50 341.87
16615.30 387.13 16615.10 341.63
16666.90 386.93 16666.70 341.39
16718.50 386.72 16718.30 341.15
16770.10 386.51 16769.90 340.90
16821.70 386.31 16821.50 340.66
16873.30 386.10 16873.10 340.42
16924.90 385.89 16924.70 340.17
16976.50 385.69 16976.30 339.93
17028.10 385.48 17027.90 339.69
17079.70 385.27 17079.50 339.45
17131.30 385.06 17131.10 339.20
17182.90 384.86 17182.70 338.96
17234.50 384.65 17234.30 338.72
17286.10 384.44 17285.90 338.48
17337.70 384.23 17337.50 338.24
17389.30 384.03 17389.10 337.99
17440.90 383.82 17440.70 337.75
17492.50 383.61 17492.30 337.51
17544.10 383.40 17543.90 337.27
17595.70 383.19 17595.50 337.03
17647.30 382.98 17647.10 336.79
17698.90 382.78 17698.70 336.55
17750.50 382.57 17750.30 336.31
17802.10 382.36 17801.90 336.07
17853.70 382.15 17853.50 335.83
17905.30 381.94 17905.10 335.58
17956.90 381.73 17956.70 335.34
18008.50 381.52 18008.30 335.10
18060.10 381.31 18059.90 334.86
18111.70 381.10 18111.50 334.62
18163.30 380.89 18163.10 334.38
18214.90 380.68 18214.70 334.14
18266.50 380.47 18266.30 333.90
18318.10 380.26 18317.90 333.66
18369.70 380.05 18369.50 333.43
18421.30 379.84 18421.10 333.19
18472.90 379.63 18472.70 332.95
18524.50 379.42 18524.30 332.71
18576.10 379.21 18575.90 332.47
18627.70 379.00 18627.50 332.23
18679.30 378.79 18679.10 331.99
18730.90 378.58 18730.70 331.75
18782.50 378.37 18782.30 331.51
18834.10 378.16 18833.90 331.27
18885.70 377.95 18885.50 331.04
18937.30 377.73 18937.10 330.80
18988.90 377.52 18988.70 330.56
19040.50 377.31 19040.30 330.32
19092.10 377.10 19091.90 330.08
19143.70 376.89 19143.50 329.85
19195.30 376.68 19195.10 329.61
19246.90 376.46 19246.70 329.37
19298.50 376.25 19298.30 329.13
19350.10 376.04 19349.90 328.90
19401.70 375.83 19401.50 328.66
19453.30 375.62 19453.10 328.42
19504.90 375.40 19504.70 328.18
19556.50 375.19 19556.30 327.95
19608.10 374.98 19607.90 327.71
19659.70 374.76 19659.50 327.47
19711.30 374.55 19711.10 327.24
19762.90 374.34 19762.70 327.00
19814.50 374.13 19814.30 326.76
19866.10 373.91 19865.90 326.53
19917.70 373.70 19917.50 326.29
19969.30 373.49 19969.10 326.06
20020.90 373.27 20020.70 325.82
20072.50 373.06 20072.30 325.58
20124.10 372.85 20123.90 325.35
20175.70 372.63 20175.50 325.11
20227.30 372.42 20227.10 324.88
20278.90 372.20 20278.70 324.64
20330.50 371.99 20330.30 324.41
20382.10 371.77 20381.90 324.17
20433.70 371.56 20433.50 323.93
20485.30 371.35 20485.10 323.70
20536.90 371.13 20536.70 323.46
20588.50 370.92 20588.30 323.23
20640.10 370.70 20639.90 323.00
20691.70 370.49 20691.50 322.76
20743.30 370.27 20743.10 322.53
20794.90 370.06 20794.70 322.29
20846.50 369.84 20846.30 322.06
20898.10 369.63 20897.90 321.82
20949.70 369.41 20949.50 321.59
21001.30 369.20 21001.10 321.35
21052.90 368.98 21052.70 321.12
21104.50 368.76 21104.30 320.89
21156.10 368.55 21155.90 320.65
21207.70 368.33 21207.50 320.42
21259.30 368.12 21259.10 320.19
21310.90 367.90 21310.70 319.95
21362.50 367.68 21362.30 319.72
21414.10 367.47 21413.90 319.49
21465.70 367.25 21465.50 319.25
21517.30 367.03 21517.10 319.02
21568.90 366.82 21568.70 318.79
21620.50 366.60 21620.30 318.55
21672.10 366.38 21671.90 318.32
21723.70 366.17 21723.50 318.09
21775.30 365.95 21775.10 317.86
21826.90 365.73 21826.70 317.62
21878.50 365.52 21878.30 317.39
21930.10 365.30 21929.90 317.16
21981.70 365.08 21981.50 316.93
22033.30 364.86 22033.10 316.69
22084.90 364.65 22084.70 316.46
22136.50 364.43 22136.30 316.23
22188.11 364.21 22187.89 316.00
22239.71 363.99 22239.49 315.77
22291.31 363.77 22291.09 315.54
22342.91 363.56 22342.69 315.30
22394.51 363.34 22394.29 315.07
22446.11 363.12 22445.89 314.84
22497.71 362.90 22497.49 314.61
22549.31 362.68 22549.09 314.38
22600.91 362.46 22600.69 314.15
22652.51 362.25 22652.29 313.92
22704.11 362.03 22703.89 313.69
22755.71 361.81 22755.49 313.46
22807.31 361.59 22807.09 313.23
22858.91 361.37 22858.69 313.00
22910.51 361.15 22910.29 312.77
22962.11 360.93 22961.89 312.54
23013.71 360.71 23013.49 312.31
23065.31 360.49 23065.09 312.08
23116.91 360.27 23116.69 311.85
23168.51 360.05 23168.29 311.62
23220.11 359.83 23219.89 311.39
23271.71 359.61 23271.49 311.16
23323.31 359.39 23323.09 310.93
23374.91 359.17 23374.69 310.70
23426.51 358.95 23426.29 310.47
23478.11 358.73 23477.89 310.24
23529.71 358.51 23529.49 310.01
23581.31 358.29 23581.09 309.78
23632.91 358.07 23632.69 309.55
23684.51 357.85 23684.29 309.32
23736.11 357.63 23735.89 309.09
23787.71 357.41 23787.49 308.87
23839.31 357.19 23839.09 308.64
23890.91 356.97 23890.69 308.41
23942.51 356.74 23942.29 308.18
23994.11 356.52 23993.89 307.95
24045.71 356.30 24045.49 307.72
24097.31 356.08 24097.09 307.50
24148.91 355.86 24148.69 307.27
24200.51 355.64 24200.29 307.04
24252.11 355.41 24251.89 306.81
24303.71 355.19 24303.49 306.58
24355.31 354.97 24355.09 306.36
24406.91 354.75 24406.69 306.13
24458.51 354.53 24458.29 305.90
24510.11 354.30 24509.89 305.67
24561.71 354.08 24561.49 305.45
24613.31 353.86 24613.09 305.22
24664.91 353.64 24664.69 304.99
24716.51 353.41 24716.29 304.77
24768.11 353.19 24767.89 304.54
24819.71 352.97 24819.49 304.31
24871.31 352.75 24871.09 304.09
24922.91 352.52 24922.69 303.86
24974.51 352.30 24974.29 303.63
25026.11 352.08 25025.89 303.41
25077.71 351.85 25077.49 303.18
25129.31 351.63 25129.09 302.96
25180.91 351.41 25180.69 302.73
25232.51 351.18 25232.29 302.50
25284.11 350.96 25283.89 302.28
25335.71 350.73 25335.49 302.05
25387.31 350.51 25387.09 301.83
25438.91 350.29 25438.69 301.60
25490.51 350.06 25490.29 301.38
25542.11 349.84 25541.89 301.15
25593.71 349.61 25593.49 300.92
25645.31 349.39 25645.09 300.70
25696.91 349.16 25696.69 300.47
25748.51 348.94 25748.29 300.25
25800.11 348.72 25799.89 300.02
25851.71 348.49 25851.49 299.80
25903.31 348.27 25903.09 299.58
25954.91 348.04 25954.69 299.35
26006.51 347.82 26006.29 299.13
26058.11 347.59 26057.89 298.90
26109.71 347.36 26109.49 298.68
26161.31 347.14 26161.09 298.45
26212.91 346.91 26212.69 298.23
26264.51 346.69 26264.29 298.01
26316.11 346.46 26315.89 297.78
26367.71 346.24 26367.49 297.56
26419.31 346.01 26419.09 297.33
26470.91 345.78 26470.69 297.11
26522.51 345.56 26522.29 296.89
26574.11 345.33 26573.89 296.66
26625.71 345.11 26625.49 296.44
26677.31 344.88 26677.09 296.22
26728.91 344.65 26728.69 295.99
26780.51 344.43 26780.29 295.77
26832.11 344.20 26831.89 295.55
26883.71 343.97 26883.49 295.33
26935.31 343.75 26935.09 295.10
26986.91 343.52 26986.69 294.88
27038.51 343.29 27038.29 294.66
27090.11 343.07 27089.89 294.44
27141.71 342.84 27141.49 294.21
27193.31 342.61 27193.09 293.99
27244.91 342.38 27244.69 293.77
27296.51 342.16 27296.29 293.55
27348.11 341.93 27347.89 293.33
27399.71 341.70 27399.49 293.10
27451.31 341.47 27451.09 292.88
27502.91 341.24 27502.69 292.66
27554.51 341.02 27554.29 292.44
27606.11 340.79 27605.89 292.22
27657.71 340.56 27657.49 292.00
27709.31 340.33 27709.09 291.77
27760.91 340.10 27760.69 291.55
27812.51 339.87 27812.29 291.33
27864.11 339.65 27863.89 291.11
27915.71 339.42 27915.49 290.89
27967.31 339.19 27967.09 290.67
28018.91 338.96 28018.69 290.45
28070.51 338.73 28070.29 290.23
28122.11 338.50 28121.89 290.01
28173.71 338.27 28173.49 289.79
28225.31 338.04 28225.09 289.57
28276.91 337.81 28276.69 289.35
28328.51 337.58 28328.29 289.13
28380.11 337.35 28379.89 288.91
28431.71 337.12 28431.49 288.69
28483.31 336.89 28483.09 288.47
28534.91 336.66 28534.69 288.25
28586.51 336.43 28586.29 288.03
28638.11 336.20 28637.89 287.81
28689.71 335.97 28689.49 287.59
28741.31 335.74 28741.09 287.37
28792.91 335.51 28792.69 287.15
28844.51 335.28 28844.29 286.93
28896.11 335.05 28895.89 286.71
28947.71 334.82 28947.49 286.49
28999.31 334.59 28999.09 286.28
29050.91 334.36 29050.69 286.06
29102.51 334.13 29102.29 285.84
29154.11 333.90 29153.89 285.62
29205.71 333.67 29205.49 285.40
29257.31 333.44 29257.09 285.18
29308.91 333.20 29308.69 284.97
29360.51 332.97 29360.29 284.75
29412.11 332.74 29411.89 284.53
29463.70 332.51 29463.50 284.31
29515.30 332.28 29515.10 284.09
29566.90 332.05 29566.70 283.88
29618.50 331.81 29618.30 283.66
29670.10 331.58 29669.90 283.44
29721.70 331.35 29721.50 283.22
29773.30 331.12 29773.10 283.01
29824.90 330.88 29824.70 282.79
29876.50 330.65 29876.30 282.57
29928.10 330.42 29927.90 282.36
29979.70 330.19 29979.50 282.14
30031.30 329.95 30031.10 281.92
30082.90 329.72 30082.70 281.71
30134.50 329.49 30134.30 281.49
30186.10 329.25 30185.90 281.27
30237.70 329.02 30237.50 281.06
30289.30 328.79 30289.10 280.84
30340.90 328.55 30340.70 280.62
30392.50 328.32 30392.30 280.41
30444.10 328.09 30443.90 280.19
30495.70 327.85 30495.50 279.98
30547.30 327.62 30547.10 279.76
30598.90 327.39 30598.70 279.54
30650.50 327.15 30650.30 279.33
30702.10 326.92 30701.90 279.11
30753.70 326.68 30753.50 278.90
30805.30 326.45 30805.10 278.68
30856.90 326.21 30856.70 278.47
30908.50 325.98 30908.30 278.25
30960.10 325.74 30959.90 278.04
31011.70 325.51 31011.50 277.82
31063.30 325.28 31063.10 277.61
31114.90 325.04 31114.70 277.39
31166.50 324.81 31166.30 277.18
31218.10 324.57 31217.90 276.97
31269.70 324.33 31269.50 276.75
31321.30 324.10 31321.10 276.54
31372.90 323.86 31372.70 276.32
31424.50 323.63 31424.30 276.11
31476.10 323.39 31475.90 275.89
31527.70 323.16 31527.50 275.68
31579.30 322.92 31579.10 275.47
31630.90 322.68 31630.70 275.25
31682.50 322.45 31682.30 275.04
31734.10 322.21 31733.90 274.83
31785.70 321.98 31785.50 274.61
31837.30 321.74 31837.10 274.40
31888.90 321.50 31888.70 274.19
31940.50 321.27 31940.30 273.97
31992.10 321.03 31991.90 273.76
32043.70 320.79 32043.50 273.55
32095.30 320.56 32095.10 273.34
32146.90 320.32 32146.70 273.12
32198.50 320.08 32198.30 272.91
32250.10 319.84 32249.90 272.70
32301.70 319.61 32301.50 272.49
32353.30 319.37 32353.10 272.28
32404.90 319.13 32404.70 272.06
32456.50 318.89 32456.30 271.85
32508.10 318.66 32507.90 271.64
32559.70 318.42 32559.50 271.43
32611.30 318.18 32611.10 271.22
32662.90 317.94 32662.70 271.01
32714.50 317.70 32714.30 270.79
32766.10 317.47 32765.90 270.58
32817.70 317.23 32817.50 270.37
32869.30 316.99 32869.10 270.16
32920.90 316.75 32920.70 269.95
32972.50 316.51 32972.30 269.74
33024.10 316.27 33023.90 269.53
33075.70 316.03 33075.50 269.32
33127.30 315.79 33127.10 269.11
33178.90 315.55 33178.70 268.90
33230.50 315.31 33230.30 268.69
33282.10 315.08 33281.90 268.48
33333.70 314.84 33333.50 268.27
33385.30 314.60 33385.10 268.06
33436.90 314.36 33436.70 267.85
33488.50 314.12 33488.30 267.64
33540.10 313.88 33539.90 267.43
33591.70 313.64 33591.50 267.22
33643.30 313.40 33643.10 267.01
33694.90 313.16 33694.70 266.80
33746.50 312.91 33746.30 266.59
33798.10 312.67 33797.90 266.38
33849.70 312.43 33849.50 266.17
33901.30 312.19 33901.10 265.96
33952.90 311.95 33952.70 265.76
34004.50 311.71 34004.30 265.55
34056.10 311.47 34055.90 265.34
34107.70 311.23 34107.50 265.13
34159.30 310.99 34159.10 264.92
34210.90 310.75 34210.70 264.71
34262.50 310.50 34262.30 264.51
34314.10 310.26 34313.90 264.30
34365.70 310.02 34365.50 264.09
34417.30 309.78 34417.10 263.88
34468.90 309.54 34468.70 263.68
34520.50 309.29 34520.30 263.47
34572.10 309.05 34571.90 263.26
34623.70 308.81 34623.50 263.05
34675.30 308.57 34675.10 262.85
34726.90 308.32 34726.70 262.64
34778.50 308.08 34778.30 262.43
34830.10 307.84 34829.90 262.23
34881.70 307.59 34881.50 262.02
34933.30 307.35 34933.10 261.81
34984.90 307.11 34984.70 261.61
35036.50 306.87 35036.30 261.40
35088.10 306.62 35087.90 261.20
35139.70 306.38 35139.50 260.99
35191.30 306.13 35191.10 260.78
35242.90 305.89 35242.70 260.58
35294.50 305.65 35294.30 260.37
35346.10 305.40 35345.90 260.17
35397.70 305.16 35397.50 259.96
35449.30 304.91 35449.10 259.76
35500.90 304.67 35500.70 259.55
35552.50 304.42 35552.30 259.35
35604.10 304.18 35603.90 259.14
35655.70 303.94 35655.50 258.94
35707.30 303.69 35707.10 258.73
35758.90 303.44 35758.70 258.53
35810.50 303.20 35810.30 258.32
35862.10 302.95 35861.90 258.12
35913.70 302.71 35913.50 257.92
35965.30 302.46 35965.10 257.71
36016.90 302.22 36016.70 257.51
36068.50 301.97 36068.30 257.30
36120.10 301.73 36119.90 257.10
36171.70 301.48 36171.50 256.90
36223.30 301.23 36223.10 256.69
36274.90 300.99 36274.70 256.49
36326.50 300.74 36326.30 256.29
36378.10 300.49 36377.90 256.08
36429.70 300.25 36429.50 255.88
36481.30 300.00 36481.10 255.68
36532.90 299.75 36532.70 255.48
36584.50 299.51 36584.30 255.27
36636.10 299.26 36635.90 255.07
36687.70 299.01 36687.50 254.87
36739.30 298.76 36739.10 254.67
36790.90 298.52 36790.70 254.47
36842.50 298.27 36842.30 254.26
36894.10 298.02 36893.90 254.06
36945.70 297.77 36945.50 253.86
36997.30 297.52 36997.10 253.66
37048.90 297.28 37048.70 253.46
37100.50 297.03 37100.30 253.26
37152.10 296.78 37151.90 253.06
37203.70 296.53 37203.50 252.85
37255.30 296.28 37255.10 252.65
37306.89 296.03 37306.71 252.45
37358.49 295.78 37358.31 252.25
37410.09 295.53 37409.91 252.05
37461.69 295.28 37461.51 251.85
37513.29 295.04 37513.11 251.65
37564.89 294.79 37564.71 251.45
37616.49 294.54 37616.31 251.25
37668.09 294.29 37667.91 251.05
37719.69 294.04 37719.51 250.85
37771.29 293.79 37771.11 250.65
37822.89 293.54 37822.71 250.45
37874.49 293.28 37874.31 250.26
37926.09 293.03 37925.91 250.06
37977.69 292.78 37977.51 249.86
38029.29 292.53 38029.11 249.66
38080.89 292.28 38080.71 249.46
38132.49 292.03 38132.31 249.26
38184.09 291.78 38183.91 249.06
38235.69 291.53 38235.51 248.87
38287.29 291.28 38287.11 248.67
38338.89 291.02 38338.71 248.47
38390.49 290.77 38390.31 248.27
38442.09 290.52 38441.91 248.08
38493.69 290.27 38493.51 247.88
38545.29 290.02 38545.11 247.68
38596.89 289.76 38596.71 247.48
38648.49 289.51 38648.31 247.29
38700.09 289.26 38699.91 247.09
38751.69 289.00 38751.51 246.89
38803.29 288.75 38803.11 246.70
38854.89 288.50 38854.71 246.50
38906.49 288.24 38906.31 246.30
38958.09 287.99 38957.91 246.11
39009.69 287.74 39009.51 245.91
39061.29 287.48 39061.11 245.72
39112.89 287.23 39112.71 245.52
39164.49 286.98 39164.31 245.33
39216.09 286.72 39215.91 245.13
39267.69 286.47 39267.51 244.94
39319.29 286.21 39319.11 244.74
39370.89 285.96 39370.71 244.55
39422.49 285.70 39422.31 244.35
39474.09 285.45 39473.91 244.16
39525.69 285.19 39525.51 243.96
39577.29 284.94 39577.11 243.77
39628.89 284.68 39628.71 243.58
39680.49 284.42 39680.31 243.38
39732.09 284.17 39731.91 243.19
39783.69 283.91 39783.51 242.99
39835.29 283.66 39835.11 242.80
39886.89 283.40 39886.71 242.61
39938.49 283.14 39938.31 242.41
39990.09 282.89 39989.91 242.22
40041.69 282.63 40041.51 242.03
40093.29 282.37 40093.11 241.84
40144.89 282.12 40144.71 241.64
40196.49 281.86 40196.31 241.45
40248.09 281.60 40247.91 241.26
40299.69 281.34 40299.51 241.07
40351.29 281.08 40351.11 240.88
40402.89 280.83 40402.71 240.69
40454.49 280.57 40454.31 240.49
40506.09 280.31 40505.91 240.30
40557.69 280.05 40557.51 240.11
40609.29 279.79 40609.11 239.92
40660.89 279.53 40660.71 239.73
40712.49 279.27 40712.31 239.54
40764.09 279.01 40763.91 239.35
40815.69 278.75 40815.51 239.16
40867.29 278.50 40867.11 238.97
40918.89 278.24 40918.71 238.78
40970.49 277.98 40970.31 238.59
41022.09 277.71 41021.91 238.40
41073.69 277.45 41073.51 238.21
41125.29 277.19 41125.11 238.02
41176.89 276.93 41176.71 237.84
41228.49 276.67 41228.31 237.65
41280.08 276.41 41279.92 237.46
41331.68 276.15 41331.52 237.27
41383.28 275.89 41383.12 237.08
41434.88 275.63 41434.72 236.89
41486.48 275.36 41486.32 236.71
41538.08 275.10 41537.92 236.52
41589.68 274.84 41589.52 236.33
41641.28 274.58 41641.12 236.15
41692.88 274.31 41692.72 235.96
41744.48 274.05 41744.32 235.77
41796.08 273.79 41795.92 235.59
41847.68 273.52 41847.52 235.40
41899.28 273.26 41899.12 235.21
41950.88 273.00 41950.72 235.03
42002.48 272.73 42002.32 234.84
42054.08 272.47 42053.92 234.66
42105.68 272.20 42105.52 234.47
42157.28 271.94 42157.12 234.29
42208.88 271.68 42208.72 234.10
42260.48 271.41 42260.32 233.92
42312.08 271.15 42311.92 233.73
42363.68 270.88 42363.52 233.55
42415.28 270.61 42415.12 233.36
42466.88 270.35 42466.72 233.18
42518.48 270.08 42518.32 233.00
42570.08 269.82 42569.92 232.81
42621.68 269.55 42621.52 232.63
42673.28 269.28 42673.12 232.45
42724.88 269.02 42724.72 232.27
42776.48 268.75 42776.32 232.08
42828.08 268.48 42827.92 231.90
42879.68 268.21 42879.52 231.72
42931.28 267.95 42931.12 231.54
42982.88 267.68 42982.72 231.36
43034.48 267.41 43034.32 231.18
43086.08 267.14 43085.92 230.99
43137.68 266.87 43137.52 230.81
43189.28 266.60 43189.12 230.63
43240.88 266.33 43240.72 230.45
43292.48 266.06 43292.32 230.27
43344.08 265.79 43343.92 230.09
43395.68 265.52 43395.52 229.91
43447.28 265.25 43447.12 229.73
43498.88 264.98 43498.72 229.56
43550.48 264.71 43550.32 229.38
43602.08 264.44 43601.92 229.20
43653.68 264.17 43653.52 229.02
43705.28 263.90 43705.12 228.84
43756.88 263.63 43756.72 228.66
43808.48 263.35 43808.32 228.49
43860.08 263.08 43859.92 228.31
43911.68 262.81 43911.52 228.13
43963.28 262.54 43963.12 227.96
44014.88 262.26 44014.72 227.78
44066.47 261.99 44066.33 227.60
44118.07 261.72 44117.93 227.43
44169.67 261.44 44169.53 227.25
44221.27 261.17 44221.13 227.08
44272.87 260.89 44272.73 226.90
44324.47 260.62 44324.33 226.73
44376.07 260.34 44375.93 226.55
44427.67 260.07 44427.53 226.38
44479.27 259.79 44479.13 226.20
44530.87 259.52 44530.73 226.03
44582.47 259.24 44582.33 225.86
44634.07 258.96 44633.93 225.68
44685.67 258.69 44685.53 225.51
44737.27 258.41 44737.13 225.34
44788.87 258.13 44788.73 225.17
44840.47 257.85 44840.33 225.00
44892.07 257.57 44891.93 224.82
44943.67 257.30 44943.53 224.65
44995.27 257.02 44995.13 224.48
45046.87 256.74 45046.73 224.31
45098.47 256.46 45098.33 224.14
45150.07 256.18 45149.93 223.97
45201.67 255.90 45201.53 223.80
45253.27 255.62 45253.13 223.63
45304.87 255.34 45304.73 223.47
45356.47 255.06 45356.33 223.30
45408.07 254.77 45407.93 223.13
45459.67 254.49 45459.53 222.96
45511.27 254.21 45511.13 222.79
45562.87 253.93 45562.73 222.63
45614.47 253.64 45614.33 222.46
45666.07 253.36 45665.93 222.29
45717.67 253.08 45717.53 222.13
45769.27 252.79 45769.13 221.96
45820.87 252.51 45820.73 221.80
45872.47 252.22 45872.33 221.63
45924.07 251.94 45923.93 221.47
45975.67 251.65 45975.53 221.31
46027.27 251.37 46027.13 221.14
46078.87 251.08 46078.73 220.98
46130.47 250.79 46130.33 220.82
46182.07 250.51 46181.93 220.65
46233.66 250.22 46233.54 220.49
46285.26 249.93 46285.14 220.33
46336.86 249.64 46336.74 220.17
46388.46 249.35 46388.34 220.01
46440.06 249.06 46439.94 219.85
46491.66 248.77 46491.54 219.69
46543.26 248.48 46543.14 219.53
46594.86 248.19 46594.74 219.37
46646.46 247.90 46646.34 219.21
46698.06 247.61 46697.94 219.06
46749.66 247.32 46749.54 218.90
46801.26 247.02 46801.14 218.74
46852.86 246.73 46852.74 218.59
46904.46 246.44 46904.34 218.43
46956.06 246.14 46955.94 218.27
47007.66 245.85 47007.54 218.12
47059.26 245.55 47059.14 217.96
47110.86 245.26 47110.74 217.81
47162.46 244.96 47162.34 217.66
47214.06 244.66 47213.94 217.51
47265.66 244.37 47265.54 217.35
47317.26 244.07 47317.14 217.20
47368.86 243.77 47368.74 217.05
47420.46 243.47 47420.34 216.90
47472.06 243.17 47471.94 216.75
47523.66 242.87 47523.54 216.60
47575.26 242.57 47575.14 216.45
47626.86 242.27 47626.74 216.31
47678.46 241.96 47678.34 216.16
47730.06 241.66 47729.94 216.01
47781.66 241.36 47781.54 215.87
47833.26 241.05 47833.14 215.72
47884.85 240.75 47884.75 215.58
47936.45 240.44 47936.35 215.43
47988.05 240.14 47987.95 215.29
48039.65 239.83 48039.55 215.15
48091.25 239.52 48091.15 215.01
48142.85 239.21 48142.75 214.86
48194.45 238.90 48194.35 214.72
48246.05 238.59 48245.95 214.59
48297.65 238.28 48297.55 214.45
48349.25 237.97 48349.15 214.31
48400.85 237.66 48400.75 214.17
48452.45 237.34 48452.35 214.04
48504.05 237.03 48503.95 213.90
48555.65 236.71 48555.55 213.77
48607.25 236.40 48607.15 213.63
48658.85 236.08 48658.75 213.50
48710.45 235.76 48710.35 213.37
48762.05 235.44 48761.95 213.24
48813.65 235.12 48813.55 213.11
48865.25 234.80 48865.15 212.98
48916.85 234.48 48916.75 212.86
48968.45 234.15 48968.35 212.73
49020.05 233.83 49019.95 212.61
49071.65 233.50 49071.55 212.48
49123.25 233.18 49123.15 212.36
49174.84 232.85 49174.76 212.24
49226.44 232.52 49226.36 212.12
49278.04 232.19 49277.96 212.00
49329.64 231.85 49329.56 211.88
49381.24 231.52 49381.16 211.77
49432.84 231.19 49432.76 211.65
49484.44 230.85 49484.36 211.54
49536.04 230.51 49535.96 211.43
49587.64 230.17 49587.56 211.32
49639.24 229.83 49639.16 211.21
49690.84 229.49 49690.76 211.10
49742.44 229.14 49742.36 211.00
49794.04 228.79 49793.96 210.90
49845.64 228.44 49845.56 210.80
49897.24 228.09 49897.16 210.70
49948.84 227.74 49948.76 210.60
50000.44 227.38 50000.36 210.51
50052.04 227.03 50051.96 210.42
50103.64 226.67 50103.56 210.33
50155.23 226.30 50155.17 210.24
50206.83 225.94 50206.77 210.15
50258.43 225.57 50258.37 210.07
50310.03 225.20 50309.97 210.00
50361.63 224.82 50361.57 209.92
50413.23 224.45 50413.17 209.85
50464.83 224.06 50464.77 209.78
50516.43 223.68 50516.37 209.72
50568.03 223.29 50567.97 209.66
50619.63 222.90 50619.57 209.60
50671.23 222.50 50671.17 209.55
50722.83 222.09 50722.77 209.50
50774.43 221.68 50774.37 209.46
50826.03 221.27 50825.97 209.43
50877.62 220.85 50877.58 209.40
50929.22 220.42 50929.18 209.38
50980.82 219.98 50980.78 209.37
51032.42 219.53 51032.38 209.37
51084.02 219.07 51083.98 209.38
51135.62 218.60 51135.58 209.40
51187.22 218.11 51187.18 209.44
51238.82 217.61 51238.78 209.49
51290.42 217.09 51290.38 209.57
51342.01 216.54 51341.99 209.67
51393.61 215.95 51393.59 209.80
51445.21 215.31 51445.19 209.99
51496.81 214.60 51496.79 210.25
51548.41 213.74 51548.39 210.66
51600.00 211.98 51600.00 211.98
