0.00 433.76
10.00 434.89
20.00 421.22
30.00 414.03
40.00 413.35
50.00 404.39
60.00 396.50
70.00 398.32
80.00 383.56
90.00 366.69
100.00 366.69
110.00 361.33
120.00 343.76
130.00 341.28
140.00 327.59
150.00 318.93
160.00 309.66
170.00 307.19
180.00 300.30
190.00 292.03
200.00 290.25
210.00 283.86
220.00 277.40
230.00 276.32
240.00 273.45
250.00 270.97
260.00 270.29
270.00 266.32
280.00 262.46
290.00 262.46
300.00 258.09
310.00 253.82
320.00 252.75
330.00 249.56
340.00 245.99
350.00 245.31
360.00 242.42
370.00 238.16
380.00 236.38
390.00 232.41
400.00 229.93
410.00 224.56
420.00 222.08
430.00 218.12
440.00 216.33
450.00 215.65
460.00 213.88
470.00 211.42
480.00 211.42
490.00 208.55
500.00 204.98
510.00 204.98
520.00 201.02
530.00 197.15
540.00 194.97
550.00 192.08
560.00 190.01
570.00 190.04
580.00 186.47
590.00 187.58
600.00 184.30
610.00 181.84
620.00 181.47
630.00 181.47
640.00 179.70
650.00 176.94
660.00 177.25
670.00 174.37
680.00 172.30
690.00 170.53
700.00 170.53
710.00 167.67
720.00 165.50
730.00 162.72
740.00 162.73
750.00 160.17
760.00 158.09
770.00 157.42
780.00 156.63
790.00 155.65
800.00 154.19
810.00 153.50
820.00 152.12
830.00 150.65
840.00 150.68
850.00 150.68
860.00 149.32
870.00 144.25
880.00 142.47
890.00 143.18
900.00 141.11
910.00 141.45
920.00 138.67
930.00 138.68
940.00 135.11
950.00 132.53
960.00 132.24
970.00 128.67
980.00 125.80
990.00 123.33
1000.00 124.04
1010.00 122.26
1020.00 121.89
1030.00 121.93
1040.00 121.93
1050.00 120.16
1060.00 118.09
1070.00 115.61
1080.00 117.72
1090.00 116.65
1100.00 113.88
1110.00 114.59
1120.00 112.82
1130.00 109.94
1140.00 107.47
1150.00 108.58
1160.00 107.11
1170.00 105.04
1180.00 105.07
1190.00 106.08
1200.00 104.30
1210.00 104.33
1220.00 104.76
1230.00 104.76
1240.00 105.49
1250.00 105.53
1260.00 105.53
1270.00 103.06
1280.00 103.79
1290.00 103.81
1300.00 101.72
1310.00 101.75
1320.00 101.37
1330.00 100.71
1340.00 101.81
1350.00 100.34
1360.00 99.67
1370.00 98.60
1380.00 98.60
1390.00 97.53
1400.00 96.56
1410.00 96.17
1420.00 94.39
1430.00 92.22
1440.00 91.96
1450.00 91.96
1460.00 90.19
1470.00 89.52
1480.00 88.44
1490.00 88.75
1500.00 87.78
1510.00 87.00
1520.00 86.73
1530.00 87.04
1540.00 86.76
1550.00 86.39
1560.00 86.40
1570.00 86.13
1580.00 85.76
1590.00 85.79
1600.00 85.79
1610.00 86.22
1620.00 85.85
1630.00 85.47
1640.00 85.48
1650.00 85.51
1660.00 85.94
1670.00 85.56
1680.00 85.27
1690.00 84.20
1700.00 83.82
1710.00 83.83
1720.00 83.16
1730.00 82.49
1740.00 81.82
1750.00 81.12
1760.00 80.75
1770.00 79.68
1780.00 79.01
1790.00 79.01
1800.00 79.04
1810.00 79.07
1820.00 79.09
1830.00 78.40
1840.00 78.73
1850.00 78.75
1860.00 78.46
1870.00 78.49
1880.00 78.81
1890.00 78.54
1900.00 78.55
1910.00 78.58
1920.00 78.60
1930.00 79.33
1940.00 79.34
1950.00 78.96
1960.00 78.69
1970.00 78.32
1980.00 78.32
1990.00 78.35
2000.00 78.38
2010.00 78.38
2020.00 78.11
2030.00 78.14
2040.00 77.76
2050.00 74.87
2060.00 74.60
2070.00 75.62
2080.00 75.65
2090.00 75.66
2100.00 73.88
2110.00 72.91
2120.00 71.44
2130.00 71.44
2140.00 70.37
2150.00 69.00
2160.00 67.91
2170.00 67.23
2180.00 65.86
2190.00 66.59
2200.00 66.59
2210.00 66.62
2220.00 65.55
2230.00 65.17
2240.00 65.18
2250.00 65.01
2260.00 65.03
2270.00 65.06
2280.00 65.07
2290.00 65.09
2300.00 65.12
2310.00 65.12
2320.00 65.14
2330.00 65.17
2340.00 65.20
2350.00 65.20
2360.00 65.23
2370.00 65.26
2380.00 65.28
2390.00 65.29
2400.00 65.32
2410.00 65.35
2420.00 65.37
2430.00 65.38
2440.00 65.41
2450.00 65.43
2460.00 65.44
2470.00 65.46
2480.00 65.48
2490.00 65.51
2500.00 65.52
2510.00 65.54
2520.00 65.57
2530.00 65.60
2540.00 65.60
2550.00 65.63
2560.00 65.66
2570.00 65.66
2580.00 65.69
2590.00 65.72
2600.00 65.74
2610.00 65.74
2620.00 65.77
2630.00 65.80
2640.00 65.82
2650.00 65.83
2660.00 65.86
2670.00 65.88
2680.00 65.91
2690.00 65.91
2700.00 65.94
2710.00 65.96
2720.00 65.97
2730.00 65.99
2740.00 66.02
2750.00 66.05
2760.00 66.05
2770.00 66.08
2780.00 66.10
2790.00 66.13
2800.00 66.13
2810.00 66.16
2820.00 66.18
2830.00 66.21
2840.00 66.22
2850.00 66.24
2860.00 66.27
2870.00 66.27
2880.00 66.30
2890.00 66.32
2900.00 66.35
2910.00 66.36
2920.00 66.38
2930.00 66.41
2940.00 66.43
2950.00 66.43
2960.00 66.46
2970.00 66.49
2980.00 66.51
2990.00 66.52
3000.00 66.54
3010.00 66.56
3020.00 66.57
3030.00 66.60
3040.00 66.62
3050.00 66.65
3060.00 66.66
3070.00 66.68
3080.00 66.70
3090.00 66.73
3100.00 66.73
3110.00 66.76
3120.00 66.79
3130.00 66.81
3140.00 66.81
3150.00 66.84
3160.00 66.87
3170.00 66.87
3180.00 66.89
3190.00 66.92
3200.00 66.94
3210.00 66.95
3220.00 66.98
3230.00 67.00
3240.00 67.02
3250.00 67.03
3260.00 67.05
3270.00 67.08
3280.00 67.10
3290.00 67.10
3300.00 67.13
3310.00 67.16
3320.00 67.16
3330.00 67.19
3340.00 67.21
3350.00 67.23
3360.00 67.24
3370.00 67.27
3380.00 67.29
3390.00 67.31
3400.00 67.32
3410.00 67.35
3420.00 67.37
3430.00 67.39
3440.00 67.40
3450.00 67.42
3460.00 67.45
3470.00 67.45
3480.00 67.47
3490.00 67.50
3500.00 67.53
3510.00 67.53
3520.00 67.55
3530.00 67.58
3540.00 67.60
3550.00 67.61
3560.00 67.63
3570.00 67.65
3580.00 67.68
3590.00 67.69
3600.00 67.71
3610.00 67.73
3620.00 67.74
3630.00 67.77
3640.00 67.78
3650.00 67.81
3660.00 67.82
3670.00 67.84
3680.00 67.86
3690.00 67.89
3700.00 67.89
3710.00 67.92
3720.00 67.94
3730.00 67.96
3740.00 67.97
3750.00 67.99
3760.00 68.01
3770.00 68.02
3780.00 68.05
3790.00 68.07
3800.00 68.09
3810.00 68.10
3820.00 68.12
3830.00 68.14
3840.00 68.17
3850.00 68.17
3860.00 68.19
3870.00 68.22
3880.00 68.25
3890.00 68.25
3900.00 68.27
3910.00 68.30
3920.00 68.30
3930.00 68.32
3940.00 68.35
3950.00 68.37
3960.00 68.37
3970.00 68.40
3980.00 68.42
3990.00 68.44
4000.00 68.45
4010.00 68.47
4020.00 68.50
4030.00 68.52
4040.00 68.52
4050.00 68.55
4060.00 68.57
4070.00 68.57
4080.00 68.60
4090.00 68.62
4100.00 68.64
4110.00 68.65
4120.00 68.67
4130.00 68.70
4140.00 68.72
4150.00 68.72
4160.00 68.75
4170.00 68.77
4180.00 68.79
4190.00 68.80
4200.00 68.82
4210.00 68.84
4220.00 68.85
4230.00 68.87
4240.00 68.89
4250.00 68.92
4260.00 68.92
4270.00 68.94
4280.00 68.97
4290.00 68.99
4300.00 68.99
4310.00 69.02
4320.00 69.04
4330.00 69.06
4340.00 69.07
4350.00 69.09
4360.00 69.11
4370.00 69.12
4380.00 69.14
4390.00 69.16
4400.00 69.18
4410.00 69.19
4420.00 69.21
4430.00 69.23
4440.00 69.26
4450.00 69.26
4460.00 69.28
4470.00 69.31
4480.00 69.33
4490.00 69.33
4500.00 69.36
4510.00 69.37
4520.00 69.38
4530.00 69.40
4540.00 69.42
4550.00 69.45
4560.00 69.45
4570.00 69.47
4580.00 69.50
4590.00 69.52
4600.00 69.52
4610.00 69.54
4620.00 69.57
4630.00 69.59
4640.00 69.59
4650.00 69.62
4660.00 69.64
4670.00 69.64
4680.00 69.66
4690.00 69.69
4700.00 69.71
4710.00 69.71
4720.00 69.74
4730.00 69.75
4740.00 69.78
4750.00 69.78
4760.00 69.80
4770.00 69.83
4780.00 69.85
4790.00 69.85
4800.00 69.87
4810.00 69.90
4820.00 69.90
4830.00 69.92
4840.00 69.94
4850.00 69.96
4860.00 69.97
4870.00 69.99
4880.00 70.02
4890.00 70.03
4900.00 70.04
4910.00 70.06
4920.00 70.08
4930.00 70.10
4940.00 70.11
4950.00 70.13
4960.00 70.15
4970.00 70.16
4980.00 70.17
4990.00 70.20
5000.00 70.22
5010.00 70.22
5020.00 70.24
5030.00 70.27
5040.00 70.28
5050.00 70.29
5060.00 70.31
5070.00 70.33
5080.00 70.35
5090.00 70.36
5100.00 70.38
5110.00 70.40
5120.00 70.41
5130.00 70.43
5140.00 70.45
5150.00 70.47
5160.00 70.47
5170.00 70.49
5180.00 70.51
5190.00 70.54
5200.00 70.54
5210.00 70.56
5220.00 70.58
5230.00 70.60
5240.00 70.61
5250.00 70.63
5260.00 70.65
5270.00 70.65
5280.00 70.67
5290.00 70.69
5300.00 70.71
5310.00 70.72
5320.00 70.74
5330.00 70.76
5340.00 70.78
5350.00 70.78
5360.00 70.80
5370.00 70.83
5380.00 70.85
5390.00 70.85
5400.00 70.87
5410.00 70.89
5420.00 70.89
5430.00 70.92
5440.00 70.94
5450.00 70.96
5460.00 70.96
5470.00 70.98
5480.00 71.00
5490.00 71.02
5500.00 71.03
5510.00 71.05
5520.00 71.07
5530.00 71.09
5540.00 71.09
5550.00 71.11
5560.00 71.13
5570.00 71.13
5580.00 71.16
5590.00 71.18
5600.00 71.19
5610.00 71.20
5620.00 71.22
5630.00 71.24
5640.00 71.26
5650.00 71.27
5660.00 71.29
5670.00 71.30
5680.00 71.31
5690.00 71.33
5700.00 71.35
5710.00 71.37
5720.00 71.37
5730.00 71.39
5740.00 71.41
5750.00 71.43
5760.00 71.43
5770.00 71.46
5780.00 71.48
5790.00 71.49
5800.00 71.50
5810.00 71.52
5820.00 71.54
5830.00 71.54
5840.00 71.56
5850.00 71.58
5860.00 71.60
5870.00 71.61
5880.00 71.63
5890.00 71.64
5900.00 71.67
5910.00 71.67
5920.00 71.69
5930.00 71.71
5940.00 71.73
5950.00 71.73
5960.00 71.75
5970.00 71.77
5980.00 71.77
5990.00 71.79
6000.00 71.81
6010.00 71.83
6020.00 71.83
6030.00 71.86
6040.00 71.87
6050.00 71.89
6060.00 71.90
6070.00 71.91
6080.00 71.94
6090.00 71.96
6100.00 71.96
6110.00 71.98
6120.00 72.00
6130.00 72.00
6140.00 72.02
6150.00 72.04
6160.00 72.06
6170.00 72.06
6180.00 72.08
6190.00 72.10
6200.00 72.12
6210.00 72.12
6220.00 72.14
6230.00 72.16
6240.00 72.18
6250.00 72.18
6260.00 72.20
6270.00 72.22
6280.00 72.22
6290.00 72.24
6300.00 72.26
6310.00 72.28
6320.00 72.28
6330.00 72.30
6340.00 72.32
6350.00 72.34
6360.00 72.34
6370.00 72.36
6380.00 72.38
6390.00 72.40
6400.00 72.40
6410.00 72.42
6420.00 72.44
6430.00 72.44
6440.00 72.46
6450.00 72.48
6460.00 72.50
6470.00 72.50
6480.00 72.52
6490.00 72.54
6500.00 72.56
6510.00 72.56
6520.00 72.58
6530.00 72.60
6540.00 72.62
6550.00 72.62
6560.00 72.64
6570.00 72.66
6580.00 72.66
6590.00 72.68
6600.00 72.69
6610.00 72.71
6620.00 72.72
6630.00 72.74
6640.00 72.75
6650.00 72.77
6660.00 72.78
6670.00 72.79
6680.00 72.81
6690.00 72.83
6700.00 72.83
6710.00 72.85
6720.00 72.87
6730.00 72.87
6740.00 72.89
6750.00 72.91
6760.00 72.93
6770.00 72.93
6780.00 72.95
6790.00 72.96
6800.00 72.98
6810.00 72.99
6820.00 73.00
6830.00 73.02
6840.00 73.04
6850.00 73.05
6860.00 73.06
6870.00 73.08
6880.00 73.08
6890.00 73.10
6900.00 73.12
6910.00 73.14
6920.00 73.14
6930.00 73.16
6940.00 73.18
6950.00 73.19
6960.00 73.19
6970.00 73.21
6980.00 73.23
6990.00 73.25
7000.00 73.25
7010.00 73.27
7020.00 73.29
7030.00 73.29
7040.00 73.30
7050.00 73.32
7060.00 73.34
7070.00 73.34
7080.00 73.36
7090.00 73.38
7100.00 73.40
7110.00 73.40
7120.00 73.42
7130.00 73.43
7140.00 73.45
7150.00 73.45
7160.00 73.47
7170.00 73.49
7180.00 73.49
7190.00 73.51
7200.00 73.52
7210.00 73.54
7220.00 73.55
7230.00 73.56
7240.00 73.58
7250.00 73.60
7260.00 73.60
7270.00 73.62
7280.00 73.63
7290.00 73.65
7300.00 73.65
7310.00 73.67
7320.00 73.69
7330.00 73.69
7340.00 73.71
7350.00 73.72
7360.00 73.74
7370.00 73.74
7380.00 73.76
7390.00 73.78
7400.00 73.79
7410.00 73.80
7420.00 73.81
7430.00 73.83
7440.00 73.85
7450.00 73.85
7460.00 73.87
7470.00 73.88
7480.00 73.88
7490.00 73.90
7500.00 73.92
7510.00 73.93
7520.00 73.94
7530.00 73.95
7540.00 73.97
7550.00 73.99
7560.00 73.99
7570.00 74.00
7580.00 74.02
7590.00 74.04
7600.00 74.04
7610.00 74.06
7620.00 74.07
7630.00 74.08
7640.00 74.09
7650.00 74.11
7660.00 74.13
7670.00 74.13
7680.00 74.14
7690.00 74.16
7700.00 74.18
7710.00 74.18
7720.00 74.20
7730.00 74.21
7740.00 74.23
7750.00 74.23
7760.00 74.24
7770.00 74.26
7780.00 74.26
7790.00 74.28
7800.00 74.30
7810.00 74.31
7820.00 74.31
7830.00 74.33
7840.00 74.35
7850.00 74.36
7860.00 74.36
7870.00 74.38
7880.00 74.40
7890.00 74.41
7900.00 74.41
7910.00 74.43
7920.00 74.45
7930.00 74.45
7940.00 74.47
7950.00 74.48
7960.00 74.50
7970.00 74.50
7980.00 74.51
7990.00 74.53
8000.00 74.55
8010.00 74.55
8020.00 74.56
8030.00 74.58
8040.00 74.59
8050.00 74.60
8060.00 74.61
8070.00 74.63
8080.00 74.63
8090.00 74.65
8100.00 74.66
8110.00 74.68
8120.00 74.68
8130.00 74.69
8140.00 74.71
8150.00 74.73
8160.00 74.73
8170.00 74.74
8180.00 74.76
8190.00 74.77
8200.00 74.77
8210.00 74.79
8220.00 74.81
8230.00 74.81
8240.00 74.82
8250.00 74.84
8260.00 74.85
8270.00 74.85
8280.00 74.87
8290.00 74.88
8300.00 74.90
8310.00 74.90
8320.00 74.92
8330.00 74.93
8340.00 74.95
8350.00 74.95
8360.00 74.96
8370.00 74.98
8380.00 74.98
8390.00 75.00
8400.00 75.01
8410.00 75.03
8420.00 75.03
8430.00 75.04
8440.00 75.06
8450.00 75.07
8460.00 75.07
8470.00 75.09
8480.00 75.10
8490.00 75.12
8500.00 75.12
8510.00 75.13
8520.00 75.15
8530.00 75.15
8540.00 75.17
8550.00 75.18
8560.00 75.20
8570.00 75.20
8580.00 75.21
8590.00 75.23
8600.00 75.24
8610.00 75.24
8620.00 75.26
8630.00 75.27
8640.00 75.29
8650.00 75.29
8660.00 75.30
8670.00 75.32
8680.00 75.32
8690.00 75.33
8700.00 75.35
8710.00 75.36
8720.00 75.36
8730.00 75.38
8740.00 75.39
8750.00 75.41
8760.00 75.41
8770.00 75.42
8780.00 75.44
8790.00 75.45
8800.00 75.45
8810.00 75.47
8820.00 75.48
8830.00 75.48
8840.00 75.50
8850.00 75.51
8860.00 75.52
8870.00 75.53
8880.00 75.54
8890.00 75.55
8900.00 75.57
8910.00 75.57
8920.00 75.58
8930.00 75.60
8940.00 75.60
8950.00 75.61
8960.00 75.63
8970.00 75.64
8980.00 75.64
8990.00 75.66
9000.00 75.67
9010.00 75.68
9020.00 75.68
9030.00 75.70
9040.00 75.71
9050.00 75.73
9060.00 75.73
9070.00 75.74
9080.00 75.75
9090.00 75.76
9100.00 75.77
9110.00 75.78
9120.00 75.80
9130.00 75.80
9140.00 75.81
9150.00 75.83
9160.00 75.84
9170.00 75.84
9180.00 75.85
9190.00 75.87
9200.00 75.88
9210.00 75.88
9220.00 75.90
9230.00 75.91
9240.00 75.91
9250.00 75.92
9260.00 75.94
9270.00 75.95
9280.00 75.95
9290.00 75.96
9300.00 75.98
9310.00 75.99
9320.00 75.99
9330.00 76.01
9340.00 76.02
9350.00 76.03
9360.00 76.03
9370.00 76.05
9380.00 76.06
9390.00 76.06
9400.00 76.07
9410.00 76.09
9420.00 76.10
9430.00 76.10
9440.00 76.11
9450.00 76.13
9460.00 76.14
9470.00 76.14
9480.00 76.15
9490.00 76.17
9500.00 76.18
9510.00 76.18
9520.00 76.19
9530.00 76.21
9540.00 76.21
9550.00 76.22
9560.00 76.23
9570.00 76.25
9580.00 76.25
9590.00 76.26
9600.00 76.27
9610.00 76.28
9620.00 76.28
9630.00 76.30
9640.00 76.31
9650.00 76.32
9660.00 76.32
9670.00 76.34
9680.00 76.35
9690.00 76.35
9700.00 76.36
9710.00 76.38
9720.00 76.39
9730.00 76.39
9740.00 76.40
9750.00 76.41
9760.00 76.43
9770.00 76.43
9780.00 76.44
9790.00 76.45
9800.00 76.46
9810.00 76.46
9820.00 76.48
9830.00 76.49
9840.00 76.49
9850.00 76.50
9860.00 76.51
9870.00 76.53
9880.00 76.53
9890.00 76.54
9900.00 76.55
9910.00 76.56
9920.00 76.56
9930.00 76.58
9940.00 76.59
9950.00 76.60
9960.00 76.60
9970.00 76.61
9980.00 76.63
9990.00 76.63
10000.00 76.64
10010.00 76.65
10020.00 76.66
10030.00 76.66
10040.00 76.67
10050.00 76.69
10060.00 76.70
10070.00 76.70
10080.00 76.71
10090.00 76.72
10100.00 76.73
10110.00 76.73
10120.00 76.75
10130.00 76.76
10140.00 76.76
10150.00 76.77
10160.00 76.78
10170.00 76.79
10180.00 76.79
10190.00 76.81
10200.00 76.82
10210.00 76.83
10220.00 76.83
10230.00 76.84
10240.00 76.85
10250.00 76.86
10260.00 76.86
10270.00 76.88
10280.00 76.89
10290.00 76.89
10300.00 76.90
10310.00 76.91
10320.00 76.92
10330.00 76.92
10340.00 76.93
10350.00 76.94
10360.00 76.96
10370.00 76.96
10380.00 76.97
10390.00 76.98
10400.00 76.99
10410.00 76.99
10420.00 77.00
10430.00 77.01
10440.00 77.01
10450.00 77.02
10460.00 77.04
10470.00 77.05
10480.00 77.05
10490.00 77.06
10500.00 77.07
10510.00 77.08
10520.00 77.08
10530.00 77.09
10540.00 77.10
10550.00 77.11
10560.00 77.11
10570.00 77.12
10580.00 77.13
10590.00 77.13
10600.00 77.15
10610.00 77.16
10620.00 77.17
10630.00 77.17
10640.00 77.18
10650.00 77.19
10660.00 77.20
10670.00 77.20
10680.00 77.21
10690.00 77.22
10700.00 77.23
10710.00 77.23
10720.00 77.24
10730.00 77.25
10740.00 77.25
10750.00 77.26
10760.00 77.27
10770.00 77.29
10780.00 77.28
10790.00 77.30
10800.00 77.31
10810.00 77.32
10820.00 77.32
10830.00 77.33
10840.00 77.34
10850.00 77.35
10860.00 77.35
10870.00 77.36
10880.00 77.37
10890.00 77.37
10900.00 77.38
10910.00 77.39
10920.00 77.40
10930.00 77.40
10940.00 77.41
10950.00 77.42
10960.00 77.43
10970.00 77.43
10980.00 77.44
10990.00 77.45
11000.00 77.46
11010.00 77.46
11020.00 77.47
11030.00 77.48
11040.00 77.48
11050.00 77.49
11060.00 77.50
11070.00 77.51
11080.00 77.51
11090.00 77.52
11100.00 77.53
11110.00 77.54
11120.00 77.54
11130.00 77.55
11140.00 77.56
11150.00 77.57
11160.00 77.57
11170.00 77.58
11180.00 77.59
11190.00 77.59
11200.00 77.60
11210.00 77.61
11220.00 77.62
11230.00 77.62
11240.00 77.63
11250.00 77.64
11260.00 77.65
11270.00 77.64
11280.00 77.65
11290.00 77.66
11300.00 77.67
11310.00 77.67
11320.00 77.68
11330.00 77.69
11340.00 77.69
11350.00 77.70
11360.00 77.71
11370.00 77.72
11380.00 77.72
11390.00 77.73
11400.00 77.74
11410.00 77.75
11420.00 77.75
11430.00 77.76
11440.00 77.77
11450.00 77.78
11460.00 77.77
11470.00 77.78
11480.00 77.79
11490.00 77.79
11500.00 77.80
11510.00 77.81
11520.00 77.82
11530.00 77.82
11540.00 77.83
11550.00 77.84
11560.00 77.85
11570.00 77.84
11580.00 77.86
11590.00 77.86
11600.00 77.87
11610.00 77.87
11620.00 77.88
11630.00 77.89
11640.00 77.89
11650.00 77.90
11660.00 77.91
11670.00 77.92
11680.00 77.92
11690.00 77.92
11700.00 77.93
11710.00 77.94
11720.00 77.94
11730.00 77.95
11740.00 77.96
11750.00 77.97
11760.00 77.97
11770.00 77.98
11780.00 77.98
11790.00 77.98
11800.00 77.99
11810.00 78.00
11820.00 78.01
11830.00 78.01
11840.00 78.02
11850.00 78.02
11860.00 78.03
11870.00 78.03
11880.00 78.04
11890.00 78.05
11900.00 78.06
11910.00 78.06
11920.00 78.07
11930.00 78.07
11940.00 78.07
11950.00 78.08
11960.00 78.09
11970.00 78.10
11980.00 78.10
11990.00 78.11
12000.00 78.11
12010.00 78.12
12020.00 78.12
12030.00 78.13
12040.00 78.14
12050.00 78.15
12060.00 78.14
12070.00 78.15
12080.00 78.16
12090.00 78.16
12100.00 78.17
12110.00 78.18
12120.00 78.18
12130.00 78.18
12140.00 78.19
12150.00 78.20
12160.00 78.21
12170.00 78.21
12180.00 78.21
12190.00 78.22
12200.00 78.22
12210.00 78.23
12220.00 78.24
12230.00 78.25
12240.00 78.24
12250.00 78.25
12260.00 78.26
12270.00 78.27
12280.00 78.26
12290.00 78.27
12300.00 78.28
12310.00 78.29
12320.00 78.29
12330.00 78.30
12340.00 78.30
12350.00 78.30
12360.00 78.31
12370.00 78.32
12380.00 78.32
12390.00 78.32
12400.00 78.33
12410.00 78.34
12420.00 78.35
12430.00 78.34
12440.00 78.35
12450.00 78.36
12460.00 78.37
12470.00 78.36
12480.00 78.37
12490.00 78.38
12500.00 78.38
12510.00 78.39
12520.00 78.39
12530.00 78.40
12540.00 78.40
12550.00 78.41
12560.00 78.41
12570.00 78.42
12580.00 78.42
12590.00 78.43
12600.00 78.43
12610.00 78.44
12620.00 78.44
12630.00 78.44
12640.00 78.45
12650.00 78.45
12660.00 78.46
12670.00 78.47
12680.00 78.47
12690.00 78.47
12700.00 78.48
12710.00 78.49
12720.00 78.49
12730.00 78.49
12740.00 78.50
12750.00 78.50
12760.00 78.51
12770.00 78.51
12780.00 78.52
12790.00 78.52
12800.00 78.52
12810.00 78.53
12820.00 78.53
12830.00 78.54
12840.00 78.54
12850.00 78.55
12860.00 78.55
12870.00 78.56
12880.00 78.56
12890.00 78.57
12900.00 78.57
12910.00 78.58
12920.00 78.58
12930.00 78.58
12940.00 78.59
12950.00 78.59
12960.00 78.59
12970.00 78.60
12980.00 78.61
12990.00 78.61
13000.00 78.61
13010.00 78.62
13020.00 78.63
13030.00 78.62
13040.00 78.63
13050.00 78.64
13060.00 78.64
13070.00 78.64
13080.00 78.65
13090.00 78.65
13100.00 78.65
13110.00 78.66
13120.00 78.66
13130.00 78.67
13140.00 78.67
13150.00 78.67
13160.00 78.68
13170.00 78.69
13180.00 78.68
13190.00 78.69
13200.00 78.70
13210.00 78.70
13220.00 78.70
13230.00 78.71
13240.00 78.71
13250.00 78.71
13260.00 78.72
13270.00 78.72
13280.00 78.73
13290.00 78.73
13300.00 78.73
13310.00 78.74
13320.00 78.74
13330.00 78.74
13340.00 78.75
13350.00 78.75
13360.00 78.76
13370.00 78.76
13380.00 78.76
13390.00 78.77
13400.00 78.77
13410.00 78.77
13420.00 78.78
13430.00 78.78
13440.00 78.78
13450.00 78.79
13460.00 78.79
13470.00 78.80
13480.00 78.80
13490.00 78.80
13500.00 78.81
13510.00 78.81
13520.00 78.81
13530.00 78.81
13540.00 78.82
13550.00 78.82
13560.00 78.82
13570.00 78.83
13580.00 78.84
13590.00 78.83
13600.00 78.84
13610.00 78.84
13620.00 78.85
13630.00 78.84
13640.00 78.85
13650.00 78.86
13660.00 78.86
13670.00 78.86
13680.00 78.86
13690.00 78.87
13700.00 78.87
13710.00 78.87
13720.00 78.88
13730.00 78.88
13740.00 78.88
13750.00 78.88
13760.00 78.89
13770.00 78.90
13780.00 78.89
13790.00 78.90
13800.00 78.90
13810.00 78.91
13820.00 78.90
13830.00 78.91
13840.00 78.91
13850.00 78.91
13860.00 78.92
13870.00 78.92
13880.00 78.92
13890.00 78.92
13900.00 78.93
13910.00 78.93
13920.00 78.94
13930.00 78.94
13940.00 78.94
13950.00 78.95
13960.00 78.95
13970.00 78.95
13980.00 78.95
13990.00 78.96
14000.00 78.95
14010.00 78.96
14020.00 78.96
14030.00 78.97
14040.00 78.97
14050.00 78.97
14060.00 78.97
14070.00 78.98
14080.00 78.98
14090.00 78.98
14100.00 78.98
14110.00 78.99
14120.00 78.99
14130.00 78.99
14140.00 79.00
14150.00 78.99
14160.00 78.99
14170.00 79.00
14180.00 79.00
14190.00 79.00
14200.00 79.01
14210.00 79.01
14220.00 79.01
14230.00 79.01
14240.00 79.02
14250.00 79.02
14260.00 79.03
14270.00 79.02
14280.00 79.02
14290.00 79.03
14300.00 79.03
14310.00 79.03
14320.00 79.03
14330.00 79.04
14340.00 79.03
14350.00 79.04
14360.00 79.04
14370.00 79.05
14380.00 79.04
14390.00 79.05
14400.00 79.05
14410.00 79.05
14420.00 79.05
14430.00 79.06
14440.00 79.06
14450.00 79.06
14460.00 79.06
14470.00 79.06
14480.00 79.07
14490.00 79.07
14500.00 79.07
14510.00 79.07
14520.00 79.08
14530.00 79.07
14540.00 79.08
14550.00 79.08
14560.00 79.08
14570.00 79.08
14580.00 79.09
14590.00 79.09
14600.00 79.08
14610.00 79.09
14620.00 79.09
14630.00 79.09
14640.00 79.09
14650.00 79.10
14660.00 79.10
14670.00 79.10
14680.00 79.10
14690.00 79.10
14700.00 79.11
14710.00 79.11
14720.00 79.10
14730.00 79.11
14740.00 79.11
14750.00 79.11
14760.00 79.11
14770.00 79.12
14780.00 79.12
14790.00 79.12
14800.00 79.12
14810.00 79.12
14820.00 79.12
14830.00 79.12
14840.00 79.12
14850.00 79.13
14860.00 79.13
14870.00 79.13
14880.00 79.13
14890.00 79.13
14900.00 79.13
14910.00 79.13
14920.00 79.14
14930.00 79.14
14940.00 79.13
14950.00 79.14
14960.00 79.14
14970.00 79.14
14980.00 79.14
14990.00 79.14
15000.00 79.14
15010.00 79.15
15020.00 79.15
15030.00 79.15
15040.00 79.15
15050.00 79.15
15060.00 79.15
15070.00 79.15
15080.00 79.16
15090.00 79.15
15100.00 79.15
15110.00 79.16
15120.00 79.16
15130.00 79.15
15140.00 79.16
15150.00 79.16
15160.00 79.16
15170.00 79.16
15180.00 79.16
15190.00 79.16
15200.00 79.16
15210.00 79.16
15220.00 79.16
15230.00 79.17
15240.00 79.16
15250.00 79.16
15260.00 79.17
15270.00 79.17
15280.00 79.17
15290.00 79.17
15300.00 79.17
15310.00 79.17
15320.00 79.17
15330.00 79.17
15340.00 79.17
15350.00 79.17
15360.00 79.17
15370.00 79.17
15380.00 79.17
15390.00 79.17
15400.00 79.17
15410.00 79.17
15420.00 79.18
15430.00 79.17
15440.00 79.17
15450.00 79.18
15460.00 79.17
15470.00 79.17
15480.00 79.18
15490.00 79.18
15500.00 79.17
15510.00 79.18
15520.00 79.18
15530.00 79.18
15540.00 79.17
15550.00 79.18
15560.00 79.18
15570.00 79.18
15580.00 79.18
15590.00 79.18
15600.00 79.18
15610.00 79.18
15620.00 79.18
15630.00 79.18
15640.00 79.18
15650.00 79.18
15660.00 79.18
15670.00 79.18
15680.00 79.18
15690.00 79.18
15700.00 79.18
15710.00 79.18
15720.00 79.18
15730.00 79.18
15740.00 79.18
15750.00 79.18
15760.00 79.18
15770.00 79.18
15780.00 79.18
15790.00 79.18
15800.00 79.18
15810.00 79.18
15820.00 79.18
15830.00 79.18
15840.00 79.18
15850.00 79.18
15860.00 79.18
15870.00 79.18
15880.00 79.17
15890.00 79.18
15900.00 79.18
15910.00 79.17
15920.00 79.18
15930.00 79.18
15940.00 79.18
15950.00 79.18
15960.00 79.18
15970.00 79.17
15980.00 79.18
15990.00 79.17
16000.00 79.17
16010.00 79.18
16020.00 79.18
16030.00 79.17
16040.00 79.17
16050.00 79.17
16060.00 79.17
16070.00 79.17
16080.00 79.17
16090.00 79.17
16100.00 79.16
16110.00 79.17
16120.00 79.17
16130.00 79.17
16140.00 79.17
16150.00 79.16
16160.00 79.16
16170.00 79.17
16180.00 79.16
16190.00 79.16
16200.00 79.16
16210.00 79.16
16220.00 79.16
16230.00 79.16
16240.00 79.16
16250.00 79.15
16260.00 79.16
16270.00 79.16
16280.00 79.15
16290.00 79.15
16300.00 79.15
16310.00 79.15
16320.00 79.15
16330.00 79.15
16340.00 79.15
16350.00 79.15
16360.00 79.15
16370.00 79.14
16380.00 79.14
16390.00 79.15
16400.00 79.14
16410.00 79.14
16420.00 79.14
16430.00 79.14
16440.00 79.13
16450.00 79.14
16460.00 79.14
16470.00 79.13
16480.00 79.13
16490.00 79.13
16500.00 79.13
16510.00 79.13
16520.00 79.13
16530.00 79.12
16540.00 79.12
16550.00 79.12
16560.00 79.12
16570.00 79.12
16580.00 79.12
16590.00 79.12
16600.00 79.11
16610.00 79.12
16620.00 79.12
16630.00 79.11
16640.00 79.11
16650.00 79.11
16660.00 79.10
16670.00 79.11
16680.00 79.10
16690.00 79.10
16700.00 79.10
16710.00 79.10
16720.00 79.10
16730.00 79.10
16740.00 79.09
16750.00 79.09
16760.00 79.10
16770.00 79.09
16780.00 79.09
16790.00 79.08
16800.00 79.09
16810.00 79.08
16820.00 79.08
16830.00 79.08
16840.00 79.08
16850.00 79.07
16860.00 79.08
16870.00 79.07
16880.00 79.07
16890.00 79.07
16900.00 79.07
16910.00 79.06
16920.00 79.07
16930.00 79.06
16940.00 79.06
16950.00 79.06
16960.00 79.05
16970.00 79.05
16980.00 79.05
16990.00 79.05
17000.00 79.04
17010.00 79.05
17020.00 79.04
17030.00 79.04
17040.00 79.03
17050.00 79.04
17060.00 79.03
17070.00 79.03
17080.00 79.03
17090.00 79.03
17100.00 79.02
17110.00 79.02
17120.00 79.02
17130.00 79.02
17140.00 79.02
17150.00 79.01
17160.00 79.01
17170.00 79.01
17180.00 79.01
17190.00 79.00
17200.00 79.01
17210.00 79.00
17220.00 79.00
17230.00 79.00
17240.00 78.99
17250.00 78.99
17260.00 78.99
17270.00 78.99
17280.00 78.98
17290.00 78.98
17300.00 78.98
17310.00 78.97
17320.00 78.97
17330.00 78.97
17340.00 78.97
17350.00 78.96
17360.00 78.97
17370.00 78.96
17380.00 78.95
17390.00 78.96
17400.00 78.95
17410.00 78.95
17420.00 78.95
17430.00 78.94
17440.00 78.94
17450.00 78.94
17460.00 78.94
17470.00 78.93
17480.00 78.93
17490.00 78.93
17500.00 78.92
17510.00 78.93
17520.00 78.92
17530.00 78.91
17540.00 78.91
17550.00 78.91
17560.00 78.90
17570.00 78.90
17580.00 78.90
17590.00 78.90
17600.00 78.89
17610.00 78.89
17620.00 78.89
17630.00 78.88
17640.00 78.88
17650.00 78.88
17660.00 78.87
17670.00 78.88
17680.00 78.87
17690.00 78.87
17700.00 78.87
17710.00 78.86
17720.00 78.86
17730.00 78.86
17740.00 78.85
17750.00 78.85
17760.00 78.85
17770.00 78.84
17780.00 78.84
17790.00 78.83
17800.00 78.83
17810.00 78.83
17820.00 78.82
17830.00 78.82
17840.00 78.82
17850.00 78.81
17860.00 78.81
17870.00 78.81
17880.00 78.80
17890.00 78.81
17900.00 78.80
17910.00 78.79
17920.00 78.79
17930.00 78.79
17940.00 78.78
17950.00 78.78
17960.00 78.78
17970.00 78.77
17980.00 78.77
17990.00 78.77
18000.00 78.76
18010.00 78.76
18020.00 78.76
18030.00 78.75
18040.00 78.74
18050.00 78.74
18060.00 78.74
18070.00 78.73
18080.00 78.74
18090.00 78.73
18100.00 78.72
18110.00 78.72
18120.00 78.72
18130.00 78.71
18140.00 78.71
18150.00 78.71
18160.00 78.70
18170.00 78.70
18180.00 78.70
18190.00 78.69
18200.00 78.69
18210.00 78.68
18220.00 78.68
18230.00 78.68
18240.00 78.67
18250.00 78.67
18260.00 78.67
18270.00 78.66
18280.00 78.65
18290.00 78.65
18300.00 78.65
18310.00 78.64
18320.00 78.63
18330.00 78.64
18340.00 78.63
18350.00 78.62
18360.00 78.62
18370.00 78.62
18380.00 78.61
18390.00 78.61
18400.00 78.60
18410.00 78.60
18420.00 78.60
18430.00 78.59
18440.00 78.59
18450.00 78.59
18460.00 78.58
18470.00 78.57
18480.00 78.57
18490.00 78.57
18500.00 78.56
18510.00 78.56
18520.00 78.55
18530.00 78.55
18540.00 78.54
18550.00 78.54
18560.00 78.53
18570.00 78.53
18580.00 78.53
18590.00 78.52
18600.00 78.51
18610.00 78.51
18620.00 78.51
18630.00 78.50
18640.00 78.50
18650.00 78.49
18660.00 78.49
18670.00 78.49
18680.00 78.48
18690.00 78.47
18700.00 78.47
18710.00 78.47
18720.00 78.46
18730.00 78.46
18740.00 78.45
18750.00 78.45
18760.00 78.45
18770.00 78.44
18780.00 78.43
18790.00 78.42
18800.00 78.42
18810.00 78.42
18820.00 78.41
18830.00 78.41
18840.00 78.40
18850.00 78.39
18860.00 78.40
18870.00 78.39
18880.00 78.38
18890.00 78.38
18900.00 78.37
18910.00 78.36
18920.00 78.37
18930.00 78.36
18940.00 78.35
18950.00 78.35
18960.00 78.34
18970.00 78.34
18980.00 78.34
18990.00 78.33
19000.00 78.32
19010.00 78.32
19020.00 78.31
19030.00 78.30
19040.00 78.30
19050.00 78.30
19060.00 78.29
19070.00 78.28
19080.00 78.28
19090.00 78.27
19100.00 78.26
19110.00 78.27
19120.00 78.26
19130.00 78.25
19140.00 78.25
19150.00 78.24
19160.00 78.23
19170.00 78.23
19180.00 78.23
19190.00 78.22
19200.00 78.22
19210.00 78.21
19220.00 78.20
19230.00 78.20
19240.00 78.19
19250.00 78.18
19260.00 78.19
19270.00 78.18
19280.00 78.17
19290.00 78.16
19300.00 78.16
19310.00 78.15
19320.00 78.14
19330.00 78.14
19340.00 78.14
19350.00 78.13
19360.00 78.13
19370.00 78.12
19380.00 78.11
19390.00 78.11
19400.00 78.10
19410.00 78.09
19420.00 78.09
19430.00 78.08
19440.00 78.07
19450.00 78.08
19460.00 78.07
19470.00 78.06
19480.00 78.06
19490.00 78.05
19500.00 78.04
19510.00 78.04
19520.00 78.03
19530.00 78.02
19540.00 78.01
19550.00 78.01
19560.00 78.00
19570.00 78.00
19580.00 78.00
19590.00 77.99
19600.00 77.98
19610.00 77.98
19620.00 77.97
19630.00 77.96
19640.00 77.96
19650.00 77.95
19660.00 77.94
19670.00 77.94
19680.00 77.93
19690.00 77.92
19700.00 77.92
19710.00 77.91
19720.00 77.90
19730.00 77.91
19740.00 77.90
19750.00 77.89
19760.00 77.88
19770.00 77.88
19780.00 77.87
19790.00 77.86
19800.00 77.86
19810.00 77.85
19820.00 77.84
19830.00 77.84
19840.00 77.83
19850.00 77.82
19860.00 77.82
19870.00 77.81
19880.00 77.80
19890.00 77.80
19900.00 77.79
19910.00 77.78
19920.00 77.78
19930.00 77.77
19940.00 77.76
19950.00 77.76
19960.00 77.75
19970.00 77.74
19980.00 77.74
19990.00 77.73
20000.00 77.72
20010.00 77.71
20020.00 77.71
20030.00 77.70
20040.00 77.69
20050.00 77.69
20060.00 77.68
20070.00 77.67
20080.00 77.67
20090.00 77.66
20100.00 77.65
20110.00 77.65
20120.00 77.64
20130.00 77.63
20140.00 77.63
20150.00 77.62
20160.00 77.61
20170.00 77.61
20180.00 77.60
20190.00 77.59
20200.00 77.59
20210.00 77.58
20220.00 77.57
20230.00 77.57
20240.00 77.56
20250.00 77.55
20260.00 77.54
20270.00 77.54
20280.00 77.53
20290.00 77.52
20300.00 77.52
20310.00 77.51
20320.00 77.49
20330.00 77.49
20340.00 77.48
20350.00 77.47
20360.00 77.47
20370.00 77.46
20380.00 77.45
20390.00 77.45
20400.00 77.44
20410.00 77.43
20420.00 77.43
20430.00 77.42
20440.00 77.41
20450.00 77.41
20460.00 77.40
20470.00 77.39
20480.00 77.39
20490.00 77.37
20500.00 77.36
20510.00 77.35
20520.00 77.35
20530.00 77.34
20540.00 77.33
20550.00 77.33
20560.00 77.32
20570.00 77.31
20580.00 77.31
20590.00 77.30
20600.00 77.29
20610.00 77.29
20620.00 77.27
20630.00 77.26
20640.00 77.26
20650.00 77.25
20660.00 77.24
20670.00 77.24
20680.00 77.23
20690.00 77.22
20700.00 77.22
20710.00 77.21
20720.00 77.19
20730.00 77.19
20740.00 77.18
20750.00 77.17
20760.00 77.16
20770.00 77.16
20780.00 77.15
20790.00 77.14
20800.00 77.13
20810.00 77.12
20820.00 77.11
20830.00 77.11
20840.00 77.10
20850.00 77.09
20860.00 77.09
20870.00 77.08
20880.00 77.06
20890.00 77.06
20900.00 77.05
20910.00 77.04
20920.00 77.04
20930.00 77.03
20940.00 77.02
20950.00 77.02
20960.00 77.00
20970.00 76.99
20980.00 76.99
20990.00 76.98
21000.00 76.97
21010.00 76.95
21020.00 76.95
21030.00 76.94
21040.00 76.93
21050.00 76.93
21060.00 76.92
21070.00 76.90
21080.00 76.90
21090.00 76.89
21100.00 76.88
21110.00 76.88
21120.00 76.87
21130.00 76.86
21140.00 76.85
21150.00 76.84
21160.00 76.83
21170.00 76.83
21180.00 76.82
21190.00 76.80
21200.00 76.80
21210.00 76.79
21220.00 76.78
21230.00 76.78
21240.00 76.77
21250.00 76.75
21260.00 76.74
21270.00 76.74
21280.00 76.73
21290.00 76.71
21300.00 76.71
21310.00 76.70
21320.00 76.69
21330.00 76.69
21340.00 76.68
21350.00 76.66
21360.00 76.66
21370.00 76.65
21380.00 76.64
21390.00 76.64
21400.00 76.62
21410.00 76.61
21420.00 76.61
21430.00 76.60
21440.00 76.58
21450.00 76.58
21460.00 76.57
21470.00 76.56
21480.00 76.56
21490.00 76.54
21500.00 76.53
21510.00 76.52
21520.00 76.52
21530.00 76.50
21540.00 76.49
21550.00 76.49
21560.00 76.48
21570.00 76.46
21580.00 76.46
21590.00 76.45
21600.00 76.44
21610.00 76.44
21620.00 76.42
21630.00 76.41
21640.00 76.41
21650.00 76.39
21660.00 76.38
21670.00 76.38
21680.00 76.37
21690.00 76.35
21700.00 76.35
21710.00 76.34
21720.00 76.33
21730.00 76.32
21740.00 76.31
21750.00 76.30
21760.00 76.28
21770.00 76.28
21780.00 76.27
21790.00 76.26
21800.00 76.26
21810.00 76.24
21820.00 76.23
21830.00 76.23
21840.00 76.21
21850.00 76.20
21860.00 76.20
21870.00 76.18
21880.00 76.17
21890.00 76.17
21900.00 76.15
21910.00 76.14
21920.00 76.14
21930.00 76.13
21940.00 76.11
21950.00 76.11
21960.00 76.10
21970.00 76.08
21980.00 76.08
21990.00 76.07
22000.00 76.05
22010.00 76.04
22020.00 76.04
22030.00 76.03
22040.00 76.01
22050.00 76.01
22060.00 76.00
22070.00 75.98
22080.00 75.98
22090.00 75.97
22100.00 75.95
22110.00 75.95
22120.00 75.94
22130.00 75.92
22140.00 75.92
22150.00 75.91
22160.00 75.89
22170.00 75.89
22180.00 75.88
22190.00 75.86
22200.00 75.86
22210.00 75.85
22220.00 75.83
22230.00 75.83
22240.00 75.82
22250.00 75.80
22260.00 75.79
22270.00 75.79
22280.00 75.77
22290.00 75.76
22300.00 75.76
22310.00 75.74
22320.00 75.73
22330.00 75.73
22340.00 75.71
22350.00 75.70
22360.00 75.70
22370.00 75.68
22380.00 75.66
22390.00 75.66
22400.00 75.65
22410.00 75.63
22420.00 75.63
22430.00 75.62
22440.00 75.60
22450.00 75.60
22460.00 75.59
22470.00 75.57
22480.00 75.57
22490.00 75.55
22500.00 75.54
22510.00 75.53
22520.00 75.52
22530.00 75.51
22540.00 75.49
22550.00 75.49
22560.00 75.48
22570.00 75.46
22580.00 75.46
22590.00 75.45
22600.00 75.43
22610.00 75.43
22620.00 75.41
22630.00 75.40
22640.00 75.40
22650.00 75.38
22660.00 75.37
22670.00 75.36
22680.00 75.35
22690.00 75.33
22700.00 75.33
22710.00 75.32
22720.00 75.30
22730.00 75.30
22740.00 75.28
22750.00 75.27
22760.00 75.25
22770.00 75.25
22780.00 75.24
22790.00 75.22
22800.00 75.22
22810.00 75.20
22820.00 75.19
22830.00 75.18
22840.00 75.17
22850.00 75.15
22860.00 75.15
22870.00 75.14
22880.00 75.12
22890.00 75.12
22900.00 75.10
22910.00 75.09
22920.00 75.09
22930.00 75.07
22940.00 75.05
22950.00 75.05
22960.00 75.04
22970.00 75.02
22980.00 75.02
22990.00 75.00
23000.00 74.99
23010.00 74.97
23020.00 74.97
23030.00 74.95
23040.00 74.94
23050.00 74.93
23060.00 74.92
23070.00 74.90
23080.00 74.90
23090.00 74.88
23100.00 74.87
23110.00 74.87
23120.00 74.85
23130.00 74.83
23140.00 74.83
23150.00 74.82
23160.00 74.80
23170.00 74.80
23180.00 74.78
23190.00 74.76
23200.00 74.76
23210.00 74.74
23220.00 74.73
23230.00 74.73
23240.00 74.71
23250.00 74.69
23260.00 74.68
23270.00 74.68
23280.00 74.66
23290.00 74.64
23300.00 74.64
23310.00 74.62
23320.00 74.61
23330.00 74.61
23340.00 74.59
23350.00 74.57
23360.00 74.57
23370.00 74.55
23380.00 74.54
23390.00 74.53
23400.00 74.52
23410.00 74.50
23420.00 74.50
23430.00 74.48
23440.00 74.46
23450.00 74.46
23460.00 74.45
23470.00 74.43
23480.00 74.43
23490.00 74.41
23500.00 74.39
23510.00 74.37
23520.00 74.37
23530.00 74.36
23540.00 74.34
23550.00 74.34
23560.00 74.32
23570.00 74.30
23580.00 74.30
23590.00 74.28
23600.00 74.27
23610.00 74.26
23620.00 74.25
23630.00 74.23
23640.00 74.23
23650.00 74.21
23660.00 74.19
23670.00 74.19
23680.00 74.17
23690.00 74.16
23700.00 74.15
23710.00 74.14
23720.00 74.12
23730.00 74.11
23740.00 74.10
23750.00 74.08
23760.00 74.06
23770.00 74.06
23780.00 74.05
23790.00 74.03
23800.00 74.02
23810.00 74.00
23820.00 73.99
23830.00 73.99
23840.00 73.97
23850.00 73.95
23860.00 73.95
23870.00 73.93
23880.00 73.91
23890.00 73.91
23900.00 73.89
23910.00 73.87
23920.00 73.87
23930.00 73.86
23940.00 73.84
23950.00 73.83
23960.00 73.81
23970.00 73.80
23980.00 73.78
23990.00 73.78
24000.00 73.76
24010.00 73.74
24020.00 73.74
24030.00 73.72
24040.00 73.70
24050.00 73.70
24060.00 73.68
24070.00 73.66
24080.00 73.66
24090.00 73.64
24100.00 73.63
24110.00 73.62
24120.00 73.61
24130.00 73.59
24140.00 73.58
24150.00 73.56
24160.00 73.55
24170.00 73.54
24180.00 73.53
24190.00 73.51
24200.00 73.51
24210.00 73.49
24220.00 73.47
24230.00 73.45
24240.00 73.45
24250.00 73.43
24260.00 73.41
24270.00 73.41
24280.00 73.39
24290.00 73.37
24300.00 73.37
24310.00 73.35
24320.00 73.33
24330.00 73.33
24340.00 73.31
24350.00 73.29
24360.00 73.29
24370.00 73.27
24380.00 73.25
24390.00 73.25
24400.00 73.23
24410.00 73.21
24420.00 73.21
24430.00 73.19
24440.00 73.17
24450.00 73.16
24460.00 73.15
24470.00 73.13
24480.00 73.11
24490.00 73.10
24500.00 73.09
24510.00 73.07
24520.00 73.06
24530.00 73.05
24540.00 73.03
24550.00 73.02
24560.00 73.00
24570.00 72.99
24580.00 72.98
24590.00 72.96
24600.00 72.94
24610.00 72.94
24620.00 72.92
24630.00 72.90
24640.00 72.90
24650.00 72.88
24660.00 72.86
24670.00 72.86
24680.00 72.84
24690.00 72.82
24700.00 72.82
24710.00 72.80
24720.00 72.78
24730.00 72.76
24740.00 72.76
24750.00 72.74
24760.00 72.72
24770.00 72.71
24780.00 72.69
24790.00 72.67
24800.00 72.67
24810.00 72.65
24820.00 72.63
24830.00 72.63
24840.00 72.61
24850.00 72.59
24860.00 72.59
24870.00 72.57
24880.00 72.55
24890.00 72.54
24900.00 72.52
24910.00 72.51
24920.00 72.50
24930.00 72.48
24940.00 72.47
24950.00 72.46
24960.00 72.44
24970.00 72.42
24980.00 72.40
24990.00 72.40
25000.00 72.38
25010.00 72.36
25020.00 72.36
25030.00 72.33
25040.00 72.31
25050.00 72.31
25060.00 72.29
25070.00 72.27
25080.00 72.27
25090.00 72.25
25100.00 72.23
25110.00 72.22
25120.00 72.20
25130.00 72.19
25140.00 72.18
25150.00 72.16
25160.00 72.14
25170.00 72.14
25180.00 72.12
25190.00 72.09
25200.00 72.09
25210.00 72.07
25220.00 72.05
25230.00 72.03
25240.00 72.03
25250.00 72.01
25260.00 71.99
25270.00 71.98
25280.00 71.96
25290.00 71.94
25300.00 71.94
25310.00 71.92
25320.00 71.90
25330.00 71.89
25340.00 71.87
25350.00 71.85
25360.00 71.85
25370.00 71.83
25380.00 71.81
25390.00 71.81
25400.00 71.78
25410.00 71.76
25420.00 71.76
25430.00 71.74
25440.00 71.72
25450.00 71.71
25460.00 71.69
25470.00 71.67
25480.00 71.65
25490.00 71.65
25500.00 71.62
25510.00 71.61
25520.00 71.60
25530.00 71.58
25540.00 71.56
25550.00 71.56
25560.00 71.54
25570.00 71.51
25580.00 71.51
25590.00 71.49
25600.00 71.47
25610.00 71.46
25620.00 71.45
25630.00 71.42
25640.00 71.42
25650.00 71.39
25660.00 71.38
25670.00 71.37
25680.00 71.35
25690.00 71.33
25700.00 71.33
25710.00 71.30
25720.00 71.28
25730.00 71.27
25740.00 71.26
25750.00 71.24
25760.00 71.21
25770.00 71.21
25780.00 71.19
25790.00 71.17
25800.00 71.16
25810.00 71.15
25820.00 71.12
25830.00 71.12
25840.00 71.10
25850.00 71.08
25860.00 71.07
25870.00 71.05
25880.00 71.03
25890.00 71.02
25900.00 71.00
25910.00 70.98
25920.00 70.98
25930.00 70.95
25940.00 70.93
25950.00 70.93
25960.00 70.91
25970.00 70.89
25980.00 70.86
25990.00 70.86
26000.00 70.84
26010.00 70.82
26020.00 70.81
26030.00 70.79
26040.00 70.77
26050.00 70.76
26060.00 70.74
26070.00 70.72
26080.00 70.72
26090.00 70.69
26100.00 70.67
26110.00 70.67
26120.00 70.64
26130.00 70.62
26140.00 70.62
26150.00 70.60
26160.00 70.57
26170.00 70.57
26180.00 70.55
26190.00 70.53
26200.00 70.52
26210.00 70.50
26220.00 70.48
26230.00 70.46
26240.00 70.45
26250.00 70.42
26260.00 70.41
26270.00 70.40
26280.00 70.38
26290.00 70.36
26300.00 70.35
26310.00 70.33
26320.00 70.31
26330.00 70.31
26340.00 70.28
26350.00 70.26
26360.00 70.25
26370.00 70.23
26380.00 70.21
26390.00 70.20
26400.00 70.18
26410.00 70.16
26420.00 70.15
26430.00 70.13
26440.00 70.11
26450.00 70.11
26460.00 70.08
26470.00 70.06
26480.00 70.04
26490.00 70.03
26500.00 70.01
26510.00 69.98
26520.00 69.98
26530.00 69.96
26540.00 69.93
26550.00 69.93
26560.00 69.91
26570.00 69.89
26580.00 69.88
26590.00 69.86
26600.00 69.84
26610.00 69.83
26620.00 69.80
26630.00 69.79
26640.00 69.78
26650.00 69.76
26660.00 69.73
26670.00 69.73
26680.00 69.71
26690.00 69.68
26700.00 69.67
26710.00 69.66
26720.00 69.63
26730.00 69.61
26740.00 69.61
26750.00 69.58
26760.00 69.56
26770.00 69.55
26780.00 69.53
26790.00 69.51
26800.00 69.50
26810.00 69.47
26820.00 69.46
26830.00 69.45
26840.00 69.42
26850.00 69.40
26860.00 69.40
26870.00 69.37
26880.00 69.35
26890.00 69.35
26900.00 69.32
26910.00 69.30
26920.00 69.29
26930.00 69.27
26940.00 69.25
26950.00 69.24
26960.00 69.21
26970.00 69.20
26980.00 69.17
26990.00 69.16
27000.00 69.14
27010.00 69.12
27020.00 69.11
27030.00 69.09
27040.00 69.07
27050.00 69.06
27060.00 69.03
27070.00 69.01
27080.00 69.01
27090.00 68.98
27100.00 68.96
27110.00 68.95
27120.00 68.93
27130.00 68.91
27140.00 68.90
27150.00 68.87
27160.00 68.85
27170.00 68.85
27180.00 68.82
27190.00 68.80
27200.00 68.80
27210.00 68.77
27220.00 68.74
27230.00 68.72
27240.00 68.72
27250.00 68.69
27260.00 68.66
27270.00 68.66
27280.00 68.64
27290.00 68.61
27300.00 68.60
27310.00 68.59
27320.00 68.56
27330.00 68.55
27340.00 68.53
27350.00 68.51
27360.00 68.50
27370.00 68.47
27380.00 68.46
27390.00 68.45
27400.00 68.42
27410.00 68.39
27420.00 68.39
27430.00 68.37
27440.00 68.34
27450.00 68.33
27460.00 68.31
27470.00 68.29
27480.00 68.26
27490.00 68.26
27500.00 68.24
27510.00 68.21
27520.00 68.20
27530.00 68.18
27540.00 68.16
27550.00 68.15
27560.00 68.12
27570.00 68.10
27580.00 68.09
27590.00 68.07
27600.00 68.04
27610.00 68.04
27620.00 68.01
27630.00 67.99
27640.00 67.99
27650.00 67.96
27660.00 67.93
27670.00 67.92
27680.00 67.91
27690.00 67.88
27700.00 67.87
27710.00 67.84
27720.00 67.82
27730.00 67.80
27740.00 67.79
27750.00 67.76
27760.00 67.74
27770.00 67.73
27780.00 67.71
27790.00 67.69
27800.00 67.68
27810.00 67.65
27820.00 67.62
27830.00 67.62
27840.00 67.60
27850.00 67.57
27860.00 67.56
27870.00 67.54
27880.00 67.52
27890.00 67.51
27900.00 67.48
27910.00 67.46
27920.00 67.45
27930.00 67.42
27940.00 67.41
27950.00 67.40
27960.00 67.37
27970.00 67.34
27980.00 67.32
27990.00 67.31
28000.00 67.29
28010.00 67.26
28020.00 67.26
28030.00 67.23
28040.00 67.20
28050.00 67.19
28060.00 67.17
28070.00 67.15
28080.00 67.14
28090.00 67.12
28100.00 67.09
28110.00 67.08
28120.00 67.05
28130.00 67.03
28140.00 67.03
28150.00 67.00
28160.00 66.97
28170.00 66.97
28180.00 66.94
28190.00 66.91
28200.00 66.89
28210.00 66.89
28220.00 66.86
28230.00 66.83
28240.00 66.83
28250.00 66.80
28260.00 66.77
28270.00 66.76
28280.00 66.74
28290.00 66.72
28300.00 66.71
28310.00 66.68
28320.00 66.66
28330.00 66.65
28340.00 66.62
28350.00 66.60
28360.00 66.59
28370.00 66.56
28380.00 66.54
28390.00 66.54
28400.00 66.51
28410.00 66.48
28420.00 66.47
28430.00 66.45
28440.00 66.42
28450.00 66.39
28460.00 66.38
28470.00 66.36
28480.00 66.33
28490.00 66.33
28500.00 66.31
28510.00 66.28
28520.00 66.27
28530.00 66.24
28540.00 66.22
28550.00 66.21
28560.00 66.18
28570.00 66.15
28580.00 66.15
28590.00 66.12
28600.00 66.09
28610.00 66.08
28620.00 66.07
28630.00 66.04
28640.00 66.03
28650.00 66.01
28660.00 65.98
28670.00 65.97
28680.00 65.94
28690.00 65.92
28700.00 65.89
28710.00 65.88
28720.00 65.85
28730.00 65.83
28740.00 65.82
28750.00 65.79
28760.00 65.76
28770.00 65.76
28780.00 65.73
28790.00 65.70
28800.00 65.70
28810.00 65.67
28820.00 65.64
28830.00 65.64
28840.00 65.62
28850.00 65.59
28860.00 65.58
28870.00 65.55
28880.00 65.53
28890.00 65.52
28900.00 65.49
28910.00 65.46
28920.00 65.46
28930.00 65.43
28940.00 65.40
28950.00 65.38
28960.00 65.37
28970.00 65.34
28980.00 65.31
28990.00 65.31
29000.00 65.28
29010.00 65.25
29020.00 65.24
29030.00 65.22
29040.00 65.19
29050.00 65.18
29060.00 65.15
29070.00 65.13
29080.00 65.12
29090.00 65.09
29100.00 65.07
29110.00 65.06
29120.00 65.03
29130.00 65.00
29140.00 65.00
29150.00 64.97
29160.00 64.94
29170.00 64.93
29180.00 64.91
29190.00 64.88
29200.00 64.85
29210.00 64.84
29220.00 64.82
29230.00 64.78
29240.00 64.77
29250.00 64.75
29260.00 64.72
29270.00 64.71
29280.00 64.68
29290.00 64.66
29300.00 64.65
29310.00 64.62
29320.00 64.59
29330.00 64.59
29340.00 64.56
29350.00 64.53
29360.00 64.52
29370.00 64.50
29380.00 64.47
29390.00 64.46
29400.00 64.44
29410.00 64.41
29420.00 64.40
29430.00 64.37
29440.00 64.34
29450.00 64.31
29460.00 64.30
29470.00 64.27
29480.00 64.25
29490.00 64.24
29500.00 64.21
29510.00 64.18
29520.00 64.18
29530.00 64.15
29540.00 64.12
29550.00 64.12
29560.00 64.09
29570.00 64.05
29580.00 64.04
29590.00 64.02
29600.00 63.99
29610.00 63.98
29620.00 63.95
29630.00 63.93
29640.00 63.92
29650.00 63.89
29660.00 63.86
29670.00 63.86
29680.00 63.82
29690.00 63.79
29700.00 63.77
29710.00 63.76
29720.00 63.73
29730.00 63.70
29740.00 63.70
29750.00 63.67
29760.00 63.64
29770.00 63.62
29780.00 63.60
29790.00 63.57
29800.00 63.56
29810.00 63.53
29820.00 63.51
29830.00 63.50
29840.00 63.47
29850.00 63.45
29860.00 63.43
29870.00 63.40
29880.00 63.37
29890.00 63.37
29900.00 63.34
29910.00 63.31
29920.00 63.30
29930.00 63.27
29940.00 63.24
29950.00 63.21
29960.00 63.20
29970.00 63.18
29980.00 63.15
29990.00 63.14
30000.00 63.11
30010.00 63.08
30020.00 63.07
30030.00 63.04
30040.00 63.02
30050.00 63.01
30060.00 62.97
30070.00 62.94
30080.00 62.94
30090.00 62.91
30100.00 62.88
30110.00 62.87
30120.00 62.84
30130.00 62.81
30140.00 62.80
30150.00 62.78
30160.00 62.75
30170.00 62.74
30180.00 62.70
30190.00 62.68
30200.00 62.65
30210.00 62.64
30220.00 62.61
30230.00 62.58
30240.00 62.57
30250.00 62.54
30260.00 62.51
30270.00 62.51
30280.00 62.47
30290.00 62.44
30300.00 62.44
30310.00 62.41
30320.00 62.38
30330.00 62.37
30340.00 62.34
30350.00 62.31
30360.00 62.30
30370.00 62.27
30380.00 62.24
30390.00 62.23
30400.00 62.20
30410.00 62.17
30420.00 62.17
30430.00 62.13
30440.00 62.10
30450.00 62.08
30460.00 62.07
30470.00 62.03
30480.00 62.00
30490.00 62.00
30500.00 61.97
30510.00 61.93
30520.00 61.92
30530.00 61.90
30540.00 61.87
30550.00 61.86
30560.00 61.82
30570.00 61.80
30580.00 61.79
30590.00 61.76
30600.00 61.73
30610.00 61.72
30620.00 61.69
30630.00 61.66
30640.00 61.66
30650.00 61.62
30660.00 61.59
30670.00 61.58
30680.00 61.55
30690.00 61.52
30700.00 61.49
30710.00 61.48
30720.00 61.45
30730.00 61.42
30740.00 61.41
30750.00 61.39
30760.00 61.35
30770.00 61.34
30780.00 61.31
30790.00 61.28
30800.00 61.27
30810.00 61.24
30820.00 61.20
30830.00 61.20
30840.00 61.17
30850.00 61.14
30860.00 61.12
30870.00 61.10
30880.00 61.07
30890.00 61.06
30900.00 61.03
30910.00 61.00
30920.00 60.99
30930.00 60.95
30940.00 60.93
30950.00 60.90
30960.00 60.89
30970.00 60.85
30980.00 60.83
30990.00 60.82
31000.00 60.78
31010.00 60.75
31020.00 60.75
31030.00 60.71
31040.00 60.68
31050.00 60.68
31060.00 60.64
31070.00 60.61
31080.00 60.60
31090.00 60.58
31100.00 60.54
31110.00 60.53
31120.00 60.49
31130.00 60.47
31140.00 60.46
31150.00 60.42
31160.00 60.39
31170.00 60.39
31180.00 60.35
31190.00 60.32
31200.00 60.30
31210.00 60.29
31220.00 60.25
31230.00 60.22
31240.00 60.22
31250.00 60.18
31260.00 60.15
31270.00 60.13
31280.00 60.11
31290.00 60.08
31300.00 60.06
31310.00 60.03
31320.00 60.01
31330.00 59.99
31340.00 59.96
31350.00 59.94
31360.00 59.92
31370.00 59.89
31380.00 59.85
31390.00 59.85
31400.00 59.82
31410.00 59.78
31420.00 59.77
31430.00 59.75
31440.00 59.71
31450.00 59.68
31460.00 59.68
31470.00 59.64
31480.00 59.60
31490.00 59.59
31500.00 59.57
31510.00 59.53
31520.00 59.52
31530.00 59.49
31540.00 59.46
31550.00 59.45
31560.00 59.41
31570.00 59.38
31580.00 59.38
31590.00 59.34
31600.00 59.31
31610.00 59.31
31620.00 59.27
31630.00 59.24
31640.00 59.22
31650.00 59.20
31660.00 59.16
31670.00 59.15
31680.00 59.12
31690.00 59.09
31700.00 59.06
31710.00 59.04
31720.00 59.01
31730.00 58.98
31740.00 58.97
31750.00 58.94
31760.00 58.91
31770.00 58.90
31780.00 58.86
31790.00 58.83
31800.00 58.83
31810.00 58.79
31820.00 58.75
31830.00 58.74
31840.00 58.72
31850.00 58.68
31860.00 58.67
31870.00 58.63
31880.00 58.61
31890.00 58.60
31900.00 58.56
31910.00 58.54
31920.00 58.52
31930.00 58.49
31940.00 58.45
31950.00 58.43
31960.00 58.41
31970.00 58.38
31980.00 58.34
31990.00 58.34
32000.00 58.30
32010.00 58.27
32020.00 58.25
32030.00 58.23
32040.00 58.19
32050.00 58.18
32060.00 58.16
32070.00 58.12
32080.00 58.11
32090.00 58.07
32100.00 58.05
32110.00 58.03
32120.00 58.00
32130.00 57.96
32140.00 57.96
32150.00 57.92
32160.00 57.89
32170.00 57.87
32180.00 57.85
32190.00 57.81
32200.00 57.78
32210.00 57.78
32220.00 57.74
32230.00 57.70
32240.00 57.69
32250.00 57.66
32260.00 57.63
32270.00 57.61
32280.00 57.58
32290.00 57.55
32300.00 57.54
32310.00 57.50
32320.00 57.46
32330.00 57.46
32340.00 57.43
32350.00 57.39
32360.00 57.39
32370.00 57.35
32380.00 57.31
32390.00 57.30
32400.00 57.28
32410.00 57.24
32420.00 57.23
32430.00 57.19
32440.00 57.16
32450.00 57.13
32460.00 57.11
32470.00 57.08
32480.00 57.05
32490.00 57.04
32500.00 57.00
32510.00 56.98
32520.00 56.96
32530.00 56.92
32540.00 56.89
32550.00 56.89
32560.00 56.85
32570.00 56.81
32580.00 56.80
32590.00 56.77
32600.00 56.74
32610.00 56.72
32620.00 56.68
32630.00 56.66
32640.00 56.65
32650.00 56.61
32660.00 56.58
32670.00 56.55
32680.00 56.53
32690.00 56.49
32700.00 56.47
32710.00 56.46
32720.00 56.42
32730.00 56.38
32740.00 56.38
32750.00 56.34
32760.00 56.30
32770.00 56.29
32780.00 56.26
32790.00 56.23
32800.00 56.21
32810.00 56.19
32820.00 56.15
32830.00 56.13
32840.00 56.10
32850.00 56.07
32860.00 56.06
32870.00 56.02
32880.00 55.98
32890.00 55.98
32900.00 55.94
32910.00 55.90
32920.00 55.86
32930.00 55.86
32940.00 55.83
32950.00 55.79
32960.00 55.79
32970.00 55.75
32980.00 55.71
32990.00 55.70
33000.00 55.67
33010.00 55.63
33020.00 55.62
33030.00 55.58
33040.00 55.55
33050.00 55.54
33060.00 55.50
33070.00 55.46
33080.00 55.46
33090.00 55.42
33100.00 55.38
33110.00 55.38
33120.00 55.34
33130.00 55.31
33140.00 55.29
33150.00 55.27
33160.00 55.23
33170.00 55.19
33180.00 55.17
33190.00 55.15
33200.00 55.11
33210.00 55.10
33220.00 55.06
33230.00 55.03
33240.00 55.02
33250.00 54.98
33260.00 54.95
33270.00 54.94
33280.00 54.90
33290.00 54.86
33300.00 54.86
33310.00 54.82
33320.00 54.78
33330.00 54.76
33340.00 54.74
33350.00 54.70
33360.00 54.69
33370.00 54.65
33380.00 54.62
33390.00 54.61
33400.00 54.57
33410.00 54.54
33420.00 54.50
33430.00 54.49
33440.00 54.45
33450.00 54.42
33460.00 54.41
33470.00 54.37
33480.00 54.33
33490.00 54.33
33500.00 54.29
33510.00 54.25
33520.00 54.23
33530.00 54.21
33540.00 54.17
33550.00 54.15
33560.00 54.13
33570.00 54.09
33580.00 54.07
33590.00 54.03
33600.00 54.01
33610.00 53.99
33620.00 53.95
33630.00 53.91
33640.00 53.91
33650.00 53.87
33660.00 53.83
33670.00 53.79
33680.00 53.79
33690.00 53.75
33700.00 53.71
33710.00 53.71
33720.00 53.67
33730.00 53.63
33740.00 53.61
33750.00 53.59
33760.00 53.55
33770.00 53.53
33780.00 53.49
33790.00 53.47
33800.00 53.45
33810.00 53.41
33820.00 53.37
33830.00 53.37
33840.00 53.33
33850.00 53.29
33860.00 53.29
33870.00 53.25
33880.00 53.21
33890.00 53.19
33900.00 53.17
33910.00 53.13
33920.00 53.09
33930.00 53.07
33940.00 53.04
33950.00 53.00
33960.00 52.99
33970.00 52.95
33980.00 52.92
33990.00 52.91
34000.00 52.87
34010.00 52.84
34020.00 52.82
34030.00 52.78
34040.00 52.74
34050.00 52.74
34060.00 52.70
34070.00 52.66
34080.00 52.64
34090.00 52.62
34100.00 52.58
34110.00 52.56
34120.00 52.52
34130.00 52.49
34140.00 52.48
34150.00 52.44
34160.00 52.41
34170.00 52.37
34180.00 52.35
34190.00 52.31
34200.00 52.29
34210.00 52.27
34220.00 52.23
34230.00 52.19
34240.00 52.19
34250.00 52.15
34260.00 52.11
34270.00 52.09
34280.00 52.06
34290.00 52.02
34300.00 52.01
34310.00 51.98
34320.00 51.94
34330.00 51.92
34340.00 51.88
34350.00 51.86
34360.00 51.84
34370.00 51.80
34380.00 51.76
34390.00 51.76
34400.00 51.71
34410.00 51.67
34420.00 51.63
34430.00 51.63
34440.00 51.59
34450.00 51.55
34460.00 51.55
34470.00 51.50
34480.00 51.46
34490.00 51.45
34500.00 51.42
34510.00 51.38
34520.00 51.36
34530.00 51.32
34540.00 51.29
34550.00 51.28
34560.00 51.23
34570.00 51.21
34580.00 51.19
34590.00 51.15
34600.00 51.11
34610.00 51.11
34620.00 51.06
34630.00 51.02
34640.00 51.01
34650.00 50.98
34660.00 50.94
34670.00 50.89
34680.00 50.88
34690.00 50.85
34700.00 50.81
34710.00 50.79
34720.00 50.77
34730.00 50.72
34740.00 50.71
34750.00 50.67
34760.00 50.64
34770.00 50.62
34780.00 50.58
34790.00 50.54
34800.00 50.54
34810.00 50.49
34820.00 50.45
34830.00 50.43
34840.00 50.41
34850.00 50.37
34860.00 50.35
34870.00 50.32
34880.00 50.28
34890.00 50.26
34900.00 50.22
34910.00 50.19
34920.00 50.15
34930.00 50.13
34940.00 50.09
34950.00 50.06
34960.00 50.05
34970.00 50.00
34980.00 49.96
34990.00 49.96
35000.00 49.92
35010.00 49.87
35020.00 49.87
35030.00 49.83
35040.00 49.79
35050.00 49.77
35060.00 49.74
35070.00 49.70
35080.00 49.68
35090.00 49.64
35100.00 49.61
35110.00 49.60
35120.00 49.55
35130.00 49.51
35140.00 49.51
35150.00 49.47
35160.00 49.42
35170.00 49.40
35180.00 49.38
35190.00 49.34
35200.00 49.29
35210.00 49.29
35220.00 49.25
35230.00 49.20
35240.00 49.19
35250.00 49.16
35260.00 49.12
35270.00 49.10
35280.00 49.06
35290.00 49.03
35300.00 49.01
35310.00 48.97
35320.00 48.94
35330.00 48.92
35340.00 48.88
35350.00 48.84
35360.00 48.84
35370.00 48.79
35380.00 48.75
35390.00 48.73
35400.00 48.70
35410.00 48.66
35420.00 48.62
35430.00 48.60
35440.00 48.57
35450.00 48.53
35460.00 48.51
35470.00 48.48
35480.00 48.44
35490.00 48.42
35500.00 48.38
35510.00 48.35
35520.00 48.33
35530.00 48.29
35540.00 48.24
35550.00 48.24
35560.00 48.20
35570.00 48.15
35580.00 48.14
35590.00 48.11
35600.00 48.07
35610.00 48.05
35620.00 48.02
35630.00 47.98
35640.00 47.96
35650.00 47.91
35660.00 47.89
35670.00 47.84
35680.00 47.82
35690.00 47.78
35700.00 47.75
35710.00 47.74
35720.00 47.69
35730.00 47.65
35740.00 47.65
35750.00 47.60
35760.00 47.56
35770.00 47.56
35780.00 47.51
35790.00 47.47
35800.00 47.45
35810.00 47.42
35820.00 47.38
35830.00 47.36
35840.00 47.31
35850.00 47.29
35860.00 47.27
35870.00 47.22
35880.00 47.18
35890.00 47.18
35900.00 47.13
35910.00 47.09
35920.00 47.06
35930.00 47.04
35940.00 47.00
35950.00 46.95
35960.00 46.95
35970.00 46.91
35980.00 46.86
35990.00 46.84
36000.00 46.81
36010.00 46.77
36020.00 46.75
36030.00 46.71
36040.00 46.68
36050.00 46.66
36060.00 46.61
36070.00 46.59
36080.00 46.57
36090.00 46.52
36100.00 46.48
36110.00 46.48
36120.00 46.43
36130.00 46.39
36140.00 46.37
36150.00 46.34
36160.00 46.29
36170.00 46.25
36180.00 46.23
36190.00 46.20
36200.00 46.16
36210.00 46.14
36220.00 46.11
36230.00 46.06
36240.00 46.05
36250.00 46.00
36260.00 45.97
36270.00 45.95
36280.00 45.91
36290.00 45.86
36300.00 45.86
36310.00 45.82
36320.00 45.77
36330.00 45.75
36340.00 45.72
36350.00 45.68
36360.00 45.66
36370.00 45.63
36380.00 45.59
36390.00 45.57
36400.00 45.52
36410.00 45.49
36420.00 45.45
36430.00 45.43
36440.00 45.38
36450.00 45.35
36460.00 45.33
36470.00 45.29
36480.00 45.24
36490.00 45.24
36500.00 45.20
36510.00 45.15
36520.00 45.15
36530.00 45.10
36540.00 45.06
36550.00 45.04
36560.00 45.01
36570.00 44.96
36580.00 44.94
36590.00 44.90
36600.00 44.87
36610.00 44.85
36620.00 44.80
36630.00 44.76
36640.00 44.76
36650.00 44.71
36660.00 44.66
36670.00 44.63
36680.00 44.62
36690.00 44.57
36700.00 44.52
36710.00 44.52
36720.00 44.47
36730.00 44.43
36740.00 44.41
36750.00 44.38
36760.00 44.33
36770.00 44.31
36780.00 44.27
36790.00 44.24
36800.00 44.22
36810.00 44.17
36820.00 44.14
36830.00 44.12
36840.00 44.08
36850.00 44.03
36860.00 44.03
36870.00 43.98
36880.00 43.94
36890.00 43.89
36900.00 43.89
36910.00 43.84
36920.00 43.79
36930.00 43.77
36940.00 43.75
36950.00 43.70
36960.00 43.68
36970.00 43.65
36980.00 43.60
36990.00 43.58
37000.00 43.54
37010.00 43.51
37020.00 43.49
37030.00 43.44
37040.00 43.39
37050.00 43.39
37060.00 43.34
37070.00 43.30
37080.00 43.28
37090.00 43.25
37100.00 43.20
37110.00 43.18
37120.00 43.15
37130.00 43.11
37140.00 43.06
37150.00 43.04
37160.00 43.01
37170.00 42.96
37180.00 42.94
37190.00 42.89
37200.00 42.86
37210.00 42.85
37220.00 42.80
37230.00 42.75
37240.00 42.75
37250.00 42.70
37260.00 42.65
37270.00 42.65
37280.00 42.60
37290.00 42.56
37300.00 42.54
37310.00 42.51
37320.00 42.46
37330.00 42.44
37340.00 42.39
37350.00 42.36
37360.00 42.34
37370.00 42.29
37380.00 42.25
37390.00 42.22
37400.00 42.20
37410.00 42.15
37420.00 42.12
37430.00 42.10
37440.00 42.05
37450.00 42.00
37460.00 42.00
37470.00 41.95
37480.00 41.91
37490.00 41.89
37500.00 41.86
37510.00 41.81
37520.00 41.79
37530.00 41.74
37540.00 41.71
37550.00 41.69
37560.00 41.64
37570.00 41.61
37580.00 41.59
37590.00 41.54
37600.00 41.49
37610.00 41.49
37620.00 41.45
37630.00 41.40
37640.00 41.35
37650.00 41.35
37660.00 41.30
37670.00 41.25
37680.00 41.23
37690.00 41.20
37700.00 41.15
37710.00 41.13
37720.00 41.10
37730.00 41.05
37740.00 41.03
37750.00 40.98
37760.00 40.95
37770.00 40.93
37780.00 40.88
37790.00 40.83
37800.00 40.83
37810.00 40.78
37820.00 40.74
37830.00 40.74
37840.00 40.69
37850.00 40.64
37860.00 40.62
37870.00 40.59
37880.00 40.54
37890.00 40.49
37900.00 40.47
37910.00 40.44
37920.00 40.39
37930.00 40.37
37940.00 40.32
37950.00 40.29
37960.00 40.27
37970.00 40.22
37980.00 40.19
37990.00 40.17
38000.00 40.12
38010.00 40.07
38020.00 40.07
38030.00 40.02
38040.00 39.97
38050.00 39.95
38060.00 39.92
38070.00 39.87
38080.00 39.85
38090.00 39.80
38100.00 39.77
38110.00 39.75
38120.00 39.70
38130.00 39.67
38140.00 39.62
38150.00 39.60
38160.00 39.55
38170.00 39.52
38180.00 39.50
38190.00 39.45
38200.00 39.40
38210.00 39.40
38220.00 39.35
38230.00 39.30
38240.00 39.28
38250.00 39.25
38260.00 39.19
38270.00 39.17
38280.00 39.14
38290.00 39.09
38300.00 39.07
38310.00 39.02
38320.00 38.99
38330.00 38.97
38340.00 38.92
38350.00 38.87
38360.00 38.87
38370.00 38.82
38380.00 38.77
38390.00 38.72
38400.00 38.72
38410.00 38.67
38420.00 38.62
38430.00 38.62
38440.00 38.57
38450.00 38.51
38460.00 38.49
38470.00 38.46
38480.00 38.41
38490.00 38.39
38500.00 38.34
38510.00 38.31
38520.00 38.29
38530.00 38.24
38540.00 38.19
38550.00 38.19
38560.00 38.14
38570.00 38.09
38580.00 38.09
38590.00 38.03
38600.00 37.98
38610.00 37.96
38620.00 37.93
38630.00 37.88
38640.00 37.83
38650.00 37.81
38660.00 37.78
38670.00 37.73
38680.00 37.71
38690.00 37.65
38700.00 37.62
38710.00 37.60
38720.00 37.55
38730.00 37.52
38740.00 37.50
38750.00 37.45
38760.00 37.40
38770.00 37.40
38780.00 37.34
38790.00 37.29
38800.00 37.27
38810.00 37.24
38820.00 37.19
38830.00 37.17
38840.00 37.12
38850.00 37.09
38860.00 37.07
38870.00 37.01
38880.00 36.98
38890.00 36.93
38900.00 36.91
38910.00 36.86
38920.00 36.83
38930.00 36.81
38940.00 36.75
38950.00 36.70
38960.00 36.70
38970.00 36.65
38980.00 36.60
38990.00 36.58
39000.00 36.55
39010.00 36.49
39020.00 36.47
39030.00 36.44
39040.00 36.39
39050.00 36.37
39060.00 36.32
39070.00 36.28
39080.00 36.26
39090.00 36.21
39100.00 36.16
39110.00 36.16
39120.00 36.11
39130.00 36.05
39140.00 36.00
39150.00 36.00
39160.00 35.95
39170.00 35.90
39180.00 35.90
39190.00 35.84
39200.00 35.79
39210.00 35.77
39220.00 35.74
39230.00 35.69
39240.00 35.66
39250.00 35.61
39260.00 35.58
39270.00 35.56
39280.00 35.51
39290.00 35.45
39300.00 35.45
39310.00 35.40
39320.00 35.35
39330.00 35.35
39340.00 35.29
39350.00 35.24
39360.00 35.22
39370.00 35.19
39380.00 35.14
39390.00 35.08
39400.00 35.06
39410.00 35.03
39420.00 34.98
39430.00 34.96
39440.00 34.90
39450.00 34.87
39460.00 34.85
39470.00 34.80
39480.00 34.76
39490.00 34.74
39500.00 34.69
39510.00 34.64
39520.00 34.64
39530.00 34.58
39540.00 34.53
39550.00 34.51
39560.00 34.48
39570.00 34.42
39580.00 34.40
39590.00 34.35
39600.00 34.32
39610.00 34.29
39620.00 34.24
39630.00 34.21
39640.00 34.16
39650.00 34.13
39660.00 34.08
39670.00 34.05
39680.00 34.03
39690.00 33.97
39700.00 33.92
39710.00 33.92
39720.00 33.86
39730.00 33.81
39740.00 33.79
39750.00 33.76
39760.00 33.70
39770.00 33.68
39780.00 33.65
39790.00 33.60
39800.00 33.57
39810.00 33.52
39820.00 33.49
39830.00 33.47
39840.00 33.41
39850.00 33.36
39860.00 33.36
39870.00 33.30
39880.00 33.25
39890.00 33.20
39900.00 33.20
39910.00 33.14
39920.00 33.09
39930.00 33.09
39940.00 33.03
39950.00 32.98
39960.00 32.96
39970.00 32.92
39980.00 32.87
39990.00 32.85
40000.00 32.79
40010.00 32.76
40020.00 32.74
40030.00 32.68
40040.00 32.63
40050.00 32.63
40060.00 32.58
40070.00 32.52
40080.00 32.52
40090.00 32.47
40100.00 32.41
40110.00 32.39
40120.00 32.36
40130.00 32.30
40140.00 32.25
40150.00 32.23
40160.00 32.19
40170.00 32.14
40180.00 32.12
40190.00 32.06
40200.00 32.03
40210.00 32.01
40220.00 31.95
40230.00 31.92
40240.00 31.90
40250.00 31.84
40260.00 31.79
40270.00 31.79
40280.00 31.73
40290.00 31.68
40300.00 31.65
40310.00 31.62
40320.00 31.57
40330.00 31.54
40340.00 31.49
40350.00 31.46
40360.00 31.43
40370.00 31.38
40380.00 31.35
40390.00 31.29
40400.00 31.27
40410.00 31.21
40420.00 31.18
40430.00 31.16
40440.00 31.10
40450.00 31.05
40460.00 31.05
40470.00 30.99
40480.00 30.94
40490.00 30.91
40500.00 30.88
40510.00 30.83
40520.00 30.80
40530.00 30.77
40540.00 30.71
40550.00 30.69
40560.00 30.64
40570.00 30.60
40580.00 30.58
40590.00 30.52
40600.00 30.47
40610.00 30.47
40620.00 30.41
40630.00 30.36
40640.00 30.30
40650.00 30.30
40660.00 30.25
40670.00 30.19
40680.00 30.19
40690.00 30.13
40700.00 30.08
40710.00 30.05
40720.00 30.02
40730.00 29.97
40740.00 29.94
40750.00 29.89
40760.00 29.85
40770.00 29.83
40780.00 29.77
40790.00 29.72
40800.00 29.72
40810.00 29.66
40820.00 29.61
40830.00 29.61
40840.00 29.55
40850.00 29.49
40860.00 29.47
40870.00 29.44
40880.00 29.38
40890.00 29.33
40900.00 29.30
40910.00 29.27
40920.00 29.21
40930.00 29.19
40940.00 29.13
40950.00 29.10
40960.00 29.08
40970.00 29.02
40980.00 28.99
40990.00 28.96
41000.00 28.91
41010.00 28.85
41020.00 28.85
41030.00 28.79
41040.00 28.74
41050.00 28.71
41060.00 28.68
41070.00 28.62
41080.00 28.60
41090.00 28.57
41100.00 28.51
41110.00 28.45
41120.00 28.43
41130.00 28.40
41140.00 28.34
41150.00 28.32
41160.00 28.26
41170.00 28.23
41180.00 28.20
41190.00 28.14
41200.00 28.09
41210.00 28.09
41220.00 28.03
41230.00 27.97
41240.00 27.97
41250.00 27.92
41260.00 27.86
41270.00 27.84
41280.00 27.80
41290.00 27.74
41300.00 27.72
41310.00 27.66
41320.00 27.63
41330.00 27.61
41340.00 27.55
41350.00 27.49
41360.00 27.46
41370.00 27.43
41380.00 27.38
41390.00 27.34
41400.00 27.32
41410.00 27.26
41420.00 27.20
41430.00 27.20
41440.00 27.15
41450.00 27.09
41460.00 27.07
41470.00 27.03
41480.00 26.97
41490.00 26.95
41500.00 26.89
41510.00 26.86
41520.00 26.83
41530.00 26.78
41540.00 26.74
41550.00 26.72
41560.00 26.66
41570.00 26.60
41580.00 26.60
41590.00 26.55
41600.00 26.49
41610.00 26.43
41620.00 26.43
41630.00 26.37
41640.00 26.31
41650.00 26.29
41660.00 26.26
41670.00 26.20
41680.00 26.17
41690.00 26.14
41700.00 26.08
41710.00 26.06
41720.00 26.00
41730.00 25.97
41740.00 25.94
41750.00 25.88
41760.00 25.82
41770.00 25.82
41780.00 25.77
41790.00 25.71
41800.00 25.68
41810.00 25.65
41820.00 25.59
41830.00 25.57
41840.00 25.53
41850.00 25.47
41860.00 25.42
41870.00 25.39
41880.00 25.36
41890.00 25.30
41900.00 25.27
41910.00 25.22
41920.00 25.18
41930.00 25.16
41940.00 25.10
41950.00 25.04
41960.00 25.04
41970.00 24.98
41980.00 24.92
41990.00 24.92
42000.00 24.86
42010.00 24.80
42020.00 24.78
42030.00 24.75
42040.00 24.69
42050.00 24.66
42060.00 24.60
42070.00 24.57
42080.00 24.54
42090.00 24.49
42100.00 24.43
42110.00 24.39
42120.00 24.37
42130.00 24.31
42140.00 24.27
42150.00 24.25
42160.00 24.19
42170.00 24.13
42180.00 24.13
42190.00 24.07
42200.00 24.01
42210.00 23.99
42220.00 23.95
42230.00 23.89
42240.00 23.87
42250.00 23.81
42260.00 23.78
42270.00 23.75
42280.00 23.69
42290.00 23.66
42300.00 23.63
42310.00 23.57
42320.00 23.51
42330.00 23.51
42340.00 23.45
42350.00 23.39
42360.00 23.33
42370.00 23.33
42380.00 23.27
42390.00 23.21
42400.00 23.19
42410.00 23.15
42420.00 23.09
42430.00 23.07
42440.00 23.04
42450.00 22.98
42460.00 22.95
42470.00 22.89
42480.00 22.86
42490.00 22.83
42500.00 22.77
42510.00 22.71
42520.00 22.71
42530.00 22.65
42540.00 22.59
42550.00 22.57
42560.00 22.53
42570.00 22.47
42580.00 22.45
42590.00 22.41
42600.00 22.35
42610.00 22.29
42620.00 22.26
42630.00 22.23
42640.00 22.17
42650.00 22.14
42660.00 22.08
42670.00 22.05
42680.00 22.02
42690.00 21.96
42700.00 21.90
42710.00 21.90
42720.00 21.84
42730.00 21.78
42740.00 21.78
42750.00 21.72
42760.00 21.66
42770.00 21.64
42780.00 21.60
42790.00 21.54
42800.00 21.51
42810.00 21.45
42820.00 21.42
42830.00 21.39
42840.00 21.33
42850.00 21.27
42860.00 21.24
42870.00 21.21
42880.00 21.15
42890.00 21.12
42900.00 21.09
42910.00 21.03
42920.00 20.97
42930.00 20.97
42940.00 20.91
42950.00 20.85
42960.00 20.82
42970.00 20.79
42980.00 20.73
42990.00 20.70
43000.00 20.64
43010.00 20.60
43020.00 20.58
43030.00 20.52
43040.00 20.48
43050.00 20.45
43060.00 20.39
43070.00 20.33
43080.00 20.33
43090.00 20.27
43100.00 20.21
43110.00 20.15
43120.00 20.15
43130.00 20.09
43140.00 20.03
43150.00 20.00
43160.00 19.97
43170.00 19.90
43180.00 19.88
43190.00 19.84
43200.00 19.78
43210.00 19.75
43220.00 19.69
43230.00 19.66
43240.00 19.63
43250.00 19.57
43260.00 19.51
43270.00 19.51
43280.00 19.45
43290.00 19.39
43300.00 19.36
43310.00 19.32
43320.00 19.26
43330.00 19.24
43340.00 19.20
43350.00 19.14
43360.00 19.08
43370.00 19.05
43380.00 19.01
43390.00 18.95
43400.00 18.93
43410.00 18.86
43420.00 18.83
43430.00 18.80
43440.00 18.74
43450.00 18.68
43460.00 18.68
43470.00 18.62
43480.00 18.55
43490.00 18.55
43500.00 18.49
43510.00 18.43
43520.00 18.40
43530.00 18.37
43540.00 18.31
43550.00 18.28
43560.00 18.22
43570.00 18.18
43580.00 18.16
43590.00 18.09
43600.00 18.03
43610.00 17.99
43620.00 17.97
43630.00 17.91
43640.00 17.87
43650.00 17.84
43660.00 17.78
43670.00 17.72
43680.00 17.72
43690.00 17.66
43700.00 17.59
43710.00 17.57
43720.00 17.53
43730.00 17.47
43740.00 17.44
43750.00 17.38
43760.00 17.34
43770.00 17.32
43780.00 17.25
43790.00 17.22
43800.00 17.19
43810.00 17.13
43820.00 17.06
43830.00 17.06
43840.00 17.00
43850.00 16.94
43860.00 16.88
43870.00 16.88
43880.00 16.81
43890.00 16.75
43900.00 16.72
43910.00 16.69
43920.00 16.62
43930.00 16.60
43940.00 16.56
43950.00 16.50
43960.00 16.47
43970.00 16.41
43980.00 16.37
43990.00 16.34
44000.00 16.28
44010.00 16.22
44020.00 16.22
44030.00 16.15
44040.00 16.09
44050.00 16.06
44060.00 16.03
44070.00 15.96
44080.00 15.94
44090.00 15.90
44100.00 15.84
44110.00 15.77
44120.00 15.75
44130.00 15.71
44140.00 15.65
44150.00 15.62
44160.00 15.56
44170.00 15.52
44180.00 15.49
44190.00 15.43
44200.00 15.39
44210.00 15.37
44220.00 15.30
44230.00 15.24
44240.00 15.24
44250.00 15.17
44260.00 15.11
44270.00 15.08
44280.00 15.05
44290.00 14.98
44300.00 14.96
44310.00 14.89
44320.00 14.86
44330.00 14.83
44340.00 14.76
44350.00 14.73
44360.00 14.66
44370.00 14.64
44380.00 14.57
44390.00 14.54
44400.00 14.51
44410.00 14.44
44420.00 14.38
44430.00 14.38
44440.00 14.32
44450.00 14.25
44460.00 14.22
44470.00 14.19
44480.00 14.12
44490.00 14.09
44500.00 14.06
44510.00 13.99
44520.00 13.97
44530.00 13.90
44540.00 13.87
44550.00 13.84
44560.00 13.77
44570.00 13.71
44580.00 13.71
44590.00 13.64
44600.00 13.58
44610.00 13.51
44620.00 13.51
44630.00 13.45
44640.00 13.39
44650.00 13.39
44660.00 13.32
44670.00 13.26
44680.00 13.23
44690.00 13.19
44700.00 13.13
44710.00 13.10
44720.00 13.03
44730.00 13.00
44740.00 12.97
44750.00 12.90
44760.00 12.84
44770.00 12.84
44780.00 12.77
44790.00 12.71
44800.00 12.71
44810.00 12.64
44820.00 12.58
44830.00 12.55
44840.00 12.51
44850.00 12.45
44860.00 12.38
44870.00 12.36
44880.00 12.32
44890.00 12.25
44900.00 12.23
44910.00 12.16
44920.00 12.12
44930.00 12.10
44940.00 12.03
44950.00 11.99
44960.00 11.96
44970.00 11.90
44980.00 11.83
44990.00 11.83
45000.00 11.77
45010.00 11.70
45020.00 11.67
45030.00 11.64
45040.00 11.57
45050.00 11.54
45060.00 11.48
45070.00 11.44
45080.00 11.41
45090.00 11.35
45100.00 11.31
45110.00 11.24
45120.00 11.22
45130.00 11.15
45140.00 11.11
45150.00 11.08
45160.00 11.02
45170.00 10.95
45180.00 10.95
45190.00 10.89
45200.00 10.82
45210.00 10.79
45220.00 10.75
45230.00 10.69
45240.00 10.66
45250.00 10.62
45260.00 10.56
45270.00 10.53
45280.00 10.46
45290.00 10.42
45300.00 10.40
45310.00 10.33
45320.00 10.26
45330.00 10.26
45340.00 10.20
45350.00 10.13
45360.00 10.07
45370.00 10.07
45380.00 10.00
45390.00 9.93
45400.00 9.93
45410.00 9.87
45420.00 9.80
45430.00 9.77
45440.00 9.73
45450.00 9.67
45460.00 9.64
45470.00 9.57
45480.00 9.53
45490.00 9.51
45500.00 9.44
45510.00 9.37
45520.00 9.37
45530.00 9.31
45540.00 9.24
45550.00 9.24
45560.00 9.17
45570.00 9.11
45580.00 9.04
45590.00 9.04
45600.00 8.97
45610.00 8.91
45620.00 8.88
45630.00 8.84
45640.00 8.77
45650.00 8.74
45660.00 8.68
45670.00 8.64
45680.00 8.61
45690.00 8.54
45700.00 8.50
45710.00 8.48
45720.00 8.41
45730.00 8.34
45740.00 8.34
45750.00 8.27
45760.00 8.21
45770.00 8.18
45780.00 8.14
45790.00 8.07
45800.00 8.04
45810.00 7.98
45820.00 7.94
45830.00 7.87
45840.00 7.84
45850.00 7.80
45860.00 7.74
45870.00 7.71
45880.00 7.64
45890.00 7.60
45900.00 7.57
45910.00 7.50
45920.00 7.44
45930.00 7.44
45940.00 7.37
45950.00 7.30
45960.00 7.27
45970.00 7.23
45980.00 7.17
45990.00 7.14
46000.00 7.10
46010.00 7.03
46020.00 7.00
46030.00 6.93
46040.00 6.90
46050.00 6.87
46060.00 6.80
46070.00 6.73
46080.00 6.69
46090.00 6.66
46100.00 6.60
46110.00 6.53
46120.00 6.53
46130.00 6.46
46140.00 6.39
46150.00 6.39
46160.00 6.32
46170.00 6.26
46180.00 6.23
46190.00 6.19
46200.00 6.12
46210.00 6.09
46220.00 6.02
46230.00 5.98
46240.00 5.95
46250.00 5.89
46260.00 5.82
46270.00 5.82
46280.00 5.75
46290.00 5.68
46300.00 5.68
46310.00 5.61
46320.00 5.54
46330.00 5.48
46340.00 5.48
46350.00 5.41
46360.00 5.34
46370.00 5.31
46380.00 5.27
46390.00 5.20
46400.00 5.17
46410.00 5.10
46420.00 5.06
46430.00 5.03
46440.00 4.97
46450.00 4.93
46460.00 4.90
46470.00 4.83
46480.00 4.76
46490.00 4.76
46500.00 4.69
46510.00 4.62
46520.00 4.59
46530.00 4.55
46540.00 4.48
46550.00 4.45
46560.00 4.39
46570.00 4.35
46580.00 4.28
46590.00 4.25
46600.00 4.21
46610.00 4.14
46620.00 4.11
46630.00 4.04
46640.00 4.00
46650.00 3.97
46660.00 3.90
46670.00 3.83
46680.00 3.83
46690.00 3.76
46700.00 3.70
46710.00 3.67
46720.00 3.63
46730.00 3.56
46740.00 3.53
46750.00 3.49
46760.00 3.42
46770.00 3.39
46780.00 3.32
46790.00 3.28
46800.00 3.25
46810.00 3.18
46820.00 3.11
46830.00 3.07
46840.00 3.04
46850.00 2.97
46860.00 2.90
46870.00 2.90
46880.00 2.83
46890.00 2.76
46900.00 2.76
46910.00 2.69
46920.00 2.62
46930.00 2.59
46940.00 2.55
46950.00 2.48
46960.00 2.45
46970.00 2.38
46980.00 2.34
46990.00 2.31
47000.00 2.24
47010.00 2.17
47020.00 2.17
47030.00 2.10
47040.00 2.03
47050.00 2.03
47060.00 1.96
47070.00 1.89
47080.00 1.82
47090.00 1.82
47100.00 1.75
47110.00 1.68
47120.00 1.65
47130.00 1.61
47140.00 1.54
47150.00 1.51
47160.00 1.44
47170.00 1.40
47180.00 1.37
47190.00 1.30
47200.00 1.26
47210.00 1.23
47220.00 1.16
47230.00 1.09
47240.00 1.09
47250.00 1.02
47260.00 0.95
47270.00 0.92
47280.00 0.88
47290.00 0.81
47300.00 0.78
47310.00 0.71
47320.00 0.67
47330.00 0.60
47340.00 0.57
47350.00 0.53
47360.00 0.46
47370.00 0.42
47380.00 0.35
47390.00 0.31
47400.00 0.28
47410.00 0.21
47420.00 0.14
47430.00 0.14
47440.00 0.07
47450.00 0.00
47460.00 0.00
47470.00 1.63
47480.00 3.36
47490.00 3.03
47500.00 8.19
47510.00 17.02
47520.00 15.69
47530.00 23.11
47540.00 29.37
47550.00 27.44
47560.00 28.67
47570.00 28.10
47580.00 28.36
47590.00 28.53
47600.00 29.76
47610.00 32.92
47620.00 30.99
47630.00 30.92
47640.00 32.94
47650.00 32.94
47660.00 35.77
47670.00 39.30
47680.00 38.77
47690.00 43.93
47700.00 53.26
47710.00 53.43
47720.00 59.06
47730.00 64.52
47740.00 64.78
47750.00 72.71
47760.00 82.07
47770.00 81.74
47780.00 91.57
47790.00 100.60
47800.00 100.60
47810.00 114.83
47820.00 158.16
47830.00 176.08
47840.00 176.08
47850.00 178.11
47860.00 178.04
47870.00 178.01
47880.00 177.97
47890.00 176.80
47900.00 177.26
47910.00 175.92
47920.00 174.85
47930.00 174.32
47940.00 173.95
47950.00 175.71
47960.00 173.08
47970.00 171.20
47980.00 169.63
47990.00 169.63
48000.00 168.46
48010.00 167.89
48020.00 167.06
48030.00 166.72
48040.00 166.14
48050.00 165.61
48060.00 166.07
48070.00 166.00
48080.00 165.73
48090.00 164.60
48100.00 165.36
48110.00 163.18
48120.00 162.15
48130.00 161.58
48140.00 162.04
48150.00 160.71
48160.00 160.33
48170.00 161.06
48180.00 161.06
48190.00 161.79
48200.00 162.22
48210.00 162.22
48220.00 163.24
48230.00 163.67
48240.00 163.34
48250.00 165.40
48260.00 165.83
48270.00 167.09
48280.00 168.62
48290.00 170.08
48300.00 169.05
48310.00 169.28
48320.00 168.40
48330.00 168.86
48340.00 168.03
48350.00 166.96
48360.00 167.42
48370.00 166.38
48380.00 167.01
48390.00 166.94
48400.00 166.94
48410.00 167.17
48420.00 167.59
48430.00 167.06
48440.00 167.82
48450.00 167.25
48460.00 166.41
48470.00 166.54
48480.00 167.10
48490.00 166.47
48500.00 166.39
48510.00 166.95
48520.00 166.12
48530.00 165.25
48540.00 165.47
48550.00 165.47
48560.00 165.40
48570.00 165.33
48580.00 163.85
48590.00 163.85
48600.00 161.98
48610.00 158.81
48620.00 157.78
48630.00 155.93
48640.00 153.96
48650.00 152.93
48660.00 152.89
48670.00 154.91
48680.00 154.88
48690.00 154.81
48700.00 154.77
48710.00 152.63
48720.00 151.26
48730.00 148.29
48740.00 148.29
48750.00 145.11
48760.00 143.24
48770.00 141.91
48780.00 140.87
48790.00 137.89
48800.00 135.76
48810.00 134.92
48820.00 132.84
48830.00 130.87
48840.00 129.84
48850.00 129.00
48860.00 127.62
48870.00 126.79
48880.00 125.42
48890.00 124.67
48900.00 123.24
48910.00 121.37
48920.00 118.99
48930.00 118.99
48940.00 116.82
48950.00 113.14
48960.00 113.14
48970.00 108.87
48980.00 105.40
48990.00 103.06
49000.00 102.02
49010.00 99.35
49020.00 98.51
49030.00 97.94
49040.00 97.10
49050.00 96.77
49060.00 93.59
49070.00 89.32
49080.00 87.48
49090.00 84.04
49100.00 75.67
49110.00 69.63
49120.00 67.29
49130.00 62.32
49140.00 58.54
49150.00 58.54
49160.00 55.87
49170.00 53.99
49180.00 54.76
49190.00 53.12
49200.00 52.25
49210.00 51.71
49220.00 51.94
49230.00 49.80
49240.00 49.76
49250.00 49.69
49260.00 51.75
49270.00 51.71
49280.00 51.64
49290.00 51.56
49300.00 51.56
49310.00 51.49
49320.00 49.31
49330.00 49.24
49340.00 49.24
49350.00 49.16
49360.00 48.79
49370.00 48.55
49380.00 48.71
49390.00 48.64
49400.00 48.40
49410.00 48.56
49420.00 48.79
49430.00 48.45
49440.00 48.38
49450.00 48.64
49460.00 48.30
49470.00 48.23
49480.00 48.45
49490.00 48.45
49500.00 48.38
49510.00 48.30
49520.00 48.27
49530.00 50.03
49540.00 52.35
49550.00 52.82
49560.00 54.88
49570.00 56.30
49580.00 58.02
49590.00 58.59
49600.00 60.05
49610.00 59.97
49620.00 61.24
49630.00 62.76
49640.00 63.52
49650.00 63.69
49660.00 64.71
49670.00 66.14
49680.00 66.14
49690.00 67.66
49700.00 69.38
49710.00 69.38
49720.00 71.41
49730.00 73.13
49740.00 73.60
49750.00 74.86
49760.00 76.58
49770.00 77.15
49780.00 79.07
49790.00 80.83
49800.00 83.45
49810.00 83.92
49820.00 85.64
49830.00 87.10
49840.00 87.37
49850.00 89.69
49860.00 91.65
49870.00 92.41
49880.00 94.94
49890.00 96.16
49900.00 96.16
49910.00 96.89
49920.00 96.81
49930.00 96.27
49940.00 98.33
49950.00 96.16
49960.00 97.12
49970.00 97.05
49980.00 96.00
49990.00 96.47
50000.00 96.39
50010.00 97.95
50020.00 96.62
50030.00 97.84
50040.00 97.76
50050.00 97.72
50060.00 97.69
50070.00 97.61
50080.00 97.53
50090.00 97.53
50100.00 97.46
50110.00 95.28
50120.00 95.25
50130.00 95.20
50140.00 97.23
50150.00 97.19
50160.00 97.15
50170.00 94.97
50180.00 94.94
50190.00 94.86
50200.00 94.82
50210.00 94.78
50220.00 96.81
50230.00 96.73
50240.00 96.73
50250.00 96.65
50260.00 96.58
50270.00 96.54
50280.00 95.40
50290.00 95.62
50300.00 95.54
50310.00 95.54
50320.00 95.67
50330.00 95.89
50340.00 95.36
50350.00 95.51
50360.00 94.94
50370.00 96.00
50380.00 95.92
50390.00 95.88
50400.00 95.85
50410.00 95.77
50420.00 93.59
50430.00 93.59
50440.00 93.51
50450.00 95.54
50460.00 95.54
50470.00 95.46
50480.00 95.38
50490.00 93.25
50500.00 93.20
50510.00 93.13
50520.00 93.09
50530.00 93.01
50540.00 92.97
50550.00 92.89
50560.00 92.36
50570.00 90.38
50580.00 89.64
50590.00 88.50
50600.00 86.92
50610.00 87.38
50620.00 86.85
50630.00 87.27
50640.00 87.99
50650.00 87.99
50660.00 88.91
50670.00 91.13
50680.00 91.10
50690.00 92.36
50700.00 92.08
50710.00 92.04
50720.00 92.00
50730.00 91.92
50740.00 93.99
50750.00 94.61
50760.00 93.27
50770.00 97.93
50780.00 102.55
50790.00 104.77
50800.00 105.33
50810.00 106.60
50820.00 108.82
50830.00 110.84
50840.00 110.84
50850.00 112.76
50860.00 114.78
50870.00 114.78
50880.00 116.00
50890.00 117.53
50900.00 118.29
50910.00 119.25
50920.00 121.77
50930.00 123.03
50940.00 127.95
50950.00 129.91
50960.00 132.48
50970.00 137.40
50980.00 141.22
50990.00 141.22
51000.00 143.44
51010.00 145.46
51020.00 145.46
51030.00 146.68
51040.00 147.60
51050.00 148.82
51060.00 148.82
51070.00 150.55
51080.00 152.57
51090.00 154.13
51100.00 155.69
51110.00 158.51
51120.00 159.67
51130.00 159.59
51140.00 159.55
51150.00 159.52
51160.00 159.44
51170.00 159.39
51180.00 159.36
51190.00 159.28
51200.00 159.20
51210.00 159.20
51220.00 159.12
51230.00 158.54
51240.00 159.01
51250.00 158.46
51260.00 157.88
51270.00 157.85
51280.00 157.77
51290.00 157.72
51300.00 158.64
51310.00 158.61
51320.00 158.56
51330.00 163.19
51340.00 164.45
51350.00 167.47
51360.00 169.83
51370.00 168.99
51380.00 168.11
51390.00 172.43
51400.00 172.43
51410.00 179.15
51420.00 182.67
51430.00 184.44
51440.00 185.19
51450.00 187.71
51460.00 188.98
51470.00 191.53
51480.00 196.65
51490.00 198.42
51500.00 201.54
51510.00 203.49
51520.00 204.06
51530.00 206.58
51540.00 209.10
51550.00 210.85
51560.00 210.82
51570.00 209.64
51580.00 209.06
51590.00 209.06
51600.00 208.98
