0.00 499.37
10.00 496.55
20.00 490.36
30.00 481.05
40.00 479.53
50.00 469.11
60.00 465.09
70.00 447.90
80.00 425.19
90.00 421.16
100.00 409.25
110.00 402.06
120.00 401.04
130.00 395.22
140.00 391.61
150.00 391.61
160.00 388.30
170.00 385.09
180.00 385.46
190.00 384.35
200.00 384.35
210.00 383.94
220.00 382.52
230.00 385.00
240.00 383.61
250.00 385.00
260.00 387.87
270.00 390.06
280.00 388.97
290.00 390.35
300.00 390.73
310.00 392.11
320.00 392.10
330.00 390.71
340.00 392.48
350.00 392.77
360.00 393.16
370.00 393.16
380.00 393.14
390.00 393.53
400.00 393.80
410.00 393.82
420.00 394.19
430.00 394.18
440.00 394.46
450.00 395.94
460.00 395.95
470.00 395.94
480.00 395.91
490.00 395.90
500.00 395.91
510.00 395.89
520.00 395.87
530.00 395.86
540.00 395.86
550.00 396.14
560.00 396.52
570.00 395.81
580.00 396.89
590.00 396.89
600.00 396.48
610.00 396.06
620.00 393.24
630.00 393.95
640.00 389.64
650.00 385.61
660.00 380.20
670.00 380.20
680.00 374.08
690.00 367.97
700.00 361.44
710.00 355.33
720.00 356.34
730.00 351.72
740.00 347.70
750.00 343.69
760.00 343.69
770.00 339.77
780.00 336.46
790.00 333.23
800.00 332.54
810.00 330.32
820.00 327.11
830.00 323.09
840.00 320.17
850.00 319.48
860.00 315.16
870.00 311.14
880.00 304.32
890.00 304.73
900.00 297.81
910.00 292.79
920.00 288.47
930.00 288.08
940.00 282.96
950.00 279.04
960.00 274.32
970.00 274.73
980.00 269.61
990.00 265.30
1000.00 260.98
1010.00 255.86
1020.00 258.07
1030.00 254.44
1040.00 252.63
1050.00 250.51
1060.00 250.51
1070.00 245.80
1080.00 242.18
1090.00 238.16
1100.00 239.67
1110.00 236.75
1120.00 232.03
1130.00 228.81
1140.00 226.20
1150.00 226.20
1160.00 224.08
1170.00 219.76
1180.00 216.84
1190.00 218.95
1200.00 215.03
1210.00 210.61
1220.00 204.89
1230.00 204.89
1240.00 200.18
1250.00 196.56
1260.00 191.84
1270.00 189.72
1280.00 189.72
1290.00 187.91
1300.00 184.59
1310.00 181.67
1320.00 181.68
1330.00 178.46
1340.00 175.24
1350.00 171.22
1360.00 172.33
1370.00 167.20
1380.00 163.29
1390.00 159.27
1400.00 153.55
1410.00 153.16
1420.00 137.63
1430.00 132.92
1440.00 127.50
1450.00 127.50
1460.00 125.68
1470.00 125.67
1480.00 124.94
1490.00 124.95
1500.00 123.64
1510.00 123.61
1520.00 123.60
1530.00 123.57
1540.00 123.58
1550.00 123.56
1560.00 123.54
1570.00 123.52
1580.00 123.53
1590.00 123.51
1600.00 123.49
1610.00 123.47
1620.00 123.47
1630.00 123.46
1640.00 123.44
1650.00 123.42
1660.00 123.40
1670.00 123.40
1680.00 123.38
1690.00 123.37
1700.00 123.34
1710.00 123.35
1720.00 123.33
1730.00 123.31
1740.00 123.29
1750.00 123.30
1760.00 123.28
1770.00 123.26
1780.00 123.23
1790.00 123.22
1800.00 123.23
1810.00 123.20
1820.00 123.18
1830.00 123.17
1840.00 123.17
1850.00 123.15
1860.00 123.13
1870.00 123.11
1880.00 123.12
1890.00 123.09
1900.00 123.07
1910.00 123.06
1920.00 123.03
1930.00 123.04
1940.00 123.02
1950.00 123.00
1960.00 122.98
1970.00 122.99
1980.00 122.96
1990.00 122.95
2000.00 122.93
2010.00 122.93
2020.00 122.91
2030.00 122.89
2040.00 122.87
2050.00 122.85
2060.00 122.85
2070.00 122.83
2080.00 122.82
2090.00 122.79
2100.00 122.80
2110.00 122.78
2120.00 122.76
2130.00 122.74
2140.00 122.74
2150.00 122.72
2160.00 122.70
2170.00 122.68
2180.00 122.66
2190.00 122.67
2200.00 122.64
2210.00 122.63
2220.00 122.61
2230.00 122.61
2240.00 122.59
2250.00 122.57
2260.00 122.55
2270.00 122.56
2280.00 122.53
2290.00 122.51
2300.00 122.49
2310.00 122.47
2320.00 122.48
2330.00 122.46
2340.00 122.43
2350.00 122.41
2360.00 122.42
2370.00 122.40
2380.00 122.38
2390.00 122.35
2400.00 122.36
2410.00 122.34
2420.00 122.32
2430.00 122.30
2440.00 122.28
2450.00 122.28
2460.00 122.26
2470.00 122.24
2480.00 122.22
2490.00 122.23
2500.00 122.20
2510.00 122.18
2520.00 122.16
2530.00 122.16
2540.00 122.14
2550.00 122.13
2560.00 122.10
2570.00 122.08
2580.00 122.09
2590.00 122.06
2600.00 122.04
2610.00 122.03
2620.00 122.03
2630.00 122.01
2640.00 121.98
2650.00 121.96
2660.00 121.97
2670.00 121.94
2680.00 121.93
2690.00 121.91
2700.00 121.88
2710.00 121.89
2720.00 121.87
2730.00 121.84
2740.00 121.82
2750.00 121.82
2760.00 121.81
2770.00 121.79
2780.00 121.76
2790.00 121.77
2800.00 121.75
2810.00 121.72
2820.00 121.70
2830.00 121.68
2840.00 121.68
2850.00 121.67
2860.00 121.65
2870.00 122.22
2880.00 123.33
2890.00 124.00
2900.00 123.28
2910.00 121.56
2920.00 121.56
2930.00 121.54
2940.00 121.52
2950.00 121.50
2960.00 121.51
2970.00 121.49
2980.00 121.46
2990.00 121.44
3000.00 121.41
3010.00 121.42
3020.00 121.40
3030.00 121.37
3040.00 121.35
3050.00 121.36
3060.00 121.34
3070.00 121.32
3080.00 121.30
3090.00 121.30
3100.00 121.28
3110.00 121.25
3120.00 121.23
3130.00 121.21
3140.00 121.21
3150.00 121.19
3160.00 121.17
3170.00 121.14
3180.00 121.15
3190.00 121.13
3200.00 121.10
3210.00 121.08
3220.00 121.09
3230.00 121.07
3240.00 121.05
3250.00 121.02
3260.00 121.00
3270.00 121.01
3280.00 120.98
3290.00 120.96
3300.00 120.94
3310.00 120.94
3320.00 120.92
3330.00 120.90
3340.00 120.87
3350.00 120.88
3360.00 120.85
3370.00 120.83
3380.00 120.81
3390.00 120.78
3400.00 120.79
3410.00 120.77
3420.00 120.74
3430.00 120.72
3440.00 120.73
3450.00 120.70
3460.00 120.68
3470.00 120.66
3480.00 120.66
3490.00 120.64
3500.00 120.61
3510.00 120.59
3520.00 120.57
3530.00 120.57
3540.00 120.55
3550.00 120.53
3560.00 120.50
3570.00 120.51
3580.00 120.49
3590.00 120.46
3600.00 120.44
3610.00 120.44
3620.00 120.42
3630.00 120.40
3640.00 120.37
3650.00 120.35
3660.00 120.36
3670.00 120.33
3680.00 120.31
3690.00 120.29
3700.00 120.29
3710.00 120.27
3720.00 120.25
3730.00 120.22
3740.00 120.23
3750.00 120.20
3760.00 120.18
3770.00 120.16
3780.00 120.13
3790.00 120.14
3800.00 120.12
3810.00 120.09
3820.00 120.07
3830.00 120.07
3840.00 120.05
3850.00 120.02
3860.00 120.00
3870.00 120.00
3880.00 119.98
3890.00 119.95
3900.00 119.93
3910.00 119.91
3920.00 119.91
3930.00 119.89
3940.00 119.87
3950.00 119.84
3960.00 119.85
3970.00 119.82
3980.00 119.80
3990.00 119.78
4000.00 119.78
4010.00 119.75
4020.00 119.73
4030.00 119.70
4040.00 119.68
4050.00 119.69
4060.00 119.66
4070.00 119.64
4080.00 119.62
4090.00 119.62
4100.00 119.60
4110.00 119.57
4120.00 119.55
4130.00 119.55
4140.00 119.52
4150.00 119.50
4160.00 119.48
4170.00 119.45
4180.00 119.46
4190.00 119.44
4200.00 119.41
4210.00 119.39
4220.00 119.39
4230.00 119.36
4240.00 119.34
4250.00 119.31
4260.00 119.32
4270.00 119.30
4280.00 119.27
4290.00 119.25
4300.00 119.23
4310.00 119.23
4320.00 119.20
4330.00 119.18
4340.00 119.15
4350.00 119.16
4360.00 119.13
4370.00 119.11
4380.00 119.09
4390.00 119.09
4400.00 119.06
4410.00 119.04
4420.00 119.01
4430.00 118.99
4440.00 119.00
4450.00 118.97
4460.00 118.94
4470.00 118.92
4480.00 118.92
4490.00 118.90
4500.00 118.87
4510.00 118.85
4520.00 118.85
4530.00 118.83
4540.00 118.80
4550.00 118.78
4560.00 118.75
4570.00 118.76
4580.00 118.73
4590.00 118.71
4600.00 118.68
4610.00 118.68
4620.00 118.66
4630.00 118.64
4640.00 118.61
4650.00 118.61
4660.00 118.59
4670.00 118.56
4680.00 118.54
4690.00 118.52
4700.00 118.52
4710.00 118.49
4720.00 118.46
4730.00 118.44
4740.00 118.45
4750.00 118.42
4760.00 118.39
4770.00 118.37
4780.00 118.37
4790.00 118.35
4800.00 118.32
4810.00 118.30
4820.00 118.27
4830.00 118.27
4840.00 118.25
4850.00 118.23
4860.00 118.20
4870.00 118.20
4880.00 118.18
4890.00 118.15
4900.00 118.13
4910.00 118.13
4920.00 118.10
4930.00 118.08
4940.00 118.05
4950.00 118.03
4960.00 118.03
4970.00 118.00
4980.00 117.98
4990.00 117.95
5000.00 117.95
5010.00 117.93
5020.00 117.91
5030.00 117.88
5040.00 117.88
5050.00 117.86
5060.00 117.83
5070.00 117.81
5080.00 117.81
5090.00 117.78
5100.00 117.76
5110.00 117.73
5120.00 117.70
5130.00 117.71
5140.00 117.68
5150.00 117.66
5160.00 117.63
5170.00 117.63
5180.00 117.61
5190.00 117.58
5200.00 117.55
5210.00 117.56
5220.00 117.53
5230.00 117.51
5240.00 117.48
5250.00 117.45
5260.00 117.46
5270.00 117.43
5280.00 117.40
5290.00 117.38
5300.00 117.38
5310.00 117.36
5320.00 117.33
5330.00 117.30
5340.00 117.31
5350.00 117.28
5360.00 117.25
5370.00 117.23
5380.00 117.20
5390.00 117.20
5400.00 117.18
5410.00 117.15
5420.00 117.12
5430.00 117.13
5440.00 117.10
5450.00 117.07
5460.00 117.05
5470.00 117.05
5480.00 117.02
5490.00 117.00
5500.00 116.97
5510.00 116.95
5520.00 116.95
5530.00 116.92
5540.00 116.90
5550.00 116.87
5560.00 116.87
5570.00 116.85
5580.00 116.82
5590.00 116.79
5600.00 116.80
5610.00 116.77
5620.00 116.74
5630.00 116.72
5640.00 116.68
5650.00 116.69
5660.00 116.66
5670.00 116.63
5680.00 116.61
5690.00 116.61
5700.00 116.58
5710.00 116.56
5720.00 116.53
5730.00 116.53
5740.00 116.51
5750.00 116.48
5760.00 116.45
5770.00 116.43
5780.00 116.43
5790.00 116.40
5800.00 116.37
5810.00 116.35
5820.00 116.35
5830.00 116.32
5840.00 116.29
5850.00 116.27
5860.00 116.27
5870.00 116.24
5880.00 116.22
5890.00 116.19
5900.00 116.16
5910.00 116.17
5920.00 116.14
5930.00 116.11
5940.00 116.08
5950.00 116.08
5960.00 116.06
5970.00 116.03
5980.00 116.00
5990.00 116.01
6000.00 115.98
6010.00 115.95
6020.00 115.92
6030.00 115.89
6040.00 115.90
6050.00 115.87
6060.00 115.84
6070.00 115.82
6080.00 115.82
6090.00 115.79
6100.00 116.26
6110.00 118.63
6120.00 117.14
6130.00 116.81
6140.00 117.98
6150.00 119.15
6160.00 121.63
6170.00 121.63
6180.00 124.00
6190.00 126.17
6200.00 127.34
6210.00 126.45
6220.00 127.32
6230.00 127.89
6240.00 128.16
6250.00 128.16
6260.00 129.44
6270.00 128.71
6280.00 131.48
6290.00 134.85
6300.00 134.85
6310.00 134.23
6320.00 134.50
6330.00 138.47
6340.00 135.97
6350.00 142.35
6360.00 148.82
6370.00 148.79
6380.00 144.19
6390.00 145.96
6400.00 146.84
6410.00 153.91
6420.00 159.08
6430.00 160.28
6440.00 164.55
6450.00 165.12
6460.00 163.30
6470.00 163.30
6480.00 169.07
6490.00 166.04
6500.00 167.81
6510.00 154.92
6520.00 143.89
6530.00 144.76
6540.00 152.73
6550.00 158.50
6560.00 162.80
6570.00 167.98
6580.00 170.75
6590.00 174.02
6600.00 174.72
6610.00 177.09
6620.00 179.86
6630.00 182.24
6640.00 182.24
6650.00 184.71
6660.00 187.68
6670.00 193.25
6680.00 200.22
6690.00 200.22
6700.00 207.90
6710.00 215.47
6720.00 217.94
6730.00 222.54
6740.00 235.41
6750.00 239.08
6760.00 251.25
6770.00 260.76
6780.00 264.43
6790.00 271.80
6800.00 274.77
6810.00 277.84
6820.00 280.34
6830.00 282.11
6840.00 282.98
6850.00 284.26
6860.00 284.26
6870.00 283.23
6880.00 285.10
6890.00 285.07
6900.00 285.07
6910.00 283.14
6920.00 282.51
6930.00 280.38
6940.00 281.25
6950.00 281.26
6960.00 282.73
6970.00 283.00
6980.00 282.97
6990.00 282.97
7000.00 283.94
7010.00 283.91
7020.00 285.68
7030.00 285.68
7040.00 286.56
7050.00 283.82
7060.00 283.80
7070.00 283.37
7080.00 283.37
7090.00 279.74
7100.00 275.71
7110.00 274.68
7120.00 273.48
7130.00 273.15
7140.00 274.42
7150.00 272.49
7160.00 272.49
7170.00 267.26
7180.00 264.74
7190.00 265.40
7200.00 264.11
7210.00 266.28
7220.00 270.25
7230.00 273.22
7240.00 272.29
7250.00 272.29
7260.00 272.26
7270.00 272.23
7280.00 273.10
7290.00 270.70
7300.00 269.47
7310.00 265.44
7320.00 263.51
7330.00 263.51
7340.00 262.58
7350.00 261.06
7360.00 262.52
7370.00 258.79
7380.00 257.00
7390.00 259.67
7400.00 261.84
7410.00 263.00
7420.00 264.51
7430.00 267.88
7440.00 270.65
7450.00 273.02
7460.00 273.32
7470.00 274.89
7480.00 276.66
7490.00 276.93
7500.00 277.50
7510.00 276.30
7520.00 276.57
7530.00 275.34
7540.00 273.71
7550.00 273.71
7560.00 272.48
7570.00 268.45
7580.00 266.62
7590.00 263.22
7600.00 262.29
7610.00 261.66
7620.00 259.53
7630.00 257.30
7640.00 257.30
7650.00 253.57
7660.00 252.34
7670.00 251.41
7680.00 251.11
7690.00 249.48
7700.00 247.35
7710.00 246.12
7720.00 246.12
7730.00 246.39
7740.00 247.56
7750.00 249.33
7760.00 250.20
7770.00 250.20
7780.00 249.27
7790.00 248.04
7800.00 248.00
7810.00 246.21
7820.00 244.58
7830.00 244.24
7840.00 242.41
7850.00 241.82
7860.00 240.88
7870.00 240.85
7880.00 240.82
7890.00 240.79
7900.00 240.79
7910.00 240.76
7920.00 240.73
7930.00 242.50
7940.00 242.50
7950.00 241.27
7960.00 240.24
7970.00 239.01
7980.00 237.51
7990.00 234.08
8000.00 233.15
8010.00 231.92
8020.00 232.18
8030.00 231.89
8040.00 232.16
8050.00 235.52
8060.00 240.39
8070.00 239.69
8080.00 242.16
8090.00 240.33
8100.00 240.30
8110.00 240.30
8120.00 240.57
8130.00 242.04
8140.00 239.51
8150.00 239.18
8160.00 239.18
8170.00 239.14
8180.00 240.11
8190.00 240.08
8200.00 240.08
8210.00 240.05
8220.00 240.02
8230.00 239.99
8240.00 241.79
8250.00 239.96
8260.00 239.93
8270.00 239.89
8280.00 239.86
8290.00 239.86
8300.00 239.83
8310.00 239.80
8320.00 239.77
8330.00 239.77
8340.00 239.74
8350.00 239.71
8360.00 239.67
8370.00 239.68
8380.00 238.94
8390.00 237.11
8400.00 234.98
8410.00 232.15
8420.00 230.65
8430.00 227.52
8440.00 225.98
8450.00 224.05
8460.00 223.75
8470.00 222.22
8480.00 220.59
8490.00 219.36
8500.00 219.36
8510.00 219.33
8520.00 219.29
8530.00 219.26
8540.00 221.13
8550.00 221.13
8560.00 218.90
8570.00 213.37
8580.00 211.53
8590.00 211.14
8600.00 213.30
8610.00 214.17
8620.00 215.34
8630.00 215.34
8640.00 216.61
8650.00 219.27
8660.00 219.24
8670.00 220.81
8680.00 219.81
8690.00 219.18
8700.00 217.64
8710.00 215.11
8720.00 215.11
8730.00 212.08
8740.00 210.45
8750.00 208.02
8760.00 206.52
8770.00 204.88
8780.00 201.85
8790.00 197.52
8800.00 190.08
8810.00 188.59
8820.00 188.55
8830.00 188.52
8840.00 190.29
8850.00 190.29
8860.00 190.26
8870.00 186.22
8880.00 184.99
8890.00 181.59
8900.00 178.86
8910.00 178.13
8920.00 176.89
8930.00 175.96
8940.00 175.96
8950.00 175.63
8960.00 174.40
8970.00 173.06
8980.00 173.06
8990.00 170.93
9000.00 170.00
9010.00 169.96
9020.00 169.96
9030.00 168.33
9040.00 161.00
9050.00 152.96
9060.00 140.63
9070.00 140.33
9080.00 134.80
9090.00 132.37
9100.00 128.93
9110.00 128.93
9120.00 123.10
9130.00 118.77
9140.00 113.83
9150.00 112.23
9160.00 109.50
9170.00 108.87
9180.00 108.63
9190.00 108.63
9200.00 108.60
9210.00 109.37
9220.00 109.63
9230.00 109.60
9240.00 109.60
9250.00 109.57
9260.00 109.53
9270.00 109.80
9280.00 109.80
9290.00 109.77
9300.00 109.43
9310.00 109.40
9320.00 109.40
9330.00 108.47
9340.00 108.23
9350.00 108.20
9360.00 108.17
9370.00 108.17
9380.00 108.13
9390.00 108.10
9400.00 108.07
9410.00 108.07
9420.00 108.03
9430.00 108.00
9440.00 107.96
9450.00 107.97
9460.00 107.93
9470.00 107.90
9480.00 107.86
9490.00 107.83
9500.00 107.83
9510.00 107.80
9520.00 107.76
9530.00 107.73
9540.00 107.73
9550.00 107.69
9560.00 107.66
9570.00 107.63
9580.00 107.63
9590.00 107.59
9600.00 107.56
9610.00 107.52
9620.00 107.49
9630.00 107.49
9640.00 107.96
9650.00 112.82
9660.00 113.99
9670.00 109.39
9680.00 110.25
9690.00 109.92
9700.00 109.88
9710.00 108.39
9720.00 109.55
9730.00 112.32
9740.00 114.98
9750.00 116.15
9760.00 116.15
9770.00 116.11
9780.00 116.48
9790.00 114.84
9800.00 114.84
9810.00 111.51
9820.00 109.97
9830.00 108.44
9840.00 108.24
9850.00 106.91
9860.00 106.87
9870.00 106.84
9880.00 106.80
9890.00 106.80
9900.00 106.77
9910.00 106.73
9920.00 106.70
9930.00 106.70
9940.00 106.66
9950.00 106.63
9960.00 106.59
9970.00 106.59
9980.00 106.56
9990.00 106.52
10000.00 106.49
10010.00 106.45
10020.00 106.45
10030.00 106.42
10040.00 106.38
10050.00 106.35
10060.00 106.35
10070.00 106.31
10080.00 106.28
10090.00 106.24
10100.00 106.24
10110.00 106.21
10120.00 106.17
10130.00 106.14
10140.00 106.10
10150.00 106.10
10160.00 106.07
10170.00 106.03
10180.00 106.00
10190.00 106.00
10200.00 105.96
10210.00 105.93
10220.00 105.89
10230.00 105.89
10240.00 105.86
10250.00 105.82
10260.00 105.79
10270.00 105.75
10280.00 105.75
10290.00 105.71
10300.00 105.68
10310.00 105.64
10320.00 105.64
10330.00 105.61
10340.00 105.57
10350.00 105.54
10360.00 105.54
10370.00 105.50
10380.00 105.47
10390.00 105.43
10400.00 105.39
10410.00 105.39
10420.00 105.36
10430.00 105.32
10440.00 105.29
10450.00 105.29
10460.00 105.25
10470.00 105.22
10480.00 105.18
10490.00 105.18
10500.00 105.14
10510.00 105.11
10520.00 105.07
10530.00 105.04
10540.00 105.04
10550.00 105.00
10560.00 104.96
10570.00 104.93
10580.00 104.93
10590.00 104.89
10600.00 104.86
10610.00 104.82
10620.00 104.82
10630.00 104.78
10640.00 104.75
10650.00 104.71
10660.00 104.67
10670.00 104.67
10680.00 104.64
10690.00 104.60
10700.00 104.57
10710.00 104.57
10720.00 104.53
10730.00 104.49
10740.00 104.46
10750.00 104.46
10760.00 104.42
10770.00 104.38
10780.00 104.35
10790.00 104.31
10800.00 104.31
10810.00 104.27
10820.00 104.24
10830.00 104.20
10840.00 104.20
10850.00 104.16
10860.00 104.13
10870.00 104.09
10880.00 104.09
10890.00 104.05
10900.00 104.02
10910.00 103.98
10920.00 103.94
10930.00 103.94
10940.00 103.91
10950.00 103.87
10960.00 103.83
10970.00 103.83
10980.00 103.80
10990.00 103.76
11000.00 103.72
11010.00 103.72
11020.00 103.69
11030.00 103.65
11040.00 103.61
11050.00 103.58
11060.00 103.57
11070.00 103.54
11080.00 103.50
11090.00 103.46
11100.00 103.46
11110.00 103.43
11120.00 103.39
11130.00 103.35
11140.00 103.35
11150.00 103.31
11160.00 103.28
11170.00 103.24
11180.00 103.20
11190.00 103.20
11200.00 103.17
11210.00 103.13
11220.00 103.09
11230.00 103.09
11240.00 103.05
11250.00 103.02
11260.00 102.98
11270.00 102.98
11280.00 102.94
11290.00 102.90
11300.00 102.87
11310.00 102.87
11320.00 102.83
11330.00 102.79
11340.00 102.75
11350.00 102.72
11360.00 102.72
11370.00 102.68
11380.00 102.64
11390.00 102.60
11400.00 102.60
11410.00 102.57
11420.00 102.53
11430.00 102.49
11440.00 102.49
11450.00 102.45
11460.00 102.41
11470.00 102.38
11480.00 102.34
11490.00 102.34
11500.00 102.30
11510.00 102.26
11520.00 102.22
11530.00 102.22
11540.00 102.19
11550.00 102.15
11560.00 102.11
11570.00 102.11
11580.00 102.07
11590.00 102.03
11600.00 102.00
11610.00 101.96
11620.00 101.96
11630.00 101.92
11640.00 101.88
11650.00 101.84
11660.00 101.84
11670.00 101.80
11680.00 101.77
11690.00 101.73
11700.00 101.73
11710.00 101.69
11720.00 101.65
11730.00 101.61
11740.00 101.57
11750.00 101.57
11760.00 101.54
11770.00 101.50
11780.00 101.46
11790.00 101.46
11800.00 101.42
11810.00 101.38
11820.00 101.34
11830.00 101.34
11840.00 101.30
11850.00 101.27
11860.00 101.23
11870.00 101.19
11880.00 101.19
11890.00 101.15
11900.00 101.11
11910.00 101.07
11920.00 101.07
11930.00 101.03
11940.00 100.99
11950.00 100.96
11960.00 100.96
11970.00 100.92
11980.00 100.88
11990.00 100.84
12000.00 100.80
12010.00 100.80
12020.00 100.76
12030.00 100.72
12040.00 100.68
12050.00 100.68
12060.00 100.64
12070.00 100.61
12080.00 100.57
12090.00 100.56
12100.00 100.53
12110.00 100.49
12120.00 100.45
12130.00 100.41
12140.00 100.41
12150.00 100.37
12160.00 100.33
12170.00 100.29
12180.00 100.29
12190.00 100.25
12200.00 100.21
12210.00 100.17
12220.00 100.17
12230.00 100.13
12240.00 100.09
12250.00 100.05
12260.00 100.01
12270.00 100.01
12280.00 99.98
12290.00 99.94
12300.00 99.90
12310.00 99.90
12320.00 99.86
12330.00 99.82
12340.00 99.78
12350.00 99.78
12360.00 99.74
12370.00 99.70
12380.00 99.66
12390.00 99.62
12400.00 99.62
12410.00 99.58
12420.00 99.54
12430.00 99.50
12440.00 99.50
12450.00 99.46
12460.00 99.42
12470.00 99.38
12480.00 99.38
12490.00 99.34
12500.00 99.30
12510.00 99.26
12520.00 99.22
12530.00 99.22
12540.00 99.18
12550.00 99.14
12560.00 99.10
12570.00 99.10
12580.00 99.06
12590.00 99.02
12600.00 98.98
12610.00 98.98
12620.00 98.94
12630.00 98.90
12640.00 98.86
12650.00 98.82
12660.00 98.82
12670.00 98.78
12680.00 98.74
12690.00 98.70
12700.00 98.70
12710.00 98.66
12720.00 98.62
12730.00 98.57
12740.00 98.57
12750.00 98.53
12760.00 98.49
12770.00 98.45
12780.00 98.41
12790.00 98.41
12800.00 98.37
12810.00 98.33
12820.00 98.29
12830.00 98.29
12840.00 98.25
12850.00 98.21
12860.00 98.17
12870.00 98.17
12880.00 98.13
12890.00 98.09
12900.00 98.05
12910.00 98.01
12920.00 98.01
12930.00 97.97
12940.00 97.92
12950.00 97.88
12960.00 97.88
12970.00 97.84
12980.00 97.80
12990.00 97.76
13000.00 97.76
13010.00 97.72
13020.00 97.68
13030.00 97.64
13040.00 97.60
13050.00 97.60
13060.00 97.55
13070.00 97.52
13080.00 97.47
13090.00 97.47
13100.00 97.43
13110.00 97.39
13120.00 97.35
13130.00 97.35
13140.00 97.31
13150.00 97.27
13160.00 97.23
13170.00 97.18
13180.00 97.18
13190.00 97.14
13200.00 97.10
13210.00 97.06
13220.00 97.06
13230.00 97.02
13240.00 96.98
13250.00 96.94
13260.00 96.93
13270.00 96.89
13280.00 96.85
13290.00 96.81
13300.00 96.77
13310.00 96.77
13320.00 96.73
13330.00 96.69
13340.00 96.64
13350.00 96.64
13360.00 96.60
13370.00 96.56
13380.00 96.52
13390.00 96.52
13400.00 96.48
13410.00 96.44
13420.00 96.39
13430.00 96.39
13440.00 96.35
13450.00 96.31
13460.00 96.27
13470.00 96.23
13480.00 96.22
13490.00 96.18
13500.00 96.14
13510.00 96.10
13520.00 96.10
13530.00 96.06
13540.00 96.02
13550.00 95.97
13560.00 95.97
13570.00 95.93
13580.00 95.89
13590.00 95.85
13600.00 95.81
13610.00 95.80
13620.00 95.76
13630.00 95.72
13640.00 95.68
13650.00 95.68
13660.00 95.63
13670.00 95.59
13680.00 95.55
13690.00 95.55
13700.00 95.51
13710.00 95.47
13720.00 95.42
13730.00 95.38
13740.00 95.38
13750.00 95.34
13760.00 95.30
13770.00 95.25
13780.00 95.25
13790.00 95.21
13800.00 95.17
13810.00 95.12
13820.00 95.12
13830.00 95.08
13840.00 95.04
13850.00 95.00
13860.00 94.95
13870.00 94.95
13880.00 94.91
13890.00 94.87
13900.00 94.83
13910.00 94.82
13920.00 94.78
13930.00 94.74
13940.00 94.70
13950.00 94.69
13960.00 94.65
13970.00 94.61
13980.00 94.57
13990.00 94.53
14000.00 94.52
14010.00 94.48
14020.00 94.44
14030.00 94.40
14040.00 94.40
14050.00 94.35
14060.00 94.31
14070.00 94.27
14080.00 94.26
14090.00 94.22
14100.00 94.18
14110.00 94.14
14120.00 94.10
14130.00 94.09
14140.00 94.05
14150.00 94.01
14160.00 93.96
14170.00 93.96
14180.00 93.92
14190.00 93.88
14200.00 93.83
14210.00 93.83
14220.00 93.79
14230.00 93.74
14240.00 93.70
14250.00 93.66
14260.00 93.66
14270.00 93.61
14280.00 93.57
14290.00 93.53
14300.00 93.53
14310.00 93.48
14320.00 93.44
14330.00 93.40
14340.00 93.39
14350.00 93.35
14360.00 93.31
14370.00 93.27
14380.00 93.22
14390.00 93.22
14400.00 93.18
14410.00 93.13
14420.00 93.09
14430.00 93.09
14440.00 93.05
14450.00 93.00
14460.00 92.96
14470.00 92.96
14480.00 92.91
14490.00 92.87
14500.00 92.83
14510.00 92.78
14520.00 92.78
14530.00 92.74
14540.00 92.70
14550.00 92.65
14560.00 92.65
14570.00 92.61
14580.00 92.56
14590.00 92.52
14600.00 92.52
14610.00 92.47
14620.00 92.43
14630.00 92.38
14640.00 92.34
14650.00 92.34
14660.00 92.29
14670.00 92.25
14680.00 92.21
14690.00 92.20
14700.00 92.16
14710.00 92.12
14720.00 92.07
14730.00 92.07
14740.00 92.03
14750.00 91.98
14760.00 91.94
14770.00 91.90
14780.00 91.89
14790.00 91.85
14800.00 91.81
14810.00 91.76
14820.00 91.76
14830.00 91.71
14840.00 91.67
14850.00 91.63
14860.00 91.62
14870.00 91.58
14880.00 91.54
14890.00 91.49
14900.00 91.45
14910.00 91.45
14920.00 91.40
14930.00 91.36
14940.00 91.31
14950.00 91.31
14960.00 91.27
14970.00 91.22
14980.00 91.18
14990.00 91.18
15000.00 91.13
15010.00 91.09
15020.00 91.04
15030.00 91.00
15040.00 91.00
15050.00 90.95
15060.00 90.90
15070.00 90.86
15080.00 90.86
15090.00 90.81
15100.00 90.77
15110.00 90.72
15120.00 90.72
15130.00 90.68
15140.00 90.63
15150.00 90.59
15160.00 90.54
15170.00 90.54
15180.00 90.50
15190.00 90.45
15200.00 90.41
15210.00 90.41
15220.00 90.36
15230.00 90.32
15240.00 90.27
15250.00 90.27
15260.00 90.23
15270.00 90.18
15280.00 90.13
15290.00 90.09
15300.00 90.09
15310.00 90.04
15320.00 90.00
15330.00 89.95
15340.00 89.95
15350.00 89.90
15360.00 89.86
15370.00 89.82
15380.00 89.81
15390.00 89.76
15400.00 89.72
15410.00 89.68
15420.00 89.67
15430.00 89.63
15440.00 89.58
15450.00 89.54
15460.00 89.49
15470.00 89.49
15480.00 89.45
15490.00 89.40
15500.00 89.35
15510.00 89.35
15520.00 89.31
15530.00 89.26
15540.00 89.22
15550.00 89.21
15560.00 89.16
15570.00 89.12
15580.00 89.08
15590.00 89.03
15600.00 89.03
15610.00 88.98
15620.00 88.94
15630.00 88.89
15640.00 88.89
15650.00 88.84
15660.00 88.80
15670.00 88.75
15680.00 88.75
15690.00 88.70
15700.00 88.66
15710.00 88.61
15720.00 88.57
15730.00 88.57
15740.00 88.52
15750.00 88.47
15760.00 88.43
15770.00 88.42
15780.00 88.38
15790.00 88.33
15800.00 88.29
15810.00 88.28
15820.00 88.24
15830.00 88.19
15840.00 88.15
15850.00 88.10
15860.00 88.10
15870.00 88.05
15880.00 88.00
15890.00 87.96
15900.00 87.96
15910.00 87.91
15920.00 87.86
15930.00 87.82
15940.00 87.81
15950.00 87.77
15960.00 87.72
15970.00 87.67
15980.00 87.63
15990.00 87.63
16000.00 87.58
16010.00 87.54
16020.00 87.49
16030.00 87.48
16040.00 87.44
16050.00 87.39
16060.00 87.34
16070.00 87.34
16080.00 87.30
16090.00 87.25
16100.00 87.20
16110.00 87.16
16120.00 87.16
16130.00 87.11
16140.00 87.06
16150.00 87.02
16160.00 87.01
16170.00 86.96
16180.00 86.92
16190.00 86.87
16200.00 86.87
16210.00 86.82
16220.00 86.77
16230.00 86.73
16240.00 86.68
16250.00 86.68
16260.00 86.63
16270.00 86.59
16280.00 86.54
16290.00 86.54
16300.00 86.49
16310.00 86.44
16320.00 86.40
16330.00 86.39
16340.00 86.35
16350.00 86.30
16360.00 86.25
16370.00 86.21
16380.00 86.20
16390.00 86.15
16400.00 86.11
16410.00 86.06
16420.00 86.05
16430.00 86.01
16440.00 85.96
16450.00 85.92
16460.00 85.91
16470.00 85.86
16480.00 85.82
16490.00 85.77
16500.00 85.72
16510.00 85.72
16520.00 85.67
16530.00 85.62
16540.00 85.58
16550.00 85.58
16560.00 85.53
16570.00 85.48
16580.00 85.43
16590.00 85.43
16600.00 85.38
16610.00 85.33
16620.00 85.29
16630.00 85.24
16640.00 85.24
16650.00 85.19
16660.00 85.14
16670.00 85.09
16680.00 85.09
16690.00 85.04
16700.00 85.00
16710.00 84.95
16720.00 84.94
16730.00 84.90
16740.00 84.85
16750.00 84.80
16760.00 84.76
16770.00 84.75
16780.00 84.70
16790.00 84.66
16800.00 84.61
16810.00 84.61
16820.00 84.56
16830.00 84.51
16840.00 84.47
16850.00 84.46
16860.00 84.41
16870.00 84.37
16880.00 84.32
16890.00 84.27
16900.00 84.27
16910.00 84.22
16920.00 84.17
16930.00 84.12
16940.00 84.12
16950.00 84.07
16960.00 84.02
16970.00 83.97
16980.00 83.97
16990.00 83.92
17000.00 83.87
17010.00 83.83
17020.00 83.78
17030.00 83.77
17040.00 83.73
17050.00 83.68
17060.00 83.63
17070.00 83.63
17080.00 83.58
17090.00 83.53
17100.00 83.48
17110.00 83.47
17120.00 83.43
17130.00 83.38
17140.00 83.33
17150.00 83.28
17160.00 83.28
17170.00 83.23
17180.00 83.18
17190.00 83.13
17200.00 83.13
17210.00 83.08
17220.00 83.03
17230.00 82.99
17240.00 82.98
17250.00 82.93
17260.00 82.89
17270.00 82.84
17280.00 82.78
17290.00 82.78
17300.00 82.73
17310.00 82.69
17320.00 82.64
17330.00 82.63
17340.00 82.59
17350.00 82.54
17360.00 82.49
17370.00 82.49
17380.00 82.43
17390.00 82.38
17400.00 82.34
17410.00 82.29
17420.00 82.29
17430.00 82.24
17440.00 82.18
17450.00 82.14
17460.00 82.13
17470.00 82.08
17480.00 82.04
17490.00 81.99
17500.00 81.98
17510.00 81.94
17520.00 81.88
17530.00 81.83
17540.00 81.83
17550.00 81.78
17560.00 81.74
17570.00 81.68
17580.00 81.63
17590.00 81.63
17600.00 81.58
17610.00 81.53
17620.00 81.49
17630.00 81.48
17640.00 81.43
17650.00 81.38
17660.00 81.33
17670.00 81.33
17680.00 81.28
17690.00 81.23
17700.00 81.18
17710.00 81.13
17720.00 81.12
17730.00 81.08
17740.00 81.03
17750.00 80.98
17760.00 80.98
17770.00 80.92
17780.00 80.87
17790.00 80.83
17800.00 80.82
17810.00 80.77
17820.00 80.72
17830.00 80.67
17840.00 80.63
17850.00 80.62
17860.00 80.57
17870.00 80.52
17880.00 80.47
17890.00 80.46
17900.00 80.42
17910.00 80.36
17920.00 80.32
17930.00 80.31
17940.00 80.26
17950.00 80.21
17960.00 80.16
17970.00 80.11
17980.00 80.11
17990.00 80.06
18000.00 80.01
18010.00 79.96
18020.00 79.95
18030.00 79.90
18040.00 79.85
18050.00 79.80
18060.00 79.80
18070.00 79.75
18080.00 79.70
18090.00 79.65
18100.00 79.60
18110.00 79.59
18120.00 79.55
18130.00 79.49
18140.00 79.44
18150.00 79.44
18160.00 79.39
18170.00 79.34
18180.00 79.29
18190.00 79.28
18200.00 80.04
18210.00 79.98
18220.00 79.13
18230.00 79.09
18240.00 79.08
18250.00 79.03
18260.00 78.98
18270.00 78.93
18280.00 78.93
18290.00 78.87
18300.00 78.82
18310.00 78.78
18320.00 78.77
18330.00 78.71
18340.00 78.67
18350.00 78.62
18360.00 78.56
18370.00 78.56
18380.00 78.51
18390.00 78.46
18400.00 78.41
18410.00 78.40
18420.00 78.36
18430.00 78.30
18440.00 78.25
18450.00 78.25
18460.00 78.20
18470.00 78.14
18480.00 78.10
18490.00 78.04
18500.00 78.04
18510.00 77.99
18520.00 77.94
18530.00 77.89
18540.00 77.88
18550.00 77.83
18560.00 77.78
18570.00 77.73
18580.00 77.72
18590.00 77.68
18600.00 77.62
18610.00 77.57
18620.00 77.52
18630.00 77.52
18640.00 77.46
18650.00 77.42
18660.00 77.36
18670.00 77.36
18680.00 77.31
18690.00 77.25
18700.00 77.21
18710.00 77.20
18720.00 77.15
18730.00 77.10
18740.00 77.05
18750.00 76.99
18760.00 76.99
18770.00 76.94
18780.00 76.89
18790.00 76.84
18800.00 76.83
18810.00 76.78
18820.00 76.73
18830.00 76.67
18840.00 76.67
18850.00 76.62
18860.00 76.57
18870.00 76.52
18880.00 76.46
18890.00 76.46
18900.00 76.41
18910.00 76.36
18920.00 76.31
18930.00 76.30
18940.00 76.25
18950.00 76.20
18960.00 76.15
18970.00 76.14
18980.00 76.09
18990.00 76.04
19000.00 75.98
19010.00 75.94
19020.00 75.93
19030.00 75.88
19040.00 75.83
19050.00 75.77
19060.00 75.77
19070.00 75.72
19080.00 75.66
19090.00 75.62
19100.00 75.61
19110.00 75.55
19120.00 75.51
19130.00 75.45
19140.00 75.40
19150.00 75.40
19160.00 75.34
19170.00 75.29
19180.00 75.24
19190.00 75.23
19200.00 75.18
19210.00 75.13
19220.00 75.07
19230.00 75.07
19240.00 75.02
19250.00 74.96
19260.00 74.92
19270.00 74.86
19280.00 74.86
19290.00 74.81
19300.00 74.75
19310.00 74.70
19320.00 74.70
19330.00 74.64
19340.00 74.59
19350.00 74.54
19360.00 74.53
19370.00 74.48
19380.00 74.43
19390.00 74.38
19400.00 74.32
19410.00 74.32
19420.00 74.27
19430.00 74.21
19440.00 74.16
19450.00 74.16
19460.00 74.10
19470.00 74.05
19480.00 74.00
19490.00 73.99
19500.00 73.94
19510.00 73.89
19520.00 73.83
19530.00 73.79
19540.00 73.78
19550.00 73.72
19560.00 73.67
19570.00 73.62
19580.00 73.61
19590.00 73.56
19600.00 73.51
19610.00 73.45
19620.00 73.45
19630.00 73.39
19640.00 73.35
19650.00 73.29
19660.00 73.28
19670.00 73.23
19680.00 73.18
19690.00 73.12
19700.00 73.07
19710.00 73.07
19720.00 73.01
19730.00 72.96
19740.00 72.91
19750.00 72.91
19760.00 72.85
19770.00 72.79
19780.00 72.75
19790.00 72.74
19800.00 72.68
19810.00 72.63
19820.00 72.58
19830.00 72.52
19840.00 72.52
19850.00 72.46
19860.00 72.41
19870.00 72.36
19880.00 72.35
19890.00 72.30
19900.00 72.25
19910.00 72.19
19920.00 72.19
19930.00 72.13
19940.00 72.08
19950.00 72.03
19960.00 71.97
19970.00 71.96
19980.00 71.92
19990.00 71.86
20000.00 71.81
20010.00 71.80
20020.00 71.75
20030.00 71.70
20040.00 71.64
20050.00 71.63
20060.00 71.58
20070.00 71.53
20080.00 71.47
20090.00 71.42
20100.00 71.41
20110.00 71.36
20120.00 71.31
20130.00 71.25
20140.00 71.25
20150.00 71.19
20160.00 71.14
20170.00 71.09
20180.00 71.08
20190.00 71.02
20200.00 70.97
20210.00 70.92
20220.00 70.86
20230.00 70.86
20240.00 70.80
20250.00 70.75
20260.00 70.70
20270.00 70.69
20280.00 70.64
20290.00 70.58
20300.00 70.52
20310.00 70.52
20320.00 70.47
20330.00 70.41
20340.00 70.36
20350.00 70.30
20360.00 70.30
20370.00 70.25
20380.00 70.19
20390.00 70.14
20400.00 70.13
20410.00 70.07
20420.00 70.02
20430.00 69.97
20440.00 69.96
20450.00 69.91
20460.00 69.85
20470.00 69.79
20480.00 69.74
20490.00 69.73
20500.00 69.69
20510.00 69.63
20520.00 69.57
20530.00 69.57
20540.00 69.51
20550.00 69.45
20560.00 69.41
20570.00 69.40
20580.00 69.34
20590.00 69.29
20600.00 69.23
20610.00 69.18
20620.00 69.17
20630.00 69.12
20640.00 69.07
20650.00 69.01
20660.00 69.00
20670.00 68.95
20680.00 68.89
20690.00 68.83
20700.00 68.83
20710.00 68.78
20720.00 68.72
20730.00 68.67
20740.00 68.61
20750.00 68.61
20760.00 68.55
20770.00 68.49
20780.00 68.44
20790.00 68.43
20800.00 68.38
20810.00 68.33
20820.00 68.27
20830.00 68.26
20840.00 68.21
20850.00 68.15
20860.00 68.10
20870.00 68.04
20880.00 68.03
20890.00 67.98
20900.00 67.93
20910.00 67.87
20920.00 67.87
20930.00 67.81
20940.00 67.75
20950.00 67.70
20960.00 67.69
20970.00 67.64
20980.00 67.58
20990.00 67.52
21000.00 67.47
21010.00 67.46
21020.00 67.41
21030.00 67.36
21040.00 67.30
21050.00 67.29
21060.00 67.24
21070.00 67.18
21080.00 67.12
21090.00 67.12
21100.00 67.06
21110.00 67.01
21120.00 66.95
21130.00 66.89
21140.00 66.89
21150.00 66.83
21160.00 66.77
21170.00 66.72
21180.00 66.71
21190.00 66.66
21200.00 66.61
21210.00 66.55
21220.00 66.55
21230.00 66.49
21240.00 66.43
21250.00 66.38
21260.00 66.32
21270.00 66.31
21280.00 66.26
21290.00 66.20
21300.00 66.14
21310.00 66.14
21320.00 66.08
21330.00 66.02
21340.00 65.97
21350.00 65.96
21360.00 65.91
21370.00 65.85
21380.00 65.79
21390.00 65.74
21400.00 65.73
21410.00 65.67
21420.00 65.62
21430.00 65.56
21440.00 65.55
21450.00 65.50
21460.00 65.44
21470.00 65.39
21480.00 65.38
21490.00 65.32
21500.00 65.27
21510.00 65.21
21520.00 65.15
21530.00 65.15
21540.00 65.09
21550.00 65.03
21560.00 64.98
21570.00 64.97
21580.00 64.92
21590.00 64.86
21600.00 64.80
21610.00 64.80
21620.00 64.74
21630.00 64.68
21640.00 64.63
21650.00 64.62
21660.00 64.56
21670.00 64.51
21680.00 64.45
21690.00 64.39
21700.00 64.39
21710.00 64.33
21720.00 64.28
21730.00 64.22
21740.00 64.21
21750.00 64.16
21760.00 64.10
21770.00 64.03
21780.00 64.03
21790.00 63.97
21800.00 63.91
21810.00 63.86
21820.00 63.80
21830.00 63.80
21840.00 63.74
21850.00 63.68
21860.00 63.63
21870.00 63.62
21880.00 63.56
21890.00 63.51
21900.00 63.45
21910.00 63.44
21920.00 63.39
21930.00 63.33
21940.00 63.26
21950.00 63.21
21960.00 63.20
21970.00 63.15
21980.00 63.09
21990.00 63.03
22000.00 63.03
22010.00 62.97
22020.00 62.91
22030.00 62.86
22040.00 62.85
22050.00 62.79
22060.00 62.74
22070.00 62.67
22080.00 62.62
22090.00 62.61
22100.00 62.55
22110.00 62.50
22120.00 62.44
22130.00 62.43
22140.00 62.38
22150.00 62.32
22160.00 62.25
22170.00 62.25
22180.00 62.19
22190.00 62.13
22200.00 62.08
22210.00 62.02
22220.00 62.02
22230.00 61.96
22240.00 61.90
22250.00 61.85
22260.00 61.83
22270.00 61.77
22280.00 61.72
22290.00 61.66
22300.00 61.65
22310.00 61.60
22320.00 61.54
22330.00 61.49
22340.00 61.42
22350.00 61.41
22360.00 61.36
22370.00 61.30
22380.00 61.24
22390.00 61.24
22400.00 61.17
22410.00 61.11
22420.00 61.06
22430.00 61.05
22440.00 61.00
22450.00 60.94
22460.00 60.88
22470.00 60.82
22480.00 60.81
22490.00 60.75
22500.00 60.70
22510.00 60.64
22520.00 60.63
22530.00 60.58
22540.00 60.51
22550.00 60.45
22560.00 60.45
22570.00 60.39
22580.00 60.34
22590.00 60.27
22600.00 60.21
22610.00 60.21
22620.00 60.15
22630.00 60.09
22640.00 60.04
22650.00 60.02
22660.00 59.96
22670.00 59.91
22680.00 59.85
22690.00 59.85
22700.00 59.78
22710.00 59.72
22720.00 59.67
22730.00 59.61
22740.00 59.60
22750.00 59.55
22760.00 59.48
22770.00 59.42
22780.00 59.42
22790.00 59.36
22800.00 59.29
22810.00 59.24
22820.00 59.23
22830.00 59.18
22840.00 59.12
22850.00 59.05
22860.00 59.00
22870.00 58.99
22880.00 58.93
22890.00 58.88
22900.00 58.81
22910.00 58.80
22920.00 58.75
22930.00 58.69
22940.00 58.63
22950.00 58.62
22960.00 58.56
22970.00 58.51
22980.00 58.44
22990.00 58.38
23000.00 58.38
23010.00 58.32
23020.00 58.25
23030.00 58.20
23040.00 58.19
23050.00 58.14
23060.00 58.08
23070.00 58.01
23080.00 58.01
23090.00 57.95
23100.00 57.88
23110.00 57.83
23120.00 57.77
23130.00 57.76
23140.00 57.71
23150.00 57.64
23160.00 57.58
23170.00 57.58
23180.00 57.51
23190.00 57.46
23200.00 57.40
23210.00 57.39
23220.00 57.33
23230.00 57.27
23240.00 57.21
23250.00 57.15
23260.00 57.14
23270.00 57.08
23280.00 57.03
23290.00 56.96
23300.00 56.96
23310.00 56.90
23320.00 56.83
23330.00 56.78
23340.00 56.77
23350.00 56.71
23360.00 56.65
23370.00 56.59
23380.00 56.53
23390.00 56.53
23400.00 56.46
23410.00 56.40
23420.00 56.34
23430.00 56.33
23440.00 56.28
23450.00 56.22
23460.00 56.15
23470.00 56.15
23480.00 56.09
23490.00 56.02
23500.00 55.97
23510.00 55.91
23520.00 55.89
23530.00 55.84
23540.00 55.78
23550.00 55.72
23560.00 55.71
23570.00 55.65
23580.00 55.60
23590.00 55.53
23600.00 55.52
23610.00 55.47
23620.00 55.40
23630.00 55.34
23640.00 55.28
23650.00 55.27
23660.00 55.22
23670.00 55.15
23680.00 55.09
23690.00 55.09
23700.00 55.02
23710.00 54.96
23720.00 54.91
23730.00 54.89
23740.00 54.83
23750.00 54.78
23760.00 54.71
23770.00 54.70
23780.00 54.65
23790.00 54.58
23800.00 54.53
23810.00 54.46
23820.00 54.45
23830.00 54.40
23840.00 54.33
23850.00 54.27
23860.00 54.27
23870.00 54.20
23880.00 54.14
23890.00 54.08
23900.00 54.07
23910.00 54.02
23920.00 53.95
23930.00 53.89
23940.00 53.84
23950.00 53.82
23960.00 53.76
23970.00 53.70
23980.00 53.64
23990.00 53.63
24000.00 53.57
24010.00 53.51
24020.00 53.44
24030.00 53.44
24040.00 53.38
24050.00 53.32
24060.00 53.26
24070.00 53.19
24080.00 53.19
24090.00 53.13
24100.00 53.06
24110.00 53.01
24120.00 52.99
24130.00 52.93
24140.00 52.88
24150.00 52.81
24160.00 52.81
24170.00 52.74
24180.00 52.68
24190.00 52.62
24200.00 52.56
24210.00 52.55
24220.00 52.49
24230.00 52.43
24240.00 52.36
24250.00 52.36
24260.00 52.29
24270.00 52.24
24280.00 52.17
24290.00 52.16
24300.00 52.11
24310.00 52.04
24320.00 51.98
24330.00 51.92
24340.00 51.91
24350.00 51.84
24360.00 51.79
24370.00 51.72
24380.00 51.71
24390.00 51.66
24400.00 51.59
24410.00 51.54
24420.00 51.52
24430.00 51.46
24440.00 51.40
24450.00 51.34
24460.00 51.27
24470.00 51.27
24480.00 51.20
24490.00 51.14
24500.00 51.08
24510.00 51.07
24520.00 51.02
24530.00 50.95
24540.00 50.88
24550.00 50.88
24560.00 50.82
24570.00 50.75
24580.00 50.70
24590.00 50.63
24600.00 50.62
24610.00 50.56
24620.00 50.50
24630.00 50.43
24640.00 50.43
24650.00 50.36
24660.00 50.31
24670.00 50.24
24680.00 50.23
24690.00 50.17
24700.00 50.11
24710.00 50.04
24720.00 49.99
24730.00 49.97
24740.00 49.90
24750.00 49.85
24760.00 49.78
24770.00 49.78
24780.00 49.72
24790.00 49.65
24800.00 49.60
24810.00 49.58
24820.00 49.51
24830.00 49.46
24840.00 49.39
24850.00 49.33
24860.00 49.33
24870.00 49.26
24880.00 49.19
24890.00 49.14
24900.00 49.12
24910.00 49.07
24920.00 49.00
24930.00 48.93
24940.00 48.93
24950.00 48.87
24960.00 48.80
24970.00 48.74
24980.00 48.68
24990.00 48.66
25000.00 48.61
25010.00 48.54
25020.00 48.49
25030.00 48.47
25040.00 48.40
25050.00 48.35
25060.00 48.28
25070.00 48.27
25080.00 48.21
25090.00 48.15
25100.00 48.08
25110.00 48.02
25120.00 48.01
25130.00 47.96
25140.00 47.89
25150.00 47.82
25160.00 47.82
25170.00 47.75
25180.00 47.68
25190.00 47.63
25200.00 47.62
25210.00 47.55
25220.00 47.49
25230.00 47.42
25240.00 47.36
25250.00 47.36
25260.00 47.29
25270.00 47.23
25280.00 47.17
25290.00 47.15
25300.00 47.10
25310.00 47.03
25320.00 46.96
25330.00 46.96
25340.00 46.89
25350.00 46.82
25360.00 46.77
25370.00 46.70
25380.00 46.70
25390.00 46.63
25400.00 46.56
25410.00 46.51
25420.00 46.49
25430.00 46.42
25440.00 46.37
25450.00 46.30
25460.00 46.29
25470.00 46.23
25480.00 46.16
25490.00 46.09
25500.00 46.04
25510.00 46.03
25520.00 45.97
25530.00 45.90
25540.00 45.83
25550.00 45.83
25560.00 45.76
25570.00 45.69
25580.00 45.64
25590.00 45.63
25600.00 45.56
25610.00 45.50
25620.00 45.43
25630.00 45.38
25640.00 45.36
25650.00 45.29
25660.00 45.24
25670.00 45.17
25680.00 45.15
25690.00 45.10
25700.00 45.03
25710.00 44.96
25720.00 44.96
25730.00 44.89
25740.00 44.84
25750.00 44.77
25760.00 44.70
25770.00 44.70
25780.00 44.63
25790.00 44.56
25800.00 44.50
25810.00 44.49
25820.00 44.42
25830.00 44.36
25840.00 44.30
25850.00 44.28
25860.00 44.23
25870.00 44.16
25880.00 44.10
25890.00 44.09
25900.00 44.02
25910.00 43.96
25920.00 43.89
25930.00 43.82
25940.00 43.82
25950.00 43.75
25960.00 43.68
25970.00 43.63
25980.00 43.61
25990.00 43.56
26000.00 43.49
26010.00 43.42
26020.00 43.42
26030.00 43.35
26040.00 43.28
26050.00 43.22
26060.00 43.15
26070.00 43.14
26080.00 43.08
26090.00 43.01
26100.00 42.94
26110.00 42.94
26120.00 42.87
26130.00 42.81
26140.00 42.74
26150.00 42.73
26160.00 42.67
26170.00 42.60
26180.00 42.53
26190.00 42.48
26200.00 42.46
26210.00 42.39
26220.00 42.34
26230.00 42.27
26240.00 42.27
26250.00 42.19
26260.00 42.12
26270.00 42.07
26280.00 42.05
26290.00 41.98
26300.00 41.93
26310.00 41.86
26320.00 41.79
26330.00 41.79
26340.00 41.72
26350.00 41.66
26360.00 41.59
26370.00 41.57
26380.00 41.52
26390.00 41.45
26400.00 41.38
26410.00 41.38
26420.00 41.30
26430.00 41.23
26440.00 41.18
26450.00 41.11
26460.00 41.09
26470.00 41.04
26480.00 40.97
26490.00 40.91
26500.00 40.89
26510.00 40.82
26520.00 40.77
26530.00 40.70
26540.00 40.68
26550.00 40.62
26560.00 40.55
26570.00 40.48
26580.00 40.43
26590.00 40.41
26600.00 40.35
26610.00 40.28
26620.00 40.21
26630.00 40.21
26640.00 40.14
26650.00 40.07
26660.00 40.01
26670.00 40.00
26680.00 39.93
26690.00 39.87
26700.00 39.80
26710.00 39.73
26720.00 39.73
26730.00 39.65
26740.00 39.60
26750.00 39.53
26760.00 39.51
26770.00 39.46
26780.00 39.38
26790.00 39.31
26800.00 39.31
26810.00 39.24
26820.00 39.17
26830.00 39.11
26840.00 39.04
26850.00 39.04
26860.00 38.97
26870.00 38.90
26880.00 38.84
26890.00 38.82
26900.00 38.75
26910.00 38.70
26920.00 38.62
26930.00 38.61
26940.00 38.55
26950.00 38.48
26960.00 38.41
26970.00 38.35
26980.00 38.34
26990.00 38.28
27000.00 38.21
27010.00 38.13
27020.00 38.13
27030.00 38.06
27040.00 37.99
27050.00 37.93
27060.00 37.92
27070.00 37.84
27080.00 37.79
27090.00 37.72
27100.00 37.66
27110.00 37.64
27120.00 37.57
27130.00 37.51
27140.00 37.44
27150.00 37.43
27160.00 37.37
27170.00 37.30
27180.00 37.22
27190.00 37.22
27200.00 37.15
27210.00 37.09
27220.00 37.02
27230.00 36.95
27240.00 36.95
27250.00 36.88
27260.00 36.80
27270.00 36.75
27280.00 36.73
27290.00 36.66
27300.00 36.60
27310.00 36.53
27320.00 36.51
27330.00 36.46
27340.00 36.38
27350.00 36.33
27360.00 36.25
27370.00 36.24
27380.00 36.18
27390.00 36.11
27400.00 36.03
27410.00 36.03
27420.00 35.96
27430.00 35.89
27440.00 35.83
27450.00 35.81
27460.00 35.76
27470.00 35.68
27480.00 35.61
27490.00 35.55
27500.00 35.54
27510.00 35.46
27520.00 35.41
27530.00 35.33
27540.00 35.32
27550.00 35.26
27560.00 35.19
27570.00 35.11
27580.00 35.11
27590.00 35.04
27600.00 34.98
27610.00 34.91
27620.00 34.83
27630.00 34.83
27640.00 34.76
27650.00 34.69
27660.00 34.63
27670.00 34.61
27680.00 34.54
27690.00 34.48
27700.00 34.41
27710.00 34.41
27720.00 34.33
27730.00 34.26
27740.00 34.20
27750.00 34.13
27760.00 34.11
27770.00 34.06
27780.00 33.98
27790.00 33.91
27800.00 33.91
27810.00 33.83
27820.00 33.78
27830.00 33.70
27840.00 33.69
27850.00 33.63
27860.00 33.55
27870.00 33.48
27880.00 33.42
27890.00 33.41
27900.00 33.33
27910.00 33.27
27920.00 33.20
27930.00 33.18
27940.00 33.13
27950.00 33.05
27960.00 32.99
27970.00 32.98
27980.00 32.90
27990.00 32.84
28000.00 32.77
28010.00 32.75
28020.00 32.70
28030.00 32.62
28040.00 32.55
28050.00 32.49
28060.00 32.47
28070.00 32.41
28080.00 32.34
28090.00 32.26
28100.00 32.26
28110.00 32.19
28120.00 32.12
28130.00 32.06
28140.00 32.04
28150.00 31.97
28160.00 31.91
28170.00 31.83
28180.00 31.76
28190.00 31.76
28200.00 31.68
28210.00 31.63
28220.00 31.55
28230.00 31.53
28240.00 31.48
28250.00 31.40
28260.00 31.33
28270.00 31.33
28280.00 31.25
28290.00 31.18
28300.00 31.12
28310.00 31.04
28320.00 31.04
28330.00 30.97
28340.00 30.89
28350.00 30.83
28360.00 30.82
28370.00 30.74
28380.00 30.68
28390.00 30.61
28400.00 30.59
28410.00 30.53
28420.00 30.46
28430.00 30.40
28440.00 30.32
28450.00 30.31
28460.00 30.25
28470.00 30.17
28480.00 30.10
28490.00 30.10
28500.00 30.02
28510.00 29.95
28520.00 29.89
28530.00 29.87
28540.00 29.79
28550.00 29.74
28560.00 29.66
28570.00 29.60
28580.00 29.58
28590.00 29.51
28600.00 29.45
28610.00 29.38
28620.00 29.36
28630.00 29.30
28640.00 29.22
28650.00 29.15
28660.00 29.15
28670.00 29.07
28680.00 29.01
28690.00 28.94
28700.00 28.86
28710.00 28.86
28720.00 28.78
28730.00 28.71
28740.00 28.65
28750.00 28.63
28760.00 28.56
28770.00 28.50
28780.00 28.42
28790.00 28.40
28800.00 28.35
28810.00 28.27
28820.00 28.21
28830.00 28.13
28840.00 28.12
28850.00 28.06
28860.00 27.98
28870.00 27.91
28880.00 27.91
28890.00 27.83
28900.00 27.75
28910.00 27.69
28920.00 27.68
28930.00 27.62
28940.00 27.54
28950.00 27.46
28960.00 27.41
28970.00 27.39
28980.00 27.31
28990.00 27.25
29000.00 27.18
29010.00 27.16
29020.00 27.10
29030.00 27.02
29040.00 26.95
29050.00 26.95
29060.00 26.87
29070.00 26.81
29080.00 26.73
29090.00 26.66
29100.00 26.66
29110.00 26.58
29120.00 26.50
29130.00 26.44
29140.00 26.42
29150.00 26.35
29160.00 26.29
29170.00 26.21
29180.00 26.21
29190.00 26.13
29200.00 26.06
29210.00 26.00
29220.00 25.92
29230.00 25.90
29240.00 25.84
29250.00 25.77
29260.00 25.69
29270.00 25.69
29280.00 25.61
29290.00 25.55
29300.00 25.48
29310.00 25.46
29320.00 25.40
29330.00 25.32
29340.00 25.24
29350.00 25.19
29360.00 25.17
29370.00 25.09
29380.00 25.03
29390.00 24.95
29400.00 24.93
29410.00 24.87
29420.00 24.80
29430.00 24.74
29440.00 24.72
29450.00 24.64
29460.00 24.58
29470.00 24.50
29480.00 24.43
29490.00 24.43
29500.00 24.35
29510.00 24.27
29520.00 24.21
29530.00 24.19
29540.00 24.13
29550.00 24.06
29560.00 23.98
29570.00 23.98
29580.00 23.90
29590.00 23.82
29600.00 23.76
29610.00 23.68
29620.00 23.67
29630.00 23.61
29640.00 23.53
29650.00 23.45
29660.00 23.45
29670.00 23.37
29680.00 23.31
29690.00 23.23
29700.00 23.22
29710.00 23.16
29720.00 23.08
29730.00 23.00
29740.00 22.94
29750.00 22.92
29760.00 22.84
29770.00 22.78
29780.00 22.71
29790.00 22.71
29800.00 22.63
29810.00 22.55
29820.00 22.49
29830.00 22.47
29840.00 22.39
29850.00 22.33
29860.00 22.25
29870.00 22.17
29880.00 22.17
29890.00 22.10
29900.00 22.04
29910.00 21.96
29920.00 21.94
29930.00 21.88
29940.00 21.80
29950.00 21.72
29960.00 21.72
29970.00 21.64
29980.00 21.56
29990.00 21.50
30000.00 21.48
30010.00 21.40
30020.00 21.35
30030.00 21.27
30040.00 21.21
30050.00 21.19
30060.00 21.11
30070.00 21.05
30080.00 20.97
30090.00 20.95
30100.00 20.89
30110.00 20.81
30120.00 20.73
30130.00 20.73
30140.00 20.65
30150.00 20.59
30160.00 20.51
30170.00 20.43
30180.00 20.43
30190.00 20.35
30200.00 20.28
30210.00 20.22
30220.00 20.20
30230.00 20.12
30240.00 20.06
30250.00 19.98
30260.00 19.96
30270.00 19.90
30280.00 19.82
30290.00 19.76
30300.00 19.68
30310.00 19.66
30320.00 19.60
30330.00 19.52
30340.00 19.44
30350.00 19.44
30360.00 19.36
30370.00 19.28
30380.00 19.22
30390.00 19.20
30400.00 19.14
30410.00 19.06
30420.00 18.98
30430.00 18.92
30440.00 18.90
30450.00 18.82
30460.00 18.76
30470.00 18.68
30480.00 18.66
30490.00 18.60
30500.00 18.52
30510.00 18.46
30520.00 18.44
30530.00 18.36
30540.00 18.30
30550.00 18.22
30560.00 18.14
30570.00 18.14
30580.00 18.06
30590.00 17.98
30600.00 17.92
30610.00 17.90
30620.00 17.82
30630.00 17.76
30640.00 17.68
30650.00 17.68
30660.00 17.60
30670.00 17.52
30680.00 17.46
30690.00 17.37
30700.00 17.35
30710.00 17.29
30720.00 17.21
30730.00 17.13
30740.00 17.13
30750.00 17.05
30760.00 16.99
30770.00 16.91
30780.00 16.89
30790.00 16.83
30800.00 16.75
30810.00 16.67
30820.00 16.61
30830.00 16.59
30840.00 16.51
30850.00 16.45
30860.00 16.37
30870.00 16.35
30880.00 16.29
30890.00 16.20
30900.00 16.14
30910.00 16.12
30920.00 16.04
30930.00 15.98
30940.00 15.90
30950.00 15.82
30960.00 15.82
30970.00 15.74
30980.00 15.66
30990.00 15.60
31000.00 15.58
31010.00 15.52
31020.00 15.43
31030.00 15.35
31040.00 15.35
31050.00 15.27
31060.00 15.19
31070.00 15.13
31080.00 15.05
31090.00 15.03
31100.00 14.97
31110.00 14.89
31120.00 14.82
31130.00 14.80
31140.00 14.72
31150.00 14.66
31160.00 14.58
31170.00 14.56
31180.00 14.50
31190.00 14.42
31200.00 14.34
31210.00 14.27
31220.00 14.25
31230.00 14.17
31240.00 14.11
31250.00 14.03
31260.00 14.03
31270.00 13.95
31280.00 13.87
31290.00 13.80
31300.00 13.78
31310.00 13.70
31320.00 13.64
31330.00 13.56
31340.00 13.48
31350.00 13.48
31360.00 13.39
31370.00 13.33
31380.00 13.25
31390.00 13.23
31400.00 13.17
31410.00 13.09
31420.00 13.01
31430.00 13.01
31440.00 12.92
31450.00 12.84
31460.00 12.78
31470.00 12.70
31480.00 12.68
31490.00 12.61
31500.00 12.53
31510.00 12.47
31520.00 12.45
31530.00 12.37
31540.00 12.31
31550.00 12.22
31560.00 12.20
31570.00 12.14
31580.00 12.06
31590.00 11.98
31600.00 11.92
31610.00 11.89
31620.00 11.83
31630.00 11.75
31640.00 11.67
31650.00 11.67
31660.00 11.58
31670.00 11.50
31680.00 11.44
31690.00 11.42
31700.00 11.34
31710.00 11.28
31720.00 11.19
31730.00 11.11
31740.00 11.11
31750.00 11.03
31760.00 10.96
31770.00 10.88
31780.00 10.86
31790.00 10.80
31800.00 10.72
31810.00 10.63
31820.00 10.63
31830.00 10.55
31840.00 10.47
31850.00 10.41
31860.00 10.32
31870.00 10.32
31880.00 10.24
31890.00 10.16
31900.00 10.09
31910.00 10.07
31920.00 9.99
31930.00 9.93
31940.00 9.84
31950.00 9.82
31960.00 9.76
31970.00 9.68
31980.00 9.62
31990.00 9.53
32000.00 9.51
32010.00 9.45
32020.00 9.37
32030.00 9.28
32040.00 9.28
32050.00 9.20
32060.00 9.12
32070.00 9.05
32080.00 9.03
32090.00 8.95
32100.00 8.89
32110.00 8.80
32120.00 8.80
32130.00 8.72
32140.00 8.64
32150.00 8.57
32160.00 8.49
32170.00 8.47
32180.00 8.41
32190.00 8.32
32200.00 8.24
32210.00 8.24
32220.00 8.15
32230.00 8.09
32240.00 8.01
32250.00 7.99
32260.00 7.92
32270.00 7.84
32280.00 7.76
32290.00 7.69
32300.00 7.67
32310.00 7.59
32320.00 7.53
32330.00 7.44
32340.00 7.42
32350.00 7.36
32360.00 7.27
32370.00 7.21
32380.00 7.19
32390.00 7.10
32400.00 7.04
32410.00 6.96
32420.00 6.87
32430.00 6.87
32440.00 6.79
32450.00 6.70
32460.00 6.64
32470.00 6.62
32480.00 6.56
32490.00 6.47
32500.00 6.39
32510.00 6.39
32520.00 6.30
32530.00 6.22
32540.00 6.16
32550.00 6.07
32560.00 6.05
32570.00 5.99
32580.00 5.90
32590.00 5.84
32600.00 5.82
32610.00 5.73
32620.00 5.67
32630.00 5.59
32640.00 5.56
32650.00 5.50
32660.00 5.42
32670.00 5.33
32680.00 5.27
32690.00 5.25
32700.00 5.16
32710.00 5.10
32720.00 5.01
32730.00 5.01
32740.00 4.93
32750.00 4.84
32760.00 4.78
32770.00 4.76
32780.00 4.67
32790.00 4.61
32800.00 4.53
32810.00 4.44
32820.00 4.44
32830.00 4.35
32840.00 4.29
32850.00 4.21
32860.00 4.18
32870.00 4.12
32880.00 4.04
32890.00 3.95
32900.00 3.95
32910.00 3.87
32920.00 3.78
32930.00 3.72
32940.00 3.63
32950.00 3.61
32960.00 3.55
32970.00 3.46
32980.00 3.40
32990.00 3.37
33000.00 3.29
33010.00 3.23
33020.00 3.14
33030.00 3.12
33040.00 3.05
33050.00 2.97
33060.00 2.88
33070.00 2.82
33080.00 2.80
33090.00 2.73
33100.00 2.65
33110.00 2.56
33120.00 2.56
33130.00 2.48
33140.00 2.39
33150.00 2.33
33160.00 2.30
33170.00 2.22
33180.00 2.15
33190.00 2.07
33200.00 2.01
33210.00 1.98
33220.00 1.90
33230.00 1.83
33240.00 1.75
33250.00 1.72
33260.00 1.66
33270.00 1.57
33280.00 1.49
33290.00 1.49
33300.00 1.40
33310.00 1.32
33320.00 1.25
33330.00 1.17
33340.00 1.17
33350.00 1.08
33360.00 0.99
33370.00 0.93
33380.00 0.91
33390.00 0.82
33400.00 0.76
33410.00 0.67
33420.00 0.65
33430.00 0.58
33440.00 0.50
33450.00 0.43
33460.00 0.35
33470.00 0.32
33480.00 0.26
33490.00 0.17
33500.00 0.09
33510.00 0.09
33520.00 0.00
33530.00 7.71
33540.00 8.35
33550.00 12.53
33560.00 13.54
33570.00 14.38
33580.00 22.59
33590.00 25.02
33600.00 32.00
33610.00 40.21
33620.00 41.55
33630.00 48.56
33640.00 50.74
33650.00 53.88
33660.00 70.59
33670.00 89.00
33680.00 89.00
33690.00 104.92
33700.00 99.75
33710.00 110.16
33720.00 117.68
33730.00 117.68
33740.00 129.59
33750.00 137.70
33760.00 139.84
33770.00 144.42
33780.00 148.73
33790.00 150.46
33800.00 155.68
33810.00 158.05
33820.00 157.09
33830.00 157.00
33840.00 156.94
33850.00 158.25
33860.00 157.83
33870.00 163.26
33880.00 168.67
33890.00 168.59
33900.00 168.59
33910.00 169.90
33920.00 174.81
33930.00 176.85
33940.00 178.32
33950.00 178.26
33960.00 178.17
33970.00 178.08
33980.00 178.02
33990.00 178.00
34000.00 178.11
34010.00 181.24
34020.00 184.96
34030.00 185.73
34040.00 187.67
34050.00 187.58
