0.00 502.37 0.00 502.37
34.06 503.31 34.04 500.81
68.12 503.52 68.08 499.98
102.17 503.60 102.13 499.28
136.22 503.62 136.18 498.63
170.28 503.61 170.22 498.03
204.33 503.56 204.27 497.45
238.38 503.49 238.32 496.89
272.43 503.40 272.37 496.36
306.48 503.30 306.42 495.83
340.54 503.19 340.46 495.32
374.59 503.07 374.51 494.82
408.64 502.94 408.56 494.33
442.69 502.80 442.61 493.84
476.74 502.66 476.66 493.36
510.79 502.51 510.71 492.89
544.85 502.35 544.75 492.42
578.90 502.19 578.80 491.96
612.95 502.02 612.85 491.50
647.00 501.85 646.90 491.05
681.05 501.68 680.95 490.60
715.10 501.50 715.00 490.16
749.15 501.32 749.05 489.71
783.20 501.13 783.10 489.27
817.26 500.94 817.14 488.84
851.31 500.75 851.19 488.40
885.36 500.56 885.24 487.97
919.41 500.37 919.29 487.55
953.46 500.17 953.34 487.12
987.51 499.97 987.39 486.70
1021.56 499.77 1021.44 486.27
1055.61 499.56 1055.49 485.85
1089.66 499.36 1089.54 485.44
1123.71 499.15 1123.59 485.02
1157.77 498.94 1157.63 484.61
1191.82 498.73 1191.68 484.19
1225.87 498.52 1225.73 483.78
1259.92 498.30 1259.78 483.37
1293.97 498.09 1293.83 482.96
1328.02 497.87 1327.88 482.56
1362.07 497.65 1361.93 482.15
1396.12 497.43 1395.98 481.75
1430.17 497.21 1430.03 481.35
1464.22 496.99 1464.08 480.94
1498.27 496.77 1498.13 480.54
1532.33 496.54 1532.17 480.14
1566.38 496.32 1566.22 479.75
1600.43 496.09 1600.27 479.35
1634.48 495.86 1634.32 478.95
1668.53 495.63 1668.37 478.56
1702.58 495.40 1702.42 478.16
1736.63 495.17 1736.47 477.77
1770.68 494.94 1770.52 477.38
1804.73 494.71 1804.57 476.99
1838.78 494.48 1838.62 476.60
1872.83 494.24 1872.67 476.21
1906.88 494.01 1906.72 475.82
1940.93 493.77 1940.77 475.43
1974.98 493.54 1974.82 475.05
2009.04 493.30 2008.86 474.66
2043.09 493.06 2042.91 474.27
2077.14 492.82 2076.96 473.89
2111.19 492.58 2111.01 473.51
2145.24 492.34 2145.06 473.12
2179.29 492.10 2179.11 472.74
2213.34 491.86 2213.16 472.36
2247.39 491.62 2247.21 471.98
2281.44 491.37 2281.26 471.60
2315.49 491.13 2315.31 471.22
2349.54 490.89 2349.36 470.84
2383.59 490.64 2383.41 470.46
2417.64 490.40 2417.46 470.08
2451.69 490.15 2451.51 469.70
2485.74 489.90 2485.56 469.32
2519.79 489.66 2519.61 468.95
2553.85 489.41 2553.65 468.57
2587.90 489.16 2587.70 468.20
2621.95 488.91 2621.75 467.82
2656.00 488.66 2655.80 467.45
2690.05 488.41 2689.85 467.07
2724.10 488.16 2723.90 466.70
2758.15 487.91 2757.95 466.33
2792.20 487.66 2792.00 465.96
2826.25 487.41 2826.05 465.58
2860.30 487.16 2860.10 465.21
2894.35 486.90 2894.15 464.84
2928.40 486.65 2928.20 464.47
2962.45 486.40 2962.25 464.10
2996.50 486.14 2996.30 463.73
3030.55 485.89 3030.35 463.36
3064.60 485.63 3064.40 462.99
3098.65 485.38 3098.45 462.63
3132.70 485.12 3132.50 462.26
3166.76 484.86 3166.54 461.89
3200.81 484.61 3200.59 461.52
3234.86 484.35 3234.64 461.16
3268.91 484.09 3268.69 460.79
3302.96 483.84 3302.74 460.42
3337.01 483.58 3336.79 460.06
3371.06 483.32 3370.84 459.69
3405.11 483.06 3404.89 459.33
3439.16 482.80 3438.94 458.97
3473.21 482.54 3472.99 458.60
3507.26 482.28 3507.04 458.24
3541.31 482.02 3541.09 457.87
3575.36 481.76 3575.14 457.51
3609.41 481.50 3609.19 457.15
3643.46 481.24 3643.24 456.79
3677.51 480.98 3677.29 456.42
3711.56 480.71 3711.34 456.06
3745.61 480.45 3745.39 455.70
3779.66 480.19 3779.44 455.34
3813.71 479.93 3813.49 454.98
3847.76 479.66 3847.54 454.62
3881.82 479.40 3881.58 454.26
3915.87 479.14 3915.63 453.90
3949.92 478.87 3949.68 453.54
3983.97 478.61 3983.73 453.18
4018.02 478.34 4017.78 452.82
4052.07 478.08 4051.83 452.46
4086.12 477.81 4085.88 452.11
4120.17 477.55 4119.93 451.75
4154.22 477.28 4153.98 451.39
4188.27 477.01 4188.03 451.03
4222.32 476.75 4222.08 450.68
4256.37 476.48 4256.13 450.32
4290.42 476.21 4290.18 449.96
4324.47 475.95 4324.23 449.61
4358.52 475.68 4358.28 449.25
4392.57 475.41 4392.33 448.90
4426.62 475.14 4426.38 448.54
4460.67 474.87 4460.43 448.18
4494.72 474.61 4494.48 447.83
4528.77 474.34 4528.53 447.48
4562.82 474.07 4562.58 447.12
4596.87 473.80 4596.63 446.77
4630.92 473.53 4630.68 446.41
4664.97 473.26 4664.73 446.06
4699.02 472.99 4698.78 445.71
4733.08 472.72 4732.82 445.35
4767.13 472.45 4766.87 445.00
4801.18 472.18 4800.92 444.65
4835.23 471.91 4834.97 444.29
4869.28 471.63 4869.02 443.94
4903.33 471.36 4903.07 443.59
4937.38 471.09 4937.12 443.24
4971.43 470.82 4971.17 442.89
5005.48 470.55 5005.22 442.54
5039.53 470.27 5039.27 442.18
5073.58 470.00 5073.32 441.83
5107.63 469.73 5107.37 441.48
5141.68 469.46 5141.42 441.13
5175.73 469.18 5175.47 440.78
5209.78 468.91 5209.52 440.43
5243.83 468.63 5243.57 440.08
5277.88 468.36 5277.62 439.73
5311.93 468.09 5311.67 439.38
5345.98 467.81 5345.72 439.03
5380.03 467.54 5379.77 438.68
5414.08 467.26 5413.82 438.34
5448.13 466.99 5447.87 437.99
5482.18 466.71 5481.92 437.64
5516.23 466.44 5515.97 437.29
5550.28 466.16 5550.02 436.94
5584.33 465.89 5584.07 436.60
5618.38 465.61 5618.12 436.25
5652.43 465.33 5652.17 435.90
5686.49 465.06 5686.21 435.55
5720.54 464.78 5720.26 435.21
5754.59 464.50 5754.31 434.86
5788.64 464.23 5788.36 434.51
5822.69 463.95 5822.41 434.17
5856.74 463.67 5856.46 433.82
5890.79 463.39 5890.51 433.47
5924.84 463.12 5924.56 433.13
5958.89 462.84 5958.61 432.78
5992.94 462.56 5992.66 432.44
6026.99 462.28 6026.71 432.09
6061.04 462.00 6060.76 431.75
6095.09 461.73 6094.81 431.40
6129.14 461.45 6128.86 431.06
6163.19 461.17 6162.91 430.71
6197.24 460.89 6196.96 430.37
6231.29 460.61 6231.01 430.02
6265.34 460.33 6265.06 429.68
6299.39 460.05 6299.11 429.33
6333.44 459.77 6333.16 428.99
6367.49 459.49 6367.21 428.65
6401.54 459.21 6401.26 428.30
6435.59 458.93 6435.31 427.96
6469.64 458.65 6469.36 427.62
6503.69 458.37 6503.41 427.27
6537.74 458.09 6537.46 426.93
6571.79 457.81 6571.51 426.59
6605.84 457.53 6605.56 426.25
6639.89 457.25 6639.61 425.90
6673.94 456.96 6673.66 425.56
6707.99 456.68 6707.71 425.22
6742.04 456.40 6741.76 424.88
6776.09 456.12 6775.81 424.54
6810.14 455.84 6809.86 424.19
6844.20 455.55 6843.90 423.85
6878.25 455.27 6877.95 423.51
6912.30 454.99 6912.00 423.17
6946.35 454.71 6946.05 422.83
6980.40 454.42 6980.10 422.49
7014.45 454.14 7014.15 422.15
7048.50 453.86 7048.20 421.81
7082.55 453.57 7082.25 421.47
7116.60 453.29 7116.30 421.13
7150.65 453.01 7150.35 420.79
7184.70 452.72 7184.40 420.45
7218.75 452.44 7218.45 420.11
7252.80 452.16 7252.50 419.77
7286.85 451.87 7286.55 419.43
7320.90 451.59 7320.60 419.09
7354.95 451.30 7354.65 418.75
7389.00 451.02 7388.70 418.41
7423.05 450.73 7422.75 418.07
7457.10 450.45 7456.80 417.73
7491.15 450.16 7490.85 417.40
7525.20 449.88 7524.90 417.06
7559.25 449.59 7558.95 416.72
7593.30 449.31 7593.00 416.38
7627.35 449.02 7627.05 416.04
7661.40 448.74 7661.10 415.70
7695.45 448.45 7695.15 415.37
7729.50 448.17 7729.20 415.03
7763.55 447.88 7763.25 414.69
7797.60 447.59 7797.30 414.35
7831.65 447.31 7831.35 414.02
7865.70 447.02 7865.40 413.68
7899.75 446.73 7899.45 413.34
7933.80 446.45 7933.50 413.01
7967.85 446.16 7967.55 412.67
8001.90 445.87 8001.60 412.33
8035.95 445.59 8035.65 412.00
8070.00 445.30 8069.70 411.66
8104.05 445.01 8103.75 411.32
8138.10 444.72 8137.80 410.99
8172.15 444.44 8171.85 410.65
8206.20 444.15 8205.90 410.32
8240.26 443.86 8239.94 409.98
8274.31 443.57 8273.99 409.64
8308.36 443.28 8308.04 409.31
8342.41 443.00 8342.09 408.97
8376.46 442.71 8376.14 408.64
8410.51 442.42 8410.19 408.30
8444.56 442.13 8444.24 407.97
8478.61 441.84 8478.29 407.63
8512.66 441.55 8512.34 407.30
8546.71 441.26 8546.39 406.96
8580.76 440.97 8580.44 406.63
8614.81 440.69 8614.49 406.30
8648.86 440.40 8648.54 405.96
8682.91 440.11 8682.59 405.63
8716.96 439.82 8716.64 405.29
8751.01 439.53 8750.69 404.96
8785.06 439.24 8784.74 404.63
8819.11 438.95 8818.79 404.29
8853.16 438.66 8852.84 403.96
8887.21 438.37 8886.89 403.63
8921.26 438.08 8920.94 403.29
8955.31 437.79 8954.99 402.96
8989.36 437.50 8989.04 402.63
9023.41 437.20 9023.09 402.29
9057.46 436.91 9057.14 401.96
9091.51 436.62 9091.19 401.63
9125.56 436.33 9125.24 401.30
9159.61 436.04 9159.29 400.96
9193.66 435.75 9193.34 400.63
9227.71 435.46 9227.39 400.30
9261.76 435.17 9261.44 399.97
9295.81 434.88 9295.49 399.63
9329.86 434.58 9329.54 399.30
9363.91 434.29 9363.59 398.97
9397.96 434.00 9397.64 398.64
9432.01 433.71 9431.69 398.31
9466.06 433.42 9465.74 397.98
9500.11 433.12 9499.79 397.64
9534.16 432.83 9533.84 397.31
9568.21 432.54 9567.89 396.98
9602.26 432.25 9601.94 396.65
9636.31 431.95 9635.99 396.32
9670.36 431.66 9670.04 395.99
9704.41 431.37 9704.09 395.66
9738.46 431.07 9738.14 395.33
9772.51 430.78 9772.19 395.00
9806.56 430.49 9806.24 394.67
9840.61 430.20 9840.29 394.34
9874.66 429.90 9874.34 394.01
9908.71 429.61 9908.39 393.68
9942.76 429.31 9942.44 393.35
9976.81 429.02 9976.49 393.02
10010.87 428.73 10010.53 392.69
10044.92 428.43 10044.58 392.36
10078.97 428.14 10078.63 392.03
10113.02 427.84 10112.68 391.70
10147.07 427.55 10146.73 391.37
10181.12 427.26 10180.78 391.04
10215.17 426.96 10214.83 390.71
10249.22 426.67 10248.88 390.38
10283.27 426.37 10282.93 390.05
10317.32 426.08 10316.98 389.72
10351.37 425.78 10351.03 389.40
10385.42 425.49 10385.08 389.07
10419.47 425.19 10419.13 388.74
10453.52 424.90 10453.18 388.41
10487.57 424.60 10487.23 388.08
10521.62 424.31 10521.28 387.75
10555.67 424.01 10555.33 387.43
10589.72 423.72 10589.38 387.10
10623.77 423.42 10623.43 386.77
10657.82 423.12 10657.48 386.44
10691.87 422.83 10691.53 386.11
10725.92 422.53 10725.58 385.79
10759.97 422.24 10759.63 385.46
10794.02 421.94 10793.68 385.13
10828.07 421.64 10827.73 384.80
10862.12 421.35 10861.78 384.48
10896.17 421.05 10895.83 384.15
10930.22 420.75 10929.88 383.82
10964.27 420.46 10963.93 383.50
10998.32 420.16 10997.98 383.17
11032.37 419.86 11032.03 382.84
11066.42 419.57 11066.08 382.52
11100.47 419.27 11100.13 382.19
11134.52 418.97 11134.18 381.86
11168.57 418.68 11168.23 381.54
11202.62 418.38 11202.28 381.21
11236.67 418.08 11236.33 380.88
11270.72 417.78 11270.38 380.56
11304.77 417.49 11304.43 380.23
11338.82 417.19 11338.48 379.91
11372.87 416.89 11372.53 379.58
11406.92 416.59 11406.58 379.26
11440.97 416.29 11440.63 378.93
11475.02 416.00 11474.68 378.60
11509.07 415.70 11508.73 378.28
11543.12 415.40 11542.78 377.95
11577.17 415.10 11576.83 377.63
11611.22 414.80 11610.88 377.30
11645.27 414.50 11644.93 376.98
11679.32 414.21 11678.98 376.65
11713.37 413.91 11713.03 376.33
11747.42 413.61 11747.08 376.00
11781.47 413.31 11781.13 375.68
11815.52 413.01 11815.18 375.35
11849.57 412.71 11849.23 375.03
11883.62 412.41 11883.28 374.71
11917.67 412.11 11917.33 374.38
11951.72 411.81 11951.38 374.06
11985.77 411.51 11985.43 373.73
12019.82 411.21 12019.48 373.41
12053.87 410.91 12053.53 373.09
12087.92 410.61 12087.58 372.76
12121.97 410.31 12121.63 372.44
12156.02 410.01 12155.68 372.11
12190.07 409.71 12189.73 371.79
12224.12 409.41 12223.78 371.47
12258.17 409.11 12257.83 371.14
12292.22 408.81 12291.88 370.82
12326.27 408.51 12325.93 370.50
12360.32 408.21 12359.98 370.17
12394.37 407.91 12394.03 369.85
12428.42 407.61 12428.08 369.53
12462.47 407.31 12462.13 369.21
12496.52 407.01 12496.18 368.88
12530.57 406.71 12530.23 368.56
12564.62 406.41 12564.28 368.24
12598.67 406.11 12598.33 367.91
12632.72 405.81 12632.38 367.59
12666.78 405.50 12666.42 367.27
12700.83 405.20 12700.47 366.95
12734.88 404.90 12734.52 366.63
12768.93 404.60 12768.57 366.30
12802.98 404.30 12802.62 365.98
12837.03 404.00 12836.67 365.66
12871.08 403.69 12870.72 365.34
12905.13 403.39 12904.77 365.02
12939.18 403.09 12938.82 364.69
12973.23 402.79 12972.87 364.37
13007.28 402.49 13006.92 364.05
13041.33 402.18 13040.97 363.73
13075.38 401.88 13075.02 363.41
13109.43 401.58 13109.07 363.09
13143.48 401.28 13143.12 362.77
13177.53 400.97 13177.17 362.45
13211.58 400.67 13211.22 362.13
13245.63 400.37 13245.27 361.80
13279.68 400.07 13279.32 361.48
13313.73 399.76 13313.37 361.16
13347.78 399.46 13347.42 360.84
13381.83 399.16 13381.47 360.52
13415.88 398.85 13415.52 360.20
13449.93 398.55 13449.57 359.88
13483.98 398.25 13483.62 359.56
13518.03 397.94 13517.67 359.24
13552.08 397.64 13551.72 358.92
13586.13 397.34 13585.77 358.60
13620.18 397.03 13619.82 358.28
13654.23 396.73 13653.87 357.96
13688.28 396.43 13687.92 357.64
13722.33 396.12 13721.97 357.32
13756.38 395.82 13756.02 357.00
13790.43 395.51 13790.07 356.68
13824.48 395.21 13824.12 356.36
13858.53 394.91 13858.17 356.04
13892.58 394.60 13892.22 355.72
13926.63 394.30 13926.27 355.41
13960.68 393.99 13960.32 355.09
13994.73 393.69 13994.37 354.77
14028.78 393.38 14028.42 354.45
14062.83 393.08 14062.47 354.13
14096.88 392.77 14096.52 353.81
14130.93 392.47 14130.57 353.49
14164.98 392.16 14164.62 353.17
14199.03 391.86 14198.67 352.85
14233.08 391.55 14232.72 352.54
14267.13 391.25 14266.77 352.22
14301.18 390.94 14300.82 351.90
14335.23 390.64 14334.87 351.58
14369.28 390.33 14368.92 351.26
14403.33 390.03 14402.97 350.95
14437.38 389.72 14437.02 350.63
14471.43 389.41 14471.07 350.31
14505.48 389.11 14505.12 349.99
14539.53 388.80 14539.17 349.67
14573.58 388.50 14573.22 349.36
14607.63 388.19 14607.27 349.04
14641.68 387.88 14641.32 348.72
14675.73 387.58 14675.37 348.40
14709.78 387.27 14709.42 348.09
14743.83 386.97 14743.47 347.77
14777.88 386.66 14777.52 347.45
14811.93 386.35 14811.57 347.14
14845.98 386.05 14845.62 346.82
14880.03 385.74 14879.67 346.50
14914.08 385.43 14913.72 346.19
14948.13 385.13 14947.77 345.87
14982.18 384.82 14981.82 345.55
15016.23 384.51 15015.87 345.24
15050.28 384.20 15049.92 344.92
15084.33 383.90 15083.97 344.60
15118.38 383.59 15118.02 344.29
15152.43 383.28 15152.07 343.97
15186.48 382.97 15186.12 343.65
15220.53 382.67 15220.17 343.34
15254.58 382.36 15254.22 343.02
15288.63 382.05 15288.27 342.71
15322.68 381.74 15322.32 342.39
15356.73 381.44 15356.37 342.07
15390.78 381.13 15390.42 341.76
15424.83 380.82 15424.47 341.44
15458.88 380.51 15458.52 341.13
15492.93 380.20 15492.57 340.81
15526.98 379.90 15526.62 340.50
15561.03 379.59 15560.67 340.18
15595.08 379.28 15594.72 339.87
15629.13 378.97 15628.77 339.55
15663.18 378.66 15662.82 339.24
15697.23 378.35 15696.87 338.92
15731.28 378.04 15730.92 338.61
15765.33 377.74 15764.97 338.29
15799.38 377.43 15799.02 337.98
15833.43 377.12 15833.07 337.66
15867.48 376.81 15867.12 337.35
15901.53 376.50 15901.17 337.03
15935.58 376.19 15935.22 336.72
15969.63 375.88 15969.27 336.41
16003.68 375.57 16003.32 336.09
16037.73 375.26 16037.37 335.78
16071.78 374.95 16071.42 335.46
16105.83 374.64 16105.47 335.15
16139.88 374.33 16139.52 334.84
16173.93 374.02 16173.57 334.52
16207.98 373.71 16207.62 334.21
16242.03 373.40 16241.67 333.89
16276.08 373.09 16275.72 333.58
16310.13 372.78 16309.77 333.27
16344.18 372.47 16343.82 332.95
16378.23 372.16 16377.87 332.64
16412.28 371.85 16411.92 332.33
16446.33 371.54 16445.97 332.01
16480.38 371.23 16480.02 331.70
16514.43 370.92 16514.07 331.39
16548.48 370.61 16548.12 331.07
16582.53 370.30 16582.17 330.76
16616.58 369.99 16616.22 330.45
16650.63 369.68 16650.27 330.14
16684.68 369.37 16684.32 329.82
16718.73 369.06 16718.37 329.51
16752.78 368.75 16752.42 329.20
16786.83 368.43 16786.47 328.89
16820.88 368.12 16820.52 328.57
16854.93 367.81 16854.57 328.26
16888.98 367.50 16888.62 327.95
16923.03 367.19 16922.67 327.64
16957.08 366.88 16956.72 327.33
16991.13 366.57 16990.77 327.01
17025.18 366.25 17024.82 326.70
17059.23 365.94 17058.87 326.39
17093.28 365.63 17092.92 326.08
17127.33 365.32 17126.97 325.77
17161.38 365.01 17161.02 325.46
17195.43 364.69 17195.07 325.14
17229.48 364.38 17229.12 324.83
17263.53 364.07 17263.17 324.52
17297.58 363.76 17297.22 324.21
17331.63 363.44 17331.27 323.90
17365.68 363.13 17365.32 323.59
17399.73 362.82 17399.37 323.28
17433.78 362.51 17433.42 322.97
17467.83 362.19 17467.47 322.66
17501.88 361.88 17501.52 322.34
17535.93 361.57 17535.57 322.03
17569.98 361.25 17569.62 321.72
17604.03 360.94 17603.67 321.41
17638.08 360.63 17637.72 321.10
17672.13 360.32 17671.77 320.79
17706.18 360.00 17705.82 320.48
17740.23 359.69 17739.87 320.17
17774.28 359.38 17773.92 319.86
17808.33 359.06 17807.97 319.55
17842.38 358.75 17842.02 319.24
17876.43 358.43 17876.07 318.93
17910.48 358.12 17910.12 318.62
17944.53 357.81 17944.17 318.31
17978.58 357.49 17978.22 318.00
18012.63 357.18 18012.27 317.69
18046.68 356.86 18046.32 317.38
18080.73 356.55 18080.37 317.07
18114.78 356.24 18114.42 316.76
18148.83 355.92 18148.47 316.46
18182.88 355.61 18182.52 316.15
18216.93 355.29 18216.57 315.84
18250.98 354.98 18250.62 315.53
18285.03 354.66 18284.67 315.22
18319.08 354.35 18318.72 314.91
18353.13 354.03 18352.77 314.60
18387.18 353.72 18386.82 314.29
18421.23 353.40 18420.87 313.98
18455.28 353.09 18454.92 313.68
18489.33 352.77 18488.97 313.37
18523.38 352.46 18523.02 313.06
18557.43 352.14 18557.07 312.75
18591.48 351.83 18591.12 312.44
18625.53 351.51 18625.17 312.13
18659.58 351.20 18659.22 311.83
18693.63 350.88 18693.27 311.52
18727.68 350.56 18727.32 311.21
18761.73 350.25 18761.37 310.90
18795.78 349.93 18795.42 310.60
18829.83 349.62 18829.47 310.29
18863.88 349.30 18863.52 309.98
18897.93 348.99 18897.57 309.67
18931.98 348.67 18931.62 309.37
18966.03 348.35 18965.67 309.06
19000.08 348.04 18999.72 308.75
19034.13 347.72 19033.77 308.44
19068.18 347.40 19067.82 308.14
19102.23 347.09 19101.87 307.83
19136.28 346.77 19135.92 307.52
19170.33 346.45 19169.97 307.22
19204.38 346.14 19204.02 306.91
19238.43 345.82 19238.07 306.60
19272.48 345.50 19272.12 306.30
19306.53 345.19 19306.17 305.99
19340.58 344.87 19340.22 305.68
19374.63 344.55 19374.27 305.38
19408.68 344.23 19408.32 305.07
19442.73 343.92 19442.37 304.76
19476.78 343.60 19476.42 304.46
19510.83 343.28 19510.47 304.15
19544.88 342.96 19544.52 303.85
19578.93 342.65 19578.57 303.54
19612.98 342.33 19612.62 303.24
19647.03 342.01 19646.67 302.93
19681.08 341.69 19680.72 302.62
19715.13 341.37 19714.77 302.32
19749.18 341.06 19748.82 302.01
19783.23 340.74 19782.87 301.71
19817.28 340.42 19816.92 301.40
19851.33 340.10 19850.97 301.10
19885.38 339.78 19885.02 300.79
19919.43 339.46 19919.07 300.49
19953.48 339.14 19953.12 300.18
19987.53 338.83 19987.17 299.88
20021.58 338.51 20021.22 299.57
20055.63 338.19 20055.27 299.27
20089.68 337.87 20089.32 298.96
20123.73 337.55 20123.37 298.66
20157.78 337.23 20157.42 298.35
20191.83 336.91 20191.47 298.05
20225.88 336.59 20225.52 297.75
20259.93 336.27 20259.57 297.44
20293.98 335.95 20293.62 297.14
20328.03 335.63 20327.67 296.83
20362.08 335.31 20361.72 296.53
20396.13 334.99 20395.77 296.23
20430.18 334.67 20429.82 295.92
20464.23 334.35 20463.87 295.62
20498.28 334.03 20497.92 295.31
20532.33 333.71 20531.97 295.01
20566.38 333.39 20566.02 294.71
20600.43 333.07 20600.07 294.40
20634.48 332.75 20634.12 294.10
20668.53 332.43 20668.17 293.80
20702.58 332.11 20702.22 293.49
20736.63 331.79 20736.27 293.19
20770.68 331.47 20770.32 292.89
20804.73 331.15 20804.37 292.59
20838.78 330.83 20838.42 292.28
20872.83 330.51 20872.47 291.98
20906.88 330.19 20906.52 291.68
20940.93 329.87 20940.57 291.38
20974.98 329.55 20974.62 291.07
21009.03 329.22 21008.67 290.77
21043.08 328.90 21042.72 290.47
21077.13 328.58 21076.77 290.17
21111.18 328.26 21110.82 289.86
21145.23 327.94 21144.87 289.56
21179.28 327.62 21178.92 289.26
21213.33 327.30 21212.97 288.96
21247.38 326.97 21247.02 288.66
21281.43 326.65 21281.07 288.36
21315.48 326.33 21315.12 288.05
21349.53 326.01 21349.17 287.75
21383.58 325.69 21383.22 287.45
21417.62 325.36 21417.28 287.15
21451.67 325.04 21451.33 286.85
21485.72 324.72 21485.38 286.55
21519.77 324.40 21519.43 286.25
21553.82 324.07 21553.48 285.95
21587.87 323.75 21587.53 285.64
21621.92 323.43 21621.58 285.34
21655.97 323.10 21655.63 285.04
21690.02 322.78 21689.68 284.74
21724.07 322.46 21723.73 284.44
21758.12 322.13 21757.78 284.14
21792.17 321.81 21791.83 283.84
21826.22 321.49 21825.88 283.54
21860.27 321.16 21859.93 283.24
21894.32 320.84 21893.98 282.94
21928.37 320.52 21928.03 282.64
21962.42 320.19 21962.08 282.34
21996.47 319.87 21996.13 282.04
22030.52 319.55 22030.18 281.74
22064.57 319.22 22064.23 281.44
22098.62 318.90 22098.28 281.14
22132.67 318.57 22132.33 280.84
22166.72 318.25 22166.38 280.54
22200.77 317.93 22200.43 280.25
22234.82 317.60 22234.48 279.95
22268.87 317.28 22268.53 279.65
22302.92 316.95 22302.58 279.35
22336.97 316.63 22336.63 279.05
22371.02 316.30 22370.68 278.75
22405.07 315.98 22404.73 278.45
22439.12 315.65 22438.78 278.15
22473.17 315.33 22472.83 277.85
22507.22 315.00 22506.88 277.56
22541.27 314.68 22540.93 277.26
22575.32 314.35 22574.98 276.96
22609.37 314.03 22609.03 276.66
22643.42 313.70 22643.08 276.36
22677.47 313.37 22677.13 276.07
22711.52 313.05 22711.18 275.77
22745.57 312.72 22745.23 275.47
22779.62 312.40 22779.28 275.17
22813.67 312.07 22813.33 274.87
22847.72 311.74 22847.38 274.58
22881.77 311.42 22881.43 274.28
22915.82 311.09 22915.48 273.98
22949.87 310.77 22949.53 273.69
22983.92 310.44 22983.58 273.39
23017.97 310.11 23017.63 273.09
23052.02 309.79 23051.68 272.79
23086.07 309.46 23085.73 272.50
23120.12 309.13 23119.78 272.20
23154.17 308.81 23153.83 271.90
23188.22 308.48 23187.88 271.61
23222.27 308.15 23221.93 271.31
23256.32 307.82 23255.98 271.02
23290.37 307.50 23290.03 270.72
23324.42 307.17 23324.08 270.42
23358.47 306.84 23358.13 270.13
23392.52 306.51 23392.18 269.83
23426.57 306.19 23426.23 269.54
23460.62 305.86 23460.28 269.24
23494.67 305.53 23494.33 268.94
23528.72 305.20 23528.38 268.65
23562.77 304.87 23562.43 268.35
23596.82 304.54 23596.48 268.06
23630.87 304.22 23630.53 267.76
23664.92 303.89 23664.58 267.47
23698.97 303.56 23698.63 267.17
23733.02 303.23 23732.68 266.88
23767.07 302.90 23766.73 266.58
23801.12 302.57 23800.78 266.29
23835.17 302.24 23834.83 265.99
23869.22 301.91 23868.88 265.70
23903.27 301.59 23902.93 265.41
23937.32 301.26 23936.98 265.11
23971.37 300.93 23971.03 264.82
24005.42 300.60 24005.08 264.52
24039.47 300.27 24039.13 264.23
24073.51 299.94 24073.19 263.93
24107.56 299.61 24107.24 263.64
24141.61 299.28 24141.29 263.35
24175.66 298.95 24175.34 263.05
24209.71 298.62 24209.39 262.76
24243.76 298.29 24243.44 262.47
24277.81 297.96 24277.49 262.17
24311.86 297.63 24311.54 261.88
24345.91 297.30 24345.59 261.59
24379.96 296.97 24379.64 261.29
24414.01 296.64 24413.69 261.00
24448.06 296.30 24447.74 260.71
24482.11 295.97 24481.79 260.42
24516.16 295.64 24515.84 260.12
24550.21 295.31 24549.89 259.83
24584.26 294.98 24583.94 259.54
24618.31 294.65 24617.99 259.25
24652.36 294.32 24652.04 258.96
24686.41 293.98 24686.09 258.66
24720.46 293.65 24720.14 258.37
24754.51 293.32 24754.19 258.08
24788.56 292.99 24788.24 257.79
24822.61 292.66 24822.29 257.50
24856.66 292.32 24856.34 257.21
24890.71 291.99 24890.39 256.91
24924.76 291.66 24924.44 256.62
24958.81 291.33 24958.49 256.33
24992.86 290.99 24992.54 256.04
25026.91 290.66 25026.59 255.75
25060.96 290.33 25060.64 255.46
25095.01 290.00 25094.69 255.17
25129.06 289.66 25128.74 254.88
25163.11 289.33 25162.79 254.59
25197.16 289.00 25196.84 254.30
25231.21 288.66 25230.89 254.01
25265.26 288.33 25264.94 253.72
25299.31 288.00 25298.99 253.43
25333.36 287.66 25333.04 253.14
25367.41 287.33 25367.09 252.85
25401.46 286.99 25401.14 252.56
25435.51 286.66 25435.19 252.27
25469.56 286.32 25469.24 251.98
25503.61 285.99 25503.29 251.69
25537.66 285.66 25537.34 251.40
25571.71 285.32 25571.39 251.11
25605.76 284.99 25605.44 250.83
25639.81 284.65 25639.49 250.54
25673.86 284.32 25673.54 250.25
25707.91 283.98 25707.59 249.96
25741.96 283.65 25741.64 249.67
25776.01 283.31 25775.69 249.38
25810.06 282.97 25809.74 249.10
25844.10 282.64 25843.80 248.81
25878.15 282.30 25877.85 248.52
25912.20 281.97 25911.90 248.23
25946.25 281.63 25945.95 247.94
25980.30 281.30 25980.00 247.66
26014.35 280.96 26014.05 247.37
26048.40 280.62 26048.10 247.08
26082.45 280.29 26082.15 246.80
26116.50 279.95 26116.20 246.51
26150.55 279.61 26150.25 246.22
26184.60 279.28 26184.30 245.94
26218.65 278.94 26218.35 245.65
26252.70 278.60 26252.40 245.36
26286.75 278.26 26286.45 245.08
26320.80 277.93 26320.50 244.79
26354.85 277.59 26354.55 244.50
26388.90 277.25 26388.60 244.22
26422.95 276.91 26422.65 243.93
26457.00 276.57 26456.70 243.65
26491.05 276.24 26490.75 243.36
26525.10 275.90 26524.80 243.08
26559.15 275.56 26558.85 242.79
26593.20 275.22 26592.90 242.51
26627.25 274.88 26626.95 242.22
26661.30 274.54 26661.00 241.94
26695.35 274.20 26695.05 241.65
26729.40 273.87 26729.10 241.37
26763.45 273.53 26763.15 241.08
26797.50 273.19 26797.20 240.80
26831.55 272.85 26831.25 240.52
26865.60 272.51 26865.30 240.23
26899.65 272.17 26899.35 239.95
26933.70 271.83 26933.40 239.66
26967.75 271.49 26967.45 239.38
27001.80 271.15 27001.50 239.10
27035.85 270.81 27035.55 238.81
27069.90 270.47 27069.60 238.53
27103.95 270.13 27103.65 238.25
27138.00 269.78 27137.70 237.97
27172.05 269.44 27171.75 237.68
27206.10 269.10 27205.80 237.40
27240.14 268.76 27239.86 237.12
27274.19 268.42 27273.91 236.84
27308.24 268.08 27307.96 236.55
27342.29 267.74 27342.01 236.27
27376.34 267.39 27376.06 235.99
27410.39 267.05 27410.11 235.71
27444.44 266.71 27444.16 235.43
27478.49 266.37 27478.21 235.15
27512.54 266.02 27512.26 234.87
27546.59 265.68 27546.31 234.59
27580.64 265.34 27580.36 234.31
27614.69 264.99 27614.41 234.02
27648.74 264.65 27648.46 233.74
27682.79 264.31 27682.51 233.46
27716.84 263.96 27716.56 233.18
27750.89 263.62 27750.61 232.90
27784.94 263.28 27784.66 232.63
27818.99 262.93 27818.71 232.35
27853.04 262.59 27852.76 232.07
27887.09 262.24 27886.81 231.79
27921.14 261.90 27920.86 231.51
27955.19 261.55 27954.91 231.23
27989.24 261.21 27988.96 230.95
28023.29 260.86 28023.01 230.67
28057.34 260.52 28057.06 230.39
28091.39 260.17 28091.11 230.12
28125.44 259.83 28125.16 229.84
28159.49 259.48 28159.21 229.56
28193.54 259.14 28193.26 229.28
28227.59 258.79 28227.31 229.01
28261.64 258.44 28261.36 228.73
28295.69 258.10 28295.41 228.45
28329.74 257.75 28329.46 228.18
28363.79 257.40 28363.51 227.90
28397.83 257.06 28397.57 227.62
28431.88 256.71 28431.62 227.35
28465.93 256.36 28465.67 227.07
28499.98 256.01 28499.72 226.79
28534.03 255.66 28533.77 226.52
28568.08 255.32 28567.82 226.24
28602.13 254.97 28601.87 225.97
28636.18 254.62 28635.92 225.69
28670.23 254.27 28669.97 225.42
28704.28 253.92 28704.02 225.14
28738.33 253.57 28738.07 224.87
28772.38 253.22 28772.12 224.59
28806.43 252.87 28806.17 224.32
28840.48 252.52 28840.22 224.05
28874.53 252.17 28874.27 223.77
28908.58 251.82 28908.32 223.50
28942.63 251.47 28942.37 223.23
28976.68 251.12 28976.42 222.95
29010.73 250.77 29010.47 222.68
29044.78 250.42 29044.52 222.41
29078.83 250.07 29078.57 222.14
29112.88 249.72 29112.62 221.86
29146.93 249.37 29146.67 221.59
29180.98 249.01 29180.72 221.32
29215.03 248.66 29214.77 221.05
29249.08 248.31 29248.82 220.78
29283.13 247.96 29282.87 220.51
29317.18 247.60 29316.92 220.24
29351.22 247.25 29350.98 219.97
29385.27 246.90 29385.03 219.70
29419.32 246.54 29419.08 219.43
29453.37 246.19 29453.13 219.16
29487.42 245.83 29487.18 218.89
29521.47 245.48 29521.23 218.62
29555.52 245.13 29555.28 218.35
29589.57 244.77 29589.33 218.08
29623.62 244.42 29623.38 217.81
29657.67 244.06 29657.43 217.54
29691.72 243.70 29691.48 217.28
29725.77 243.35 29725.53 217.01
29759.82 242.99 29759.58 216.74
29793.87 242.64 29793.63 216.47
29827.92 242.28 29827.68 216.21
29861.97 241.92 29861.73 215.94
29896.02 241.56 29895.78 215.67
29930.07 241.21 29929.83 215.41
29964.12 240.85 29963.88 215.14
29998.17 240.49 29997.93 214.88
30032.22 240.13 30031.98 214.61
30066.27 239.77 30066.03 214.35
30100.32 239.41 30100.08 214.08
30134.37 239.06 30134.13 213.82
30168.42 238.70 30168.18 213.56
30202.46 238.34 30202.24 213.29
30236.51 237.98 30236.29 213.03
30270.56 237.61 30270.34 212.77
30304.61 237.25 30304.39 212.50
30338.66 236.89 30338.44 212.24
30372.71 236.53 30372.49 211.98
30406.76 236.17 30406.54 211.72
30440.81 235.81 30440.59 211.46
30474.86 235.44 30474.64 211.19
30508.91 235.08 30508.69 210.93
30542.96 234.72 30542.74 210.67
30577.01 234.35 30576.79 210.41
30611.06 233.99 30610.84 210.15
30645.11 233.63 30644.89 209.89
30679.16 233.26 30678.94 209.64
30713.21 232.90 30712.99 209.38
30747.26 232.53 30747.04 209.12
30781.31 232.16 30781.09 208.86
30815.36 231.80 30815.14 208.60
30849.41 231.43 30849.19 208.35
30883.46 231.07 30883.24 208.09
30917.50 230.70 30917.30 207.83
30951.55 230.33 30951.35 207.58
30985.60 229.96 30985.40 207.32
31019.65 229.59 31019.45 207.07
31053.70 229.22 31053.50 206.81
31087.75 228.85 31087.55 206.56
31121.80 228.48 31121.60 206.31
31155.85 228.11 31155.65 206.05
31189.90 227.74 31189.70 205.80
31223.95 227.37 31223.75 205.55
31258.00 227.00 31257.80 205.30
31292.05 226.63 31291.85 205.05
31326.10 226.25 31325.90 204.79
31360.15 225.88 31359.95 204.54
31394.20 225.51 31394.00 204.29
31428.25 225.13 31428.05 204.04
31462.30 224.76 31462.10 203.80
31496.35 224.38 31496.15 203.55
31530.39 224.01 31530.21 203.30
31564.44 223.63 31564.26 203.05
31598.49 223.25 31598.31 202.81
31632.54 222.88 31632.36 202.56
31666.59 222.50 31666.41 202.31
31700.64 222.12 31700.46 202.07
31734.69 221.74 31734.51 201.83
31768.74 221.36 31768.56 201.58
31802.79 220.98 31802.61 201.34
31836.84 220.60 31836.66 201.10
31870.89 220.22 31870.71 200.86
31904.94 219.83 31904.76 200.61
31938.99 219.45 31938.81 200.37
31973.04 219.07 31972.86 200.13
32007.09 218.68 32006.91 199.90
32041.14 218.30 32040.96 199.66
32075.18 217.91 32075.02 199.42
32109.23 217.52 32109.07 199.18
32143.28 217.14 32143.12 198.95
32177.33 216.75 32177.17 198.71
32211.38 216.36 32211.22 198.48
32245.43 215.97 32245.27 198.25
32279.48 215.58 32279.32 198.01
32313.53 215.18 32313.37 197.78
32347.58 214.79 32347.42 197.55
32381.63 214.40 32381.47 197.32
32415.68 214.00 32415.52 197.09
32449.73 213.61 32449.57 196.86
32483.78 213.21 32483.62 196.64
32517.83 212.81 32517.67 196.41
32551.87 212.41 32551.73 196.19
32585.92 212.01 32585.78 195.96
32619.97 211.61 32619.83 195.74
32654.02 211.21 32653.88 195.52
32688.07 210.80 32687.93 195.30
32722.12 210.40 32721.98 195.08
32756.17 209.99 32756.03 194.87
32790.22 209.58 32790.08 194.65
32824.27 209.17 32824.13 194.44
32858.32 208.76 32858.18 194.22
32892.37 208.35 32892.23 194.01
32926.41 207.94 32926.29 193.80
32960.46 207.52 32960.34 193.60
32994.51 207.10 32994.39 193.39
33028.56 206.68 33028.44 193.19
33062.61 206.26 33062.49 192.99
33096.66 205.84 33096.54 192.79
33130.71 205.41 33130.59 192.59
33164.76 204.98 33164.64 192.39
33198.81 204.55 33198.69 192.20
33232.86 204.12 33232.74 192.01
33266.90 203.68 33266.80 191.82
33300.95 203.24 33300.85 191.64
33335.00 202.80 33334.90 191.46
33369.05 202.35 33368.95 191.28
33403.10 201.90 33403.00 191.11
33437.15 201.45 33437.05 190.93
33471.20 200.99 33471.10 190.77
33505.25 200.53 33505.15 190.61
33539.29 200.07 33539.21 190.45
33573.34 199.59 33573.26 190.30
33607.39 199.11 33607.31 190.15
33641.44 198.63 33641.36 190.02
33675.49 198.14 33675.41 189.89
33709.54 197.63 33709.46 189.76
33743.58 197.12 33743.52 189.65
33777.63 196.60 33777.57 189.55
33811.68 196.06 33811.62 189.47
33845.73 195.51 33845.67 189.40
33879.78 194.93 33879.72 189.35
33913.82 194.32 33913.78 189.33
33947.87 193.68 33947.83 189.35
33981.92 192.97 33981.88 189.44
34015.96 192.14 34015.94 189.64
34050.00 190.58 34050.00 190.58
