0.00 523.70 0.00 523.70
14.19 523.99 14.13 522.37
28.36 523.80 28.28 521.52
42.53 523.54 42.43 520.75
56.70 523.24 56.58 520.02
70.87 522.91 70.73 519.31
85.03 522.56 84.89 518.62
99.20 522.20 99.04 517.95
113.36 521.83 113.20 517.28
127.53 521.44 127.35 516.63
141.69 521.06 141.51 515.98
155.86 520.66 155.66 515.34
170.02 520.26 169.82 514.71
184.19 519.85 183.97 514.08
198.35 519.44 198.13 513.45
212.51 519.03 212.29 512.83
226.68 518.61 226.44 512.21
240.84 518.19 240.60 511.60
255.00 517.77 254.76 510.99
269.17 517.34 268.91 510.38
283.33 516.91 283.07 509.77
297.49 516.48 297.23 509.17
311.66 516.04 311.38 508.56
325.82 515.61 325.54 507.96
339.98 515.17 339.70 507.37
354.15 514.73 353.85 506.77
368.31 514.29 368.01 506.17
382.47 513.85 382.17 505.58
396.63 513.40 396.33 504.99
410.80 512.96 410.48 504.40
424.96 512.51 424.64 503.81
439.12 512.06 438.80 503.22
453.28 511.61 452.96 502.64
467.45 511.16 467.11 502.05
481.61 510.71 481.27 501.47
495.77 510.26 495.43 500.89
509.93 509.80 509.59 500.30
524.10 509.35 523.74 499.72
538.26 508.89 537.90 499.14
552.42 508.44 552.06 498.56
566.58 507.98 566.22 497.99
580.74 507.52 580.38 497.41
594.91 507.06 594.53 496.83
609.07 506.60 608.69 496.26
623.23 506.14 622.85 495.68
637.39 505.68 637.01 495.11
651.56 505.22 651.16 494.53
665.72 504.75 665.32 493.96
679.88 504.29 679.48 493.39
694.04 503.82 693.64 492.82
708.20 503.36 707.80 492.25
722.37 502.89 721.95 491.68
736.53 502.43 736.11 491.11
750.69 501.96 750.27 490.54
764.85 501.49 764.43 489.97
779.01 501.03 778.59 489.40
793.17 500.56 792.75 488.83
807.34 500.09 806.90 488.27
821.50 499.62 821.06 487.70
835.66 499.15 835.22 487.13
849.82 498.68 849.38 486.57
863.98 498.21 863.54 486.00
878.14 497.74 877.70 485.44
892.31 497.27 891.85 484.88
906.47 496.79 906.01 484.31
920.63 496.32 920.17 483.75
934.79 495.85 934.33 483.19
948.95 495.37 948.49 482.62
963.11 494.90 962.65 482.06
977.28 494.43 976.80 481.50
991.44 493.95 990.96 480.94
1005.60 493.48 1005.12 480.38
1019.76 493.00 1019.28 479.82
1033.92 492.52 1033.44 479.26
1048.08 492.05 1047.60 478.70
1062.25 491.57 1061.75 478.14
1076.41 491.09 1075.91 477.58
1090.57 490.62 1090.07 477.02
1104.73 490.14 1104.23 476.46
1118.89 489.66 1118.39 475.91
1133.05 489.18 1132.55 475.35
1147.21 488.70 1146.71 474.79
1161.38 488.23 1160.86 474.23
1175.54 487.75 1175.02 473.68
1189.70 487.27 1189.18 473.12
1203.86 486.79 1203.34 472.57
1218.02 486.31 1217.50 472.01
1232.18 485.83 1231.66 471.45
1246.34 485.35 1245.82 470.90
1260.51 484.87 1259.97 470.34
1274.67 484.38 1274.13 469.79
1288.83 483.90 1288.29 469.24
1302.99 483.42 1302.45 468.68
1317.15 482.94 1316.61 468.13
1331.31 482.46 1330.77 467.57
1345.47 481.97 1344.93 467.02
1359.63 481.49 1359.09 466.47
1373.80 481.01 1373.24 465.92
1387.96 480.52 1387.40 465.36
1402.12 480.04 1401.56 464.81
1416.28 479.56 1415.72 464.26
1430.44 479.07 1429.88 463.71
1444.60 478.59 1444.04 463.16
1458.76 478.10 1458.20 462.60
1472.92 477.62 1472.36 462.05
1487.09 477.14 1486.51 461.50
1501.25 476.65 1500.67 460.95
1515.41 476.16 1514.83 460.40
1529.57 475.68 1528.99 459.85
1543.73 475.19 1543.15 459.30
1557.89 474.71 1557.31 458.75
1572.05 474.22 1571.47 458.20
1586.21 473.73 1585.63 457.65
1600.38 473.25 1599.78 457.10
1614.54 472.76 1613.94 456.55
1628.70 472.27 1628.10 456.01
1642.86 471.79 1642.26 455.46
1657.02 471.30 1656.42 454.91
1671.18 470.81 1670.58 454.36
1685.34 470.32 1684.74 453.81
1699.50 469.84 1698.90 453.26
1713.66 469.35 1713.06 452.72
1727.83 468.86 1727.21 452.17
1741.99 468.37 1741.37 451.62
1756.15 467.88 1755.53 451.07
1770.31 467.39 1769.69 450.53
1784.47 466.90 1783.85 449.98
1798.63 466.42 1798.01 449.43
1812.79 465.93 1812.17 448.89
1826.95 465.44 1826.33 448.34
1841.11 464.95 1840.49 447.80
1855.27 464.46 1854.65 447.25
1869.44 463.97 1868.80 446.70
1883.60 463.48 1882.96 446.16
1897.76 462.99 1897.12 445.61
1911.92 462.50 1911.28 445.07
1926.08 462.00 1925.44 444.52
1940.24 461.51 1939.60 443.98
1954.40 461.02 1953.76 443.43
1968.56 460.53 1967.92 442.89
1982.72 460.04 1982.08 442.34
1996.88 459.55 1996.24 441.80
2011.05 459.06 2010.39 441.26
2025.21 458.56 2024.55 440.71
2039.37 458.07 2038.71 440.17
2053.53 457.58 2052.87 439.63
2067.69 457.09 2067.03 439.08
2081.85 456.60 2081.19 438.54
2096.01 456.10 2095.35 437.99
2110.17 455.61 2109.51 437.45
2124.33 455.12 2123.67 436.91
2138.49 454.63 2137.83 436.37
2152.65 454.13 2151.99 435.82
2166.82 453.64 2166.14 435.28
2180.98 453.15 2180.30 434.74
2195.14 452.65 2194.46 434.20
2209.30 452.16 2208.62 433.65
2223.46 451.66 2222.78 433.11
2237.62 451.17 2236.94 432.57
2251.78 450.68 2251.10 432.03
2265.94 450.18 2265.26 431.49
2280.10 449.69 2279.42 430.95
2294.26 449.19 2293.58 430.40
2308.42 448.70 2307.74 429.86
2322.59 448.20 2321.89 429.32
2336.75 447.71 2336.05 428.78
2350.91 447.21 2350.21 428.24
2365.07 446.72 2364.37 427.70
2379.23 446.22 2378.53 427.16
2393.39 445.73 2392.69 426.62
2407.55 445.23 2406.85 426.08
2421.71 444.74 2421.01 425.54
2435.87 444.24 2435.17 425.00
2450.03 443.75 2449.33 424.46
2464.19 443.25 2463.49 423.92
2478.35 442.75 2477.65 423.38
2492.52 442.26 2491.80 422.84
2506.68 441.76 2505.96 422.30
2520.84 441.27 2520.12 421.76
2535.00 440.77 2534.28 421.22
2549.16 440.27 2548.44 420.68
2563.32 439.78 2562.60 420.14
2577.48 439.28 2576.76 419.60
2591.64 438.78 2590.92 419.06
2605.80 438.29 2605.08 418.53
2619.96 437.79 2619.24 417.99
2634.12 437.29 2633.40 417.45
2648.28 436.79 2647.56 416.91
2662.44 436.30 2661.72 416.37
2676.61 435.80 2675.87 415.83
2690.77 435.30 2690.03 415.29
2704.93 434.80 2704.19 414.76
2719.09 434.30 2718.35 414.22
2733.25 433.81 2732.51 413.68
2747.41 433.31 2746.67 413.14
2761.57 432.81 2760.83 412.61
2775.73 432.31 2774.99 412.07
2789.89 431.81 2789.15 411.53
2804.05 431.32 2803.31 410.99
2818.21 430.82 2817.47 410.46
2832.37 430.32 2831.63 409.92
2846.53 429.82 2845.79 409.38
2860.69 429.32 2859.95 408.85
2874.86 428.82 2874.10 408.31
2889.02 428.32 2888.26 407.77
2903.18 427.82 2902.42 407.24
2917.34 427.32 2916.58 406.70
2931.50 426.82 2930.74 406.16
2945.66 426.32 2944.90 405.63
2959.82 425.83 2959.06 405.09
2973.98 425.33 2973.22 404.55
2988.14 424.83 2987.38 404.02
3002.30 424.33 3001.54 403.48
3016.46 423.83 3015.70 402.95
3030.62 423.33 3029.86 402.41
3044.78 422.83 3044.02 401.88
3058.94 422.33 3058.18 401.34
3073.10 421.83 3072.34 400.80
3087.27 421.32 3086.49 400.27
3101.43 420.82 3100.65 399.73
3115.59 420.32 3114.81 399.20
3129.75 419.82 3128.97 398.66
3143.91 419.32 3143.13 398.13
3158.07 418.82 3157.29 397.59
3172.23 418.32 3171.45 397.06
3186.39 417.82 3185.61 396.52
3200.55 417.32 3199.77 395.99
3214.71 416.82 3213.93 395.45
3228.87 416.32 3228.09 394.92
3243.03 415.81 3242.25 394.39
3257.19 415.31 3256.41 393.85
3271.35 414.81 3270.57 393.32
3285.51 414.31 3284.73 392.78
3299.67 413.81 3298.89 392.25
3313.83 413.31 3313.05 391.72
3328.00 412.80 3327.20 391.18
3342.16 412.30 3341.36 390.65
3356.32 411.80 3355.52 390.11
3370.48 411.30 3369.68 389.58
3384.64 410.80 3383.84 389.05
3398.80 410.29 3398.00 388.51
3412.96 409.79 3412.16 387.98
3427.12 409.29 3426.32 387.45
3441.28 408.79 3440.48 386.91
3455.44 408.28 3454.64 386.38
3469.60 407.78 3468.80 385.85
3483.76 407.28 3482.96 385.31
3497.92 406.77 3497.12 384.78
3512.08 406.27 3511.28 384.25
3526.24 405.77 3525.44 383.72
3540.40 405.27 3539.60 383.18
3554.56 404.76 3553.76 382.65
3568.72 404.26 3567.92 382.12
3582.89 403.76 3582.07 381.59
3597.05 403.25 3596.23 381.05
3611.21 402.75 3610.39 380.52
3625.37 402.24 3624.55 379.99
3639.53 401.74 3638.71 379.46
3653.69 401.24 3652.87 378.92
3667.85 400.73 3667.03 378.39
3682.01 400.23 3681.19 377.86
3696.17 399.73 3695.35 377.33
3710.33 399.22 3709.51 376.80
3724.49 398.72 3723.67 376.27
3738.65 398.21 3737.83 375.73
3752.81 397.71 3751.99 375.20
3766.97 397.20 3766.15 374.67
3781.13 396.70 3780.31 374.14
3795.29 396.20 3794.47 373.61
3809.45 395.69 3808.63 373.08
3823.61 395.19 3822.79 372.55
3837.77 394.68 3836.95 372.02
3851.93 394.18 3851.11 371.48
3866.10 393.67 3865.26 370.95
3880.26 393.17 3879.42 370.42
3894.42 392.66 3893.58 369.89
3908.58 392.16 3907.74 369.36
3922.74 391.65 3921.90 368.83
3936.90 391.15 3936.06 368.30
3951.06 390.64 3950.22 367.77
3965.22 390.14 3964.38 367.24
3979.38 389.63 3978.54 366.71
3993.54 389.13 3992.70 366.18
4007.70 388.62 4006.86 365.65
4021.86 388.11 4021.02 365.12
4036.02 387.61 4035.18 364.59
4050.18 387.10 4049.34 364.06
4064.34 386.60 4063.50 363.53
4078.50 386.09 4077.66 363.00
4092.66 385.58 4091.82 362.47
4106.82 385.08 4105.98 361.94
4120.98 384.57 4120.14 361.41
4135.14 384.07 4134.30 360.88
4149.30 383.56 4148.46 360.35
4163.46 383.05 4162.62 359.82
4177.63 382.55 4176.77 359.29
4191.79 382.04 4190.93 358.76
4205.95 381.53 4205.09 358.23
4220.11 381.03 4219.25 357.70
4234.27 380.52 4233.41 357.17
4248.43 380.01 4247.57 356.64
4262.59 379.51 4261.73 356.12
4276.75 379.00 4275.89 355.59
4290.91 378.49 4290.05 355.06
4305.07 377.99 4304.21 354.53
4319.23 377.48 4318.37 354.00
4333.39 376.97 4332.53 353.47
4347.55 376.47 4346.69 352.94
4361.71 375.96 4360.85 352.41
4375.87 375.45 4375.01 351.89
4390.03 374.94 4389.17 351.36
4404.19 374.44 4403.33 350.83
4418.35 373.93 4417.49 350.30
4432.51 373.42 4431.65 349.77
4446.67 372.91 4445.81 349.25
4460.83 372.41 4459.97 348.72
4474.99 371.90 4474.13 348.19
4489.15 371.39 4488.29 347.66
4503.31 370.88 4502.45 347.13
4517.47 370.37 4516.61 346.61
4531.64 369.87 4530.76 346.08
4545.80 369.36 4544.92 345.55
4559.96 368.85 4559.08 345.02
4574.12 368.34 4573.24 344.49
4588.28 367.83 4587.40 343.97
4602.44 367.32 4601.56 343.44
4616.60 366.82 4615.72 342.91
4630.76 366.31 4629.88 342.38
4644.92 365.80 4644.04 341.86
4659.08 365.29 4658.20 341.33
4673.24 364.78 4672.36 340.80
4687.40 364.27 4686.52 340.28
4701.56 363.76 4700.68 339.75
4715.72 363.26 4714.84 339.22
4729.88 362.75 4729.00 338.70
4744.04 362.24 4743.16 338.17
4758.20 361.73 4757.32 337.64
4772.36 361.22 4771.48 337.12
4786.52 360.71 4785.64 336.59
4800.68 360.20 4799.80 336.06
4814.84 359.69 4813.96 335.54
4829.00 359.18 4828.12 335.01
4843.16 358.67 4842.28 334.48
4857.32 358.16 4856.44 333.96
4871.48 357.65 4870.60 333.43
4885.64 357.15 4884.76 332.90
4899.80 356.64 4898.92 332.38
4913.96 356.13 4913.08 331.85
4928.12 355.62 4927.24 331.33
4942.28 355.11 4941.40 330.80
4956.44 354.60 4955.56 330.27
4970.61 354.09 4969.71 329.75
4984.77 353.58 4983.87 329.22
4998.93 353.07 4998.03 328.70
5013.09 352.56 5012.19 328.17
5027.25 352.05 5026.35 327.64
5041.41 351.54 5040.51 327.12
5055.57 351.03 5054.67 326.59
5069.73 350.52 5068.83 326.07
5083.89 350.01 5082.99 325.54
5098.05 349.50 5097.15 325.02
5112.21 348.98 5111.31 324.49
5126.37 348.47 5125.47 323.97
5140.53 347.96 5139.63 323.44
5154.69 347.45 5153.79 322.92
5168.85 346.94 5167.95 322.39
5183.01 346.43 5182.11 321.87
5197.17 345.92 5196.27 321.34
5211.33 345.41 5210.43 320.82
5225.49 344.90 5224.59 320.29
5239.65 344.39 5238.75 319.77
5253.81 343.88 5252.91 319.24
5267.97 343.37 5267.07 318.72
5282.13 342.85 5281.23 318.19
5296.29 342.34 5295.39 317.67
5310.45 341.83 5309.55 317.14
5324.61 341.32 5323.71 316.62
5338.77 340.81 5337.87 316.09
5352.93 340.30 5352.03 315.57
5367.09 339.79 5366.19 315.05
5381.25 339.27 5380.35 314.52
5395.41 338.76 5394.51 314.00
5409.57 338.25 5408.67 313.47
5423.73 337.74 5422.83 312.95
5437.89 337.23 5436.99 312.43
5452.05 336.72 5451.15 311.90
5466.21 336.20 5465.31 311.38
5480.37 335.69 5479.47 310.85
5494.53 335.18 5493.63 310.33
5508.69 334.67 5507.79 309.81
5522.85 334.16 5521.95 309.28
5537.02 333.64 5536.10 308.76
5551.18 333.13 5550.26 308.24
5565.34 332.62 5564.42 307.71
5579.50 332.11 5578.58 307.19
5593.66 331.59 5592.74 306.67
5607.82 331.08 5606.90 306.14
5621.98 330.57 5621.06 305.62
5636.14 330.06 5635.22 305.10
5650.30 329.54 5649.38 304.57
5664.46 329.03 5663.54 304.05
5678.62 328.52 5677.70 303.53
5692.78 328.01 5691.86 303.00
5706.94 327.49 5706.02 302.48
5721.10 326.98 5720.18 301.96
5735.26 326.47 5734.34 301.43
5749.42 325.95 5748.50 300.91
5763.58 325.44 5762.66 300.39
5777.74 324.93 5776.82 299.87
5791.90 324.42 5790.98 299.34
5806.06 323.90 5805.14 298.82
5820.22 323.39 5819.30 298.30
5834.38 322.88 5833.46 297.78
5848.54 322.36 5847.62 297.25
5862.70 321.85 5861.78 296.73
5876.86 321.34 5875.94 296.21
5891.02 320.82 5890.10 295.69
5905.18 320.31 5904.26 295.16
5919.34 319.79 5918.42 294.64
5933.50 319.28 5932.58 294.12
5947.66 318.77 5946.74 293.60
5961.82 318.25 5960.90 293.08
5975.98 317.74 5975.06 292.55
5990.14 317.23 5989.22 292.03
6004.30 316.71 6003.38 291.51
6018.46 316.20 6017.54 290.99
6032.62 315.68 6031.70 290.47
6046.78 315.17 6045.86 289.94
6060.94 314.66 6060.02 289.42
6075.10 314.14 6074.18 288.90
6089.26 313.63 6088.34 288.38
6103.42 313.11 6102.50 287.86
6117.58 312.60 6116.66 287.34
6131.74 312.08 6130.82 286.82
6145.90 311.57 6144.98 286.29
6160.06 311.05 6159.14 285.77
6174.22 310.54 6173.30 285.25
6188.38 310.03 6187.46 284.73
6202.54 309.51 6201.62 284.21
6216.70 309.00 6215.78 283.69
6230.86 308.48 6229.94 283.17
6245.02 307.97 6244.10 282.65
6259.18 307.45 6258.26 282.13
6273.34 306.94 6272.42 281.61
6287.50 306.42 6286.58 281.08
6301.66 305.91 6300.74 280.56
6315.82 305.39 6314.90 280.04
6329.98 304.88 6329.06 279.52
6344.14 304.36 6343.22 279.00
6358.30 303.85 6357.38 278.48
6372.46 303.33 6371.54 277.96
6386.62 302.82 6385.70 277.44
6400.78 302.30 6399.86 276.92
6414.94 301.78 6414.02 276.40
6429.10 301.27 6428.18 275.88
6443.26 300.75 6442.34 275.36
6457.42 300.24 6456.50 274.84
6471.58 299.72 6470.66 274.32
6485.74 299.21 6484.82 273.80
6499.90 298.69 6498.98 273.28
6514.06 298.17 6513.14 272.76
6528.22 297.66 6527.30 272.24
6542.38 297.14 6541.46 271.72
6556.55 296.63 6555.61 271.20
6570.71 296.11 6569.77 270.68
6584.87 295.60 6583.93 270.16
6599.03 295.08 6598.09 269.64
6613.19 294.56 6612.25 269.12
6627.35 294.05 6626.41 268.60
6641.51 293.53 6640.57 268.08
6655.67 293.01 6654.73 267.56
6669.83 292.50 6668.89 267.04
6683.99 291.98 6683.05 266.52
6698.15 291.46 6697.21 266.00
6712.31 290.95 6711.37 265.48
6726.47 290.43 6725.53 264.97
6740.63 289.91 6739.69 264.45
6754.79 289.40 6753.85 263.93
6768.95 288.88 6768.01 263.41
6783.11 288.36 6782.17 262.89
6797.27 287.85 6796.33 262.37
6811.43 287.33 6810.49 261.85
6825.59 286.81 6824.65 261.33
6839.75 286.30 6838.81 260.81
6853.91 285.78 6852.97 260.29
6868.07 285.26 6867.13 259.78
6882.23 284.75 6881.29 259.26
6896.39 284.23 6895.45 258.74
6910.55 283.71 6909.61 258.22
6924.71 283.19 6923.77 257.70
6938.87 282.68 6937.93 257.18
6953.03 282.16 6952.09 256.67
6967.19 281.64 6966.25 256.15
6981.35 281.12 6980.41 255.63
6995.51 280.61 6994.57 255.11
7009.67 280.09 7008.73 254.59
7023.83 279.57 7022.89 254.07
7037.99 279.05 7037.05 253.56
7052.15 278.54 7051.21 253.04
7066.31 278.02 7065.37 252.52
7080.47 277.50 7079.53 252.00
7094.63 276.98 7093.69 251.48
7108.79 276.46 7107.85 250.97
7122.95 275.95 7122.01 250.45
7137.11 275.43 7136.17 249.93
7151.27 274.91 7150.33 249.41
7165.43 274.39 7164.49 248.90
7179.59 273.87 7178.65 248.38
7193.75 273.36 7192.81 247.86
7207.91 272.84 7206.97 247.34
7222.07 272.32 7221.13 246.83
7236.23 271.80 7235.29 246.31
7250.39 271.28 7249.45 245.79
7264.55 270.76 7263.61 245.27
7278.71 270.24 7277.77 244.76
7292.87 269.73 7291.93 244.24
7307.03 269.21 7306.09 243.72
7321.19 268.69 7320.25 243.21
7335.35 268.17 7334.41 242.69
7349.51 267.65 7348.57 242.17
7363.67 267.13 7362.73 241.65
7377.83 266.61 7376.89 241.14
7391.99 266.09 7391.05 240.62
7406.15 265.58 7405.21 240.10
7420.31 265.06 7419.37 239.59
7434.47 264.54 7433.53 239.07
7448.63 264.02 7447.69 238.55
7462.79 263.50 7461.85 238.04
7476.95 262.98 7476.01 237.52
7491.11 262.46 7490.17 237.00
7505.27 261.94 7504.33 236.49
7519.43 261.42 7518.49 235.97
7533.59 260.90 7532.65 235.46
7547.75 260.38 7546.81 234.94
7561.91 259.86 7560.97 234.42
7576.07 259.34 7575.13 233.91
7590.23 258.82 7589.29 233.39
7604.39 258.30 7603.45 232.88
7618.54 257.78 7617.62 232.36
7632.70 257.26 7631.78 231.84
7646.86 256.74 7645.94 231.33
7661.02 256.22 7660.10 230.81
7675.18 255.70 7674.26 230.30
7689.34 255.18 7688.42 229.78
7703.50 254.66 7702.58 229.26
7717.66 254.14 7716.74 228.75
7731.82 253.62 7730.90 228.23
7745.98 253.10 7745.06 227.72
7760.14 252.58 7759.22 227.20
7774.30 252.06 7773.38 226.69
7788.46 251.54 7787.54 226.17
7802.62 251.02 7801.70 225.66
7816.78 250.50 7815.86 225.14
7830.94 249.98 7830.02 224.63
7845.10 249.46 7844.18 224.11
7859.26 248.94 7858.34 223.60
7873.42 248.42 7872.50 223.08
7887.58 247.90 7886.66 222.57
7901.74 247.38 7900.82 222.05
7915.90 246.86 7914.98 221.54
7930.06 246.33 7929.14 221.02
7944.22 245.81 7943.30 220.51
7958.38 245.29 7957.46 219.99
7972.54 244.77 7971.62 219.48
7986.70 244.25 7985.78 218.96
8000.86 243.73 7999.94 218.45
8015.02 243.21 8014.10 217.93
8029.18 242.69 8028.26 217.42
8043.34 242.17 8042.42 216.90
8057.50 241.64 8056.58 216.39
8071.66 241.12 8070.74 215.88
8085.82 240.60 8084.90 215.36
8099.98 240.08 8099.06 214.85
8114.14 239.56 8113.22 214.33
8128.30 239.04 8127.38 213.82
8142.46 238.51 8141.54 213.30
8156.62 237.99 8155.70 212.79
8170.78 237.47 8169.86 212.28
8184.94 236.95 8184.02 211.76
8199.10 236.43 8198.18 211.25
8213.26 235.90 8212.34 210.74
8227.42 235.38 8226.50 210.22
8241.58 234.86 8240.66 209.71
8255.74 234.34 8254.82 209.19
8269.90 233.82 8268.98 208.68
8284.06 233.29 8283.14 208.17
8298.22 232.77 8297.30 207.65
8312.38 232.25 8311.46 207.14
8326.54 231.73 8325.62 206.63
8340.70 231.20 8339.78 206.11
8354.86 230.68 8353.94 205.60
8369.02 230.16 8368.10 205.09
8383.18 229.64 8382.26 204.57
8397.34 229.11 8396.42 204.06
8411.50 228.59 8410.58 203.55
8425.66 228.07 8424.74 203.03
8439.82 227.55 8438.90 202.52
8453.98 227.02 8453.06 202.01
8468.14 226.50 8467.22 201.50
8482.30 225.98 8481.38 200.98
8496.46 225.45 8495.54 200.47
8510.62 224.93 8509.70 199.96
8524.78 224.41 8523.86 199.45
8538.94 223.88 8538.02 198.93
8553.10 223.36 8552.18 198.42
8567.26 222.84 8566.34 197.91
8581.42 222.31 8580.50 197.40
8595.58 221.79 8594.66 196.88
8609.74 221.27 8608.82 196.37
8623.90 220.74 8622.98 195.86
8638.05 220.22 8637.15 195.35
8652.21 219.70 8651.31 194.83
8666.37 219.17 8665.47 194.32
8680.53 218.65 8679.63 193.81
8694.69 218.12 8693.79 193.30
8708.85 217.60 8707.95 192.79
8723.01 217.08 8722.11 192.27
8737.17 216.55 8736.27 191.76
8751.33 216.03 8750.43 191.25
8765.49 215.50 8764.59 190.74
8779.65 214.98 8778.75 190.23
8793.81 214.46 8792.91 189.72
8807.97 213.93 8807.07 189.20
8822.13 213.41 8821.23 188.69
8836.29 212.88 8835.39 188.18
8850.45 212.36 8849.55 187.67
8864.61 211.83 8863.71 187.16
8878.77 211.31 8877.87 186.65
8892.93 210.79 8892.03 186.14
8907.09 210.26 8906.19 185.63
8921.25 209.74 8920.35 185.11
8935.41 209.21 8934.51 184.60
8949.57 208.69 8948.67 184.09
8963.73 208.16 8962.83 183.58
8977.89 207.64 8976.99 183.07
8992.05 207.11 8991.15 182.56
9006.21 206.59 9005.31 182.05
9020.37 206.06 9019.47 181.54
9034.53 205.54 9033.63 181.03
9048.69 205.01 9047.79 180.52
9062.85 204.49 9061.95 180.01
9077.01 203.96 9076.11 179.50
9091.17 203.43 9090.27 178.99
9105.33 202.91 9104.43 178.48
9119.49 202.38 9118.59 177.97
9133.65 201.86 9132.75 177.46
9147.81 201.33 9146.91 176.95
9161.97 200.81 9161.07 176.44
9176.13 200.28 9175.23 175.93
9190.29 199.75 9189.39 175.42
9204.44 199.23 9203.56 174.91
9218.60 198.70 9217.72 174.40
9232.76 198.18 9231.88 173.89
9246.92 197.65 9246.04 173.38
9261.08 197.12 9260.20 172.87
9275.24 196.60 9274.36 172.36
9289.40 196.07 9288.52 171.85
9303.56 195.55 9302.68 171.34
9317.72 195.02 9316.84 170.83
9331.88 194.49 9331.00 170.32
9346.04 193.97 9345.16 169.81
9360.20 193.44 9359.32 169.30
9374.36 192.91 9373.48 168.79
9388.52 192.39 9387.64 168.28
9402.68 191.86 9401.80 167.77
9416.84 191.33 9415.96 167.26
9431.00 190.81 9430.12 166.76
9445.16 190.28 9444.28 166.25
9459.32 189.75 9458.44 165.74
9473.48 189.23 9472.60 165.23
9487.64 188.70 9486.76 164.72
9501.80 188.17 9500.92 164.21
9515.96 187.64 9515.08 163.70
9530.12 187.12 9529.24 163.19
9544.28 186.59 9543.40 162.69
9558.44 186.06 9557.56 162.18
9572.60 185.54 9571.72 161.67
9586.76 185.01 9585.88 161.16
9600.92 184.48 9600.04 160.65
9615.08 183.95 9614.20 160.14
9629.24 183.42 9628.36 159.64
9643.39 182.90 9642.53 159.13
9657.55 182.37 9656.69 158.62
9671.71 181.84 9670.85 158.11
9685.87 181.31 9685.01 157.60
9700.03 180.79 9699.17 157.10
9714.19 180.26 9713.33 156.59
9728.35 179.73 9727.49 156.08
9742.51 179.20 9741.65 155.57
9756.67 178.67 9755.81 155.07
9770.83 178.14 9769.97 154.56
9784.99 177.62 9784.13 154.05
9799.15 177.09 9798.29 153.54
9813.31 176.56 9812.45 153.04
9827.47 176.03 9826.61 152.53
9841.63 175.50 9840.77 152.02
9855.79 174.97 9854.93 151.52
9869.95 174.44 9869.09 151.01
9884.11 173.92 9883.25 150.50
9898.27 173.39 9897.41 149.99
9912.43 172.86 9911.57 149.49
9926.59 172.33 9925.73 148.98
9940.75 171.80 9939.89 148.47
9954.91 171.27 9954.05 147.97
9969.07 170.74 9968.21 147.46
9983.23 170.21 9982.37 146.96
9997.38 169.68 9996.54 146.45
10011.54 169.15 10010.70 145.94
10025.70 168.62 10024.86 145.44
10039.86 168.09 10039.02 144.93
10054.02 167.56 10053.18 144.42
10068.18 167.03 10067.34 143.92
10082.34 166.50 10081.50 143.41
10096.50 165.97 10095.66 142.91
10110.66 165.44 10109.82 142.40
10124.82 164.91 10123.98 141.89
10138.98 164.38 10138.14 141.39
10153.14 163.85 10152.30 140.88
10167.30 163.32 10166.46 140.38
10181.46 162.79 10180.62 139.87
10195.62 162.26 10194.78 139.37
10209.78 161.73 10208.94 138.86
10223.94 161.20 10223.10 138.36
10238.10 160.67 10237.26 137.85
10252.26 160.14 10251.42 137.35
10266.42 159.61 10265.58 136.84
10280.58 159.08 10279.74 136.34
10294.74 158.55 10293.90 135.83
10308.89 158.02 10308.07 135.33
10323.05 157.49 10322.23 134.82
10337.21 156.96 10336.39 134.32
10351.37 156.42 10350.55 133.81
10365.53 155.89 10364.71 133.31
10379.69 155.36 10378.87 132.80
10393.85 154.83 10393.03 132.30
10408.01 154.30 10407.19 131.79
10422.17 153.77 10421.35 131.29
10436.33 153.24 10435.51 130.78
10450.49 152.70 10449.67 130.28
10464.65 152.17 10463.83 129.78
10478.81 151.64 10477.99 129.27
10492.97 151.11 10492.15 128.77
10507.13 150.58 10506.31 128.26
10521.29 150.05 10520.47 127.76
10535.45 149.51 10534.63 127.26
10549.61 148.98 10548.79 126.75
10563.77 148.45 10562.95 126.25
10577.93 147.92 10577.11 125.75
10592.08 147.38 10591.28 125.24
10606.24 146.85 10605.44 124.74
10620.40 146.32 10619.60 124.24
10634.56 145.79 10633.76 123.73
10648.72 145.25 10647.92 123.23
10662.88 144.72 10662.08 122.73
10677.04 144.19 10676.24 122.23
10691.20 143.65 10690.40 121.72
10705.36 143.12 10704.56 121.22
10719.52 142.59 10718.72 120.72
10733.68 142.06 10732.88 120.21
10747.84 141.52 10747.04 119.71
10762.00 140.99 10761.20 119.21
10776.16 140.46 10775.36 118.71
10790.32 139.92 10789.52 118.20
10804.48 139.39 10803.68 117.70
10818.64 138.85 10817.84 117.20
10832.80 138.32 10832.00 116.70
10846.95 137.79 10846.17 116.20
10861.11 137.25 10860.33 115.69
10875.27 136.72 10874.49 115.19
10889.43 136.18 10888.65 114.69
10903.59 135.65 10902.81 114.19
10917.75 135.12 10916.97 113.69
10931.91 134.58 10931.13 113.19
10946.07 134.05 10945.29 112.69
10960.23 133.51 10959.45 112.18
10974.39 132.98 10973.61 111.68
10988.55 132.44 10987.77 111.18
11002.71 131.91 11001.93 110.68
11016.87 131.37 11016.09 110.18
11031.03 130.84 11030.25 109.68
11045.19 130.30 11044.41 109.18
11059.35 129.77 11058.57 108.68
11073.51 129.23 11072.73 108.18
11087.66 128.70 11086.90 107.68
11101.82 128.16 11101.06 107.18
11115.98 127.63 11115.22 106.68
11130.14 127.09 11129.38 106.18
11144.30 126.56 11143.54 105.68
11158.46 126.02 11157.70 105.18
11172.62 125.48 11171.86 104.68
11186.78 124.95 11186.02 104.18
11200.94 124.41 11200.18 103.68
11215.10 123.88 11214.34 103.18
11229.26 123.34 11228.50 102.68
11243.42 122.80 11242.66 102.18
11257.58 122.27 11256.82 101.68
11271.74 121.73 11270.98 101.18
11285.90 121.19 11285.14 100.68
11300.05 120.66 11299.31 100.18
11314.21 120.12 11313.47 99.68
11328.37 119.58 11327.63 99.18
11342.53 119.05 11341.79 98.69
11356.69 118.51 11355.95 98.19
11370.85 117.97 11370.11 97.69
11385.01 117.43 11384.27 97.19
11399.17 116.90 11398.43 96.69
11413.33 116.36 11412.59 96.19
11427.49 115.82 11426.75 95.70
11441.65 115.28 11440.91 95.20
11455.81 114.75 11455.07 94.70
11469.97 114.21 11469.23 94.20
11484.13 113.67 11483.39 93.70
11498.28 113.13 11497.56 93.21
11512.44 112.59 11511.72 92.71
11526.60 112.05 11525.88 92.21
11540.76 111.52 11540.04 91.71
11554.92 110.98 11554.20 91.22
11569.08 110.44 11568.36 90.72
11583.24 109.90 11582.52 90.22
11597.40 109.36 11596.68 89.73
11611.56 108.82 11610.84 89.23
11625.72 108.28 11625.00 88.73
11639.88 107.74 11639.16 88.24
11654.04 107.20 11653.32 87.74
11668.20 106.66 11667.48 87.24
11682.35 106.12 11681.65 86.75
11696.51 105.58 11695.81 86.25
11710.67 105.04 11709.97 85.76
11724.83 104.50 11724.13 85.26
11738.99 103.96 11738.29 84.76
11753.15 103.42 11752.45 84.27
11767.31 102.88 11766.61 83.77
11781.47 102.34 11780.77 83.28
11795.63 101.80 11794.93 82.78
11809.79 101.26 11809.09 82.29
11823.95 100.72 11823.25 81.79
11838.11 100.18 11837.41 81.30
11852.26 99.64 11851.58 80.80
11866.42 99.10 11865.74 80.31
11880.58 98.56 11879.90 79.81
11894.74 98.02 11894.06 79.32
11908.90 97.47 11908.22 78.83
11923.06 96.93 11922.38 78.33
11937.22 96.39 11936.54 77.84
11951.38 95.85 11950.70 77.34
11965.54 95.31 11964.86 76.85
11979.70 94.76 11979.02 76.36
11993.86 94.22 11993.18 75.86
12008.01 93.68 12007.35 75.37
12022.17 93.14 12021.51 74.88
12036.33 92.59 12035.67 74.38
12050.49 92.05 12049.83 73.89
12064.65 91.51 12063.99 73.40
12078.81 90.96 12078.15 72.91
12092.97 90.42 12092.31 72.41
12107.13 89.88 12106.47 71.92
12121.29 89.33 12120.63 71.43
12135.45 88.79 12134.79 70.94
12149.61 88.25 12148.95 70.45
12163.76 87.70 12163.12 69.95
12177.92 87.16 12177.28 69.46
12192.08 86.61 12191.44 68.97
12206.24 86.07 12205.60 68.48
12220.40 85.52 12219.76 67.99
12234.56 84.98 12233.92 67.50
12248.72 84.43 12248.08 67.01
12262.88 83.89 12262.24 66.52
12277.04 83.34 12276.40 66.03
12291.20 82.80 12290.56 65.54
12305.35 82.25 12304.73 65.05
12319.51 81.71 12318.89 64.56
12333.67 81.16 12333.05 64.07
12347.83 80.61 12347.21 63.58
12361.99 80.07 12361.37 63.09
12376.15 79.52 12375.53 62.60
12390.31 78.97 12389.69 62.11
12404.47 78.43 12403.85 61.62
12418.63 77.88 12418.01 61.13
12432.79 77.33 12432.17 60.64
12446.94 76.79 12446.34 60.15
12461.10 76.24 12460.50 59.67
12475.26 75.69 12474.66 59.18
12489.42 75.14 12488.82 58.69
12503.58 74.59 12502.98 58.20
12517.74 74.05 12517.14 57.72
12531.90 73.50 12531.30 57.23
12546.06 72.95 12545.46 56.74
12560.22 72.40 12559.62 56.25
12574.37 71.85 12573.79 55.77
12588.53 71.30 12587.95 55.28
12602.69 70.75 12602.11 54.80
12616.85 70.20 12616.27 54.31
12631.01 69.65 12630.43 53.82
12645.17 69.10 12644.59 53.34
12659.33 68.55 12658.75 52.85
12673.49 68.00 12672.91 52.37
12687.64 67.45 12687.08 51.88
12701.80 66.90 12701.24 51.40
12715.96 66.35 12715.40 50.91
12730.12 65.80 12729.56 50.43
12744.28 65.24 12743.72 49.94
12758.44 64.69 12757.88 49.46
12772.60 64.14 12772.04 48.98
12786.76 63.59 12786.20 48.49
12800.91 63.03 12800.37 48.01
12815.07 62.48 12814.53 47.53
12829.23 61.93 12828.69 47.05
12843.39 61.37 12842.85 46.56
12857.55 60.82 12857.01 46.08
12871.71 60.27 12871.17 45.60
12885.87 59.71 12885.33 45.12
12900.03 59.16 12899.49 44.64
12914.18 58.60 12913.66 44.16
12928.34 58.05 12927.82 43.68
12942.50 57.49 12941.98 43.20
12956.66 56.94 12956.14 42.71
12970.82 56.38 12970.30 42.24
12984.98 55.82 12984.46 41.76
12999.14 55.27 12998.62 41.28
13013.29 54.71 13012.79 40.80
13027.45 54.15 13026.95 40.32
13041.61 53.60 13041.11 39.84
13055.77 53.04 13055.27 39.36
13069.93 52.48 13069.43 38.89
13084.09 51.92 13083.59 38.41
13098.25 51.36 13097.75 37.93
13112.40 50.80 13111.92 37.45
13126.56 50.24 13126.08 36.98
13140.72 49.68 13140.24 36.50
13154.88 49.12 13154.40 36.03
13169.04 48.56 13168.56 35.55
13183.20 48.00 13182.72 35.08
13197.35 47.44 13196.89 34.60
13211.51 46.88 13211.05 34.13
13225.67 46.32 13225.21 33.66
13239.83 45.75 13239.37 33.18
13253.99 45.19 13253.53 32.71
13268.15 44.63 13267.69 32.24
13282.30 44.06 13281.86 31.77
13296.46 43.50 13296.02 31.29
13310.62 42.93 13310.18 30.82
13324.78 42.37 13324.34 30.35
13338.94 41.80 13338.50 29.88
13353.10 41.24 13352.66 29.41
13367.25 40.67 13366.83 28.94
13381.41 40.10 13380.99 28.48
13395.57 39.53 13395.15 28.01
13409.73 38.97 13409.31 27.54
13423.89 38.40 13423.47 27.07
13438.05 37.83 13437.63 26.61
13452.20 37.26 13451.80 26.14
13466.36 36.69 13465.96 25.68
13480.52 36.11 13480.12 25.21
13494.68 35.54 13494.28 24.75
13508.84 34.97 13508.44 24.29
13522.99 34.40 13522.61 23.82
13537.15 33.82 13536.77 23.36
13551.31 33.25 13550.93 22.90
13565.47 32.67 13565.09 22.44
13579.62 32.09 13579.26 21.98
13593.78 31.52 13593.42 21.52
13607.94 30.94 13607.58 21.07
13622.10 30.36 13621.74 20.61
13636.26 29.78 13635.90 20.15
13650.41 29.20 13650.07 19.70
13664.57 28.62 13664.23 19.25
13678.73 28.03 13678.39 18.79
13692.89 27.45 13692.55 18.34
13707.04 26.87 13706.72 17.89
13721.20 26.28 13720.88 17.44
13735.36 25.69 13735.04 16.99
13749.52 25.10 13749.20 16.55
13763.67 24.51 13763.37 16.10
13777.83 23.92 13777.53 15.66
13791.99 23.33 13791.69 15.21
13806.15 22.73 13805.85 14.77
13820.30 22.14 13820.02 14.33
13834.46 21.54 13834.18 13.89
13848.62 20.94 13848.34 13.46
13862.77 20.34 13862.51 13.02
13876.93 19.73 13876.67 12.59
13891.09 19.13 13890.83 12.16
13905.24 18.52 13905.00 11.74
13919.40 17.91 13919.16 11.31
13933.56 17.29 13933.32 10.89
13947.71 16.67 13947.49 10.47
13961.87 16.05 13961.65 10.06
13976.03 15.43 13975.81 9.65
13990.18 14.80 13989.98 9.24
14004.34 14.16 14004.14 8.84
14018.49 13.52 14018.31 8.45
14032.65 12.87 14032.47 8.06
14046.80 12.22 14046.64 7.68
14060.96 11.56 14060.80 7.30
14075.11 10.88 14074.97 6.94
14089.27 10.19 14089.13 6.60
14103.42 9.49 14103.30 6.27
14117.57 8.75 14117.47 5.96
14131.72 7.98 14131.64 5.70
14145.87 7.13 14145.81 5.52
14160.00 5.80 14160.00 5.80
