0.00 441.06 0.00 441.06
51.73 442.39 51.71 439.31
103.45 442.81 103.43 438.45
155.17 443.08 155.15 437.75
206.89 443.28 206.87 437.13
258.61 443.43 258.59 436.55
310.34 443.54 310.30 436.01
362.06 443.62 362.02 435.50
413.78 443.69 413.74 435.00
465.50 443.73 465.46 434.53
517.22 443.77 517.18 434.07
568.94 443.79 568.90 433.62
620.66 443.79 620.62 433.18
672.38 443.79 672.34 432.75
724.10 443.79 724.06 432.33
775.82 443.77 775.78 431.92
827.55 443.75 827.49 431.51
879.27 443.72 879.21 431.11
930.99 443.68 930.93 430.72
982.71 443.64 982.65 430.33
1034.43 443.59 1034.37 429.95
1086.15 443.55 1086.09 429.57
1137.87 443.49 1137.81 429.19
1189.59 443.43 1189.53 428.82
1241.31 443.37 1241.25 428.45
1293.03 443.31 1292.97 428.09
1344.75 443.24 1344.69 427.73
1396.47 443.17 1396.41 427.37
1448.19 443.10 1448.13 427.01
1499.91 443.02 1499.85 426.66
1551.63 442.94 1551.57 426.31
1603.36 442.86 1603.28 425.96
1655.08 442.78 1655.00 425.62
1706.80 442.69 1706.72 425.27
1758.52 442.60 1758.44 424.93
1810.24 442.51 1810.16 424.59
1861.96 442.42 1861.88 424.26
1913.68 442.32 1913.60 423.92
1965.40 442.23 1965.32 423.59
2017.12 442.13 2017.04 423.26
2068.84 442.03 2068.76 422.93
2120.56 441.93 2120.48 422.60
2172.28 441.83 2172.20 422.27
2224.00 441.72 2223.92 421.95
2275.72 441.62 2275.64 421.62
2327.44 441.51 2327.36 421.30
2379.16 441.40 2379.08 420.98
2430.88 441.29 2430.80 420.66
2482.60 441.18 2482.52 420.34
2534.32 441.07 2534.24 420.03
2586.04 440.96 2585.96 419.71
2637.76 440.84 2637.68 419.39
2689.48 440.73 2689.40 419.08
2741.21 440.61 2741.11 418.77
2792.93 440.49 2792.83 418.46
2844.65 440.37 2844.55 418.15
2896.37 440.25 2896.27 417.84
2948.09 440.13 2947.99 417.53
2999.81 440.01 2999.71 417.22
3051.53 439.89 3051.43 416.92
3103.25 439.76 3103.15 416.61
3154.97 439.64 3154.87 416.31
3206.69 439.51 3206.59 416.00
3258.41 439.39 3258.31 415.70
3310.13 439.26 3310.03 415.40
3361.85 439.13 3361.75 415.10
3413.57 439.00 3413.47 414.80
3465.29 438.87 3465.19 414.50
3517.01 438.74 3516.91 414.20
3568.73 438.61 3568.63 413.90
3620.45 438.48 3620.35 413.60
3672.17 438.35 3672.07 413.31
3723.89 438.21 3723.79 413.01
3775.61 438.08 3775.51 412.72
3827.33 437.94 3827.23 412.42
3879.05 437.81 3878.95 412.13
3930.77 437.67 3930.67 411.84
3982.49 437.54 3982.39 411.54
4034.21 437.40 4034.11 411.25
4085.93 437.26 4085.83 410.96
4137.65 437.12 4137.55 410.67
4189.38 436.98 4189.26 410.38
4241.10 436.84 4240.98 410.09
4292.82 436.70 4292.70 409.80
4344.54 436.56 4344.42 409.52
4396.26 436.42 4396.14 409.23
4447.98 436.28 4447.86 408.94
4499.70 436.13 4499.58 408.66
4551.42 435.99 4551.30 408.37
4603.14 435.85 4603.02 408.09
4654.86 435.70 4654.74 407.80
4706.58 435.56 4706.46 407.52
4758.30 435.41 4758.18 407.23
4810.02 435.26 4809.90 406.95
4861.74 435.12 4861.62 406.67
4913.46 434.97 4913.34 406.38
4965.18 434.82 4965.06 406.10
5016.90 434.68 5016.78 405.82
5068.62 434.53 5068.50 405.54
5120.34 434.38 5120.22 405.26
5172.06 434.23 5171.94 404.98
5223.78 434.08 5223.66 404.70
5275.50 433.93 5275.38 404.42
5327.22 433.78 5327.10 404.14
5378.94 433.63 5378.82 403.87
5430.66 433.48 5430.54 403.59
5482.38 433.32 5482.26 403.31
5534.10 433.17 5533.98 403.03
5585.82 433.02 5585.70 402.76
5637.54 432.87 5637.42 402.48
5689.26 432.71 5689.14 402.21
5740.98 432.56 5740.86 401.93
5792.70 432.40 5792.58 401.66
5844.42 432.25 5844.30 401.38
5896.14 432.09 5896.02 401.11
5947.86 431.94 5947.74 400.84
5999.58 431.78 5999.46 400.56
6051.31 431.63 6051.17 400.29
6103.03 431.47 6102.89 400.02
6154.75 431.31 6154.61 399.74
6206.47 431.15 6206.33 399.47
6258.19 431.00 6258.05 399.20
6309.91 430.84 6309.77 398.93
6361.63 430.68 6361.49 398.66
6413.35 430.52 6413.21 398.39
6465.07 430.36 6464.93 398.12
6516.79 430.20 6516.65 397.85
6568.51 430.04 6568.37 397.58
6620.23 429.88 6620.09 397.31
6671.95 429.72 6671.81 397.04
6723.67 429.56 6723.53 396.77
6775.39 429.40 6775.25 396.51
6827.11 429.24 6826.97 396.24
6878.83 429.08 6878.69 395.97
6930.55 428.92 6930.41 395.70
6982.27 428.75 6982.13 395.44
7033.99 428.59 7033.85 395.17
7085.71 428.43 7085.57 394.90
7137.43 428.26 7137.29 394.64
7189.15 428.10 7189.01 394.37
7240.87 427.94 7240.73 394.11
7292.59 427.77 7292.45 393.84
7344.31 427.61 7344.17 393.58
7396.03 427.44 7395.89 393.31
7447.75 427.28 7447.61 393.05
7499.47 427.11 7499.33 392.79
7551.19 426.95 7551.05 392.52
7602.91 426.78 7602.77 392.26
7654.63 426.62 7654.49 392.00
7706.35 426.45 7706.21 391.73
7758.07 426.28 7757.93 391.47
7809.79 426.12 7809.65 391.21
7861.51 425.95 7861.37 390.95
7913.23 425.78 7913.09 390.69
7964.95 425.61 7964.81 390.42
8016.67 425.45 8016.53 390.16
8068.39 425.28 8068.25 389.90
8120.11 425.11 8119.97 389.64
8171.83 424.94 8171.69 389.38
8223.55 424.77 8223.41 389.12
8275.27 424.60 8275.13 388.86
8326.99 424.43 8326.85 388.60
8378.71 424.26 8378.57 388.34
8430.43 424.09 8430.29 388.08
8482.15 423.92 8482.01 387.82
8533.88 423.75 8533.72 387.56
8585.60 423.58 8585.44 387.31
8637.32 423.41 8637.16 387.05
8689.04 423.24 8688.88 386.79
8740.76 423.07 8740.60 386.53
8792.48 422.90 8792.32 386.27
8844.20 422.72 8844.04 386.02
8895.92 422.55 8895.76 385.76
8947.64 422.38 8947.48 385.50
8999.36 422.21 8999.20 385.25
9051.08 422.04 9050.92 384.99
9102.80 421.86 9102.64 384.73
9154.52 421.69 9154.36 384.48
9206.24 421.52 9206.08 384.22
9257.96 421.34 9257.80 383.97
9309.68 421.17 9309.52 383.71
9361.40 420.99 9361.24 383.46
9413.12 420.82 9412.96 383.20
9464.84 420.65 9464.68 382.95
9516.56 420.47 9516.40 382.69
9568.28 420.30 9568.12 382.44
9620.00 420.12 9619.84 382.18
9671.72 419.95 9671.56 381.93
9723.44 419.77 9723.28 381.68
9775.16 419.59 9775.00 381.42
9826.88 419.42 9826.72 381.17
9878.60 419.24 9878.44 380.92
9930.32 419.07 9930.16 380.67
9982.04 418.89 9981.88 380.41
10033.76 418.71 10033.60 380.16
10085.48 418.54 10085.32 379.91
10137.20 418.36 10137.04 379.66
10188.92 418.18 10188.76 379.40
10240.64 418.00 10240.48 379.15
10292.36 417.83 10292.20 378.90
10344.08 417.65 10343.92 378.65
10395.80 417.47 10395.64 378.40
10447.52 417.29 10447.36 378.15
10499.24 417.11 10499.08 377.90
10550.96 416.93 10550.80 377.65
10602.68 416.76 10602.52 377.40
10654.40 416.58 10654.24 377.15
10706.12 416.40 10705.96 376.90
10757.84 416.22 10757.68 376.65
10809.56 416.04 10809.40 376.40
10861.28 415.86 10861.12 376.15
10913.00 415.68 10912.84 375.90
10964.72 415.50 10964.56 375.65
11016.44 415.32 11016.28 375.40
11068.16 415.14 11068.00 375.15
11119.88 414.96 11119.72 374.90
11171.60 414.78 11171.44 374.66
11223.32 414.59 11223.16 374.41
11275.04 414.41 11274.88 374.16
11326.76 414.23 11326.60 373.91
11378.48 414.05 11378.32 373.66
11430.20 413.87 11430.04 373.42
11481.92 413.69 11481.76 373.17
11533.64 413.51 11533.48 372.92
11585.36 413.32 11585.20 372.68
11637.08 413.14 11636.92 372.43
11688.80 412.96 11688.64 372.18
11740.52 412.78 11740.36 371.94
11792.24 412.59 11792.08 371.69
11843.96 412.41 11843.80 371.44
11895.69 412.23 11895.51 371.20
11947.41 412.04 11947.23 370.95
11999.13 411.86 11998.95 370.71
12050.85 411.68 12050.67 370.46
12102.57 411.49 12102.39 370.22
12154.29 411.31 12154.11 369.97
12206.01 411.12 12205.83 369.73
12257.73 410.94 12257.55 369.48
12309.45 410.75 12309.27 369.24
12361.17 410.57 12360.99 368.99
12412.89 410.39 12412.71 368.75
12464.61 410.20 12464.43 368.50
12516.33 410.02 12516.15 368.26
12568.05 409.83 12567.87 368.02
12619.77 409.64 12619.59 367.77
12671.49 409.46 12671.31 367.53
12723.21 409.27 12723.03 367.28
12774.93 409.09 12774.75 367.04
12826.65 408.90 12826.47 366.80
12878.37 408.71 12878.19 366.56
12930.09 408.53 12929.91 366.31
12981.81 408.34 12981.63 366.07
13033.53 408.16 13033.35 365.83
13085.25 407.97 13085.07 365.59
13136.97 407.78 13136.79 365.34
13188.69 407.59 13188.51 365.10
13240.41 407.41 13240.23 364.86
13292.13 407.22 13291.95 364.62
13343.85 407.03 13343.67 364.38
13395.57 406.84 13395.39 364.13
13447.29 406.66 13447.11 363.89
13499.01 406.47 13498.83 363.65
13550.73 406.28 13550.55 363.41
13602.45 406.09 13602.27 363.17
13654.17 405.90 13653.99 362.93
13705.89 405.72 13705.71 362.69
13757.61 405.53 13757.43 362.45
13809.33 405.34 13809.15 362.21
13861.05 405.15 13860.87 361.97
13912.77 404.96 13912.59 361.73
13964.49 404.77 13964.31 361.49
14016.21 404.58 14016.03 361.25
14067.93 404.39 14067.75 361.01
14119.65 404.20 14119.47 360.77
14171.37 404.01 14171.19 360.53
14223.09 403.82 14222.91 360.29
14274.81 403.63 14274.63 360.05
14326.53 403.44 14326.35 359.81
14378.25 403.25 14378.07 359.57
14429.97 403.06 14429.79 359.33
14481.69 402.87 14481.51 359.10
14533.41 402.68 14533.23 358.86
14585.13 402.49 14584.95 358.62
14636.85 402.30 14636.67 358.38
14688.57 402.11 14688.39 358.14
14740.29 401.92 14740.11 357.91
14792.01 401.72 14791.83 357.67
14843.73 401.53 14843.55 357.43
14895.45 401.34 14895.27 357.19
14947.17 401.15 14946.99 356.96
14998.89 400.96 14998.71 356.72
15050.61 400.77 15050.43 356.48
15102.33 400.57 15102.15 356.24
15154.05 400.38 15153.87 356.01
15205.77 400.19 15205.59 355.77
15257.49 400.00 15257.31 355.53
15309.21 399.80 15309.03 355.30
15360.93 399.61 15360.75 355.06
15412.65 399.42 15412.47 354.83
15464.37 399.22 15464.19 354.59
15516.09 399.03 15515.91 354.35
15567.81 398.84 15567.63 354.12
15619.53 398.64 15619.35 353.88
15671.25 398.45 15671.07 353.65
15722.97 398.26 15722.79 353.41
15774.69 398.06 15774.51 353.18
15826.41 397.87 15826.23 352.94
15878.13 397.67 15877.95 352.71
15929.85 397.48 15929.67 352.47
15981.57 397.29 15981.39 352.24
16033.29 397.09 16033.11 352.00
16085.01 396.90 16084.83 351.77
16136.73 396.70 16136.55 351.53
16188.45 396.51 16188.27 351.30
16240.17 396.31 16239.99 351.06
16291.89 396.12 16291.71 350.83
16343.61 395.92 16343.43 350.60
16395.33 395.73 16395.15 350.36
16447.05 395.53 16446.87 350.13
16498.77 395.34 16498.59 349.90
16550.49 395.14 16550.31 349.66
16602.21 394.94 16602.03 349.43
16653.93 394.75 16653.75 349.20
16705.65 394.55 16705.47 348.96
16757.37 394.36 16757.19 348.73
16809.09 394.16 16808.91 348.50
16860.81 393.96 16860.63 348.26
16912.53 393.77 16912.35 348.03
16964.25 393.57 16964.07 347.80
17015.98 393.37 17015.78 347.57
17067.70 393.18 17067.50 347.33
17119.42 392.98 17119.22 347.10
17171.14 392.78 17170.94 346.87
17222.86 392.59 17222.66 346.64
17274.58 392.39 17274.38 346.41
17326.30 392.19 17326.10 346.17
17378.02 391.99 17377.82 345.94
17429.74 391.80 17429.54 345.71
17481.46 391.60 17481.26 345.48
17533.18 391.40 17532.98 345.25
17584.90 391.20 17584.70 345.02
17636.62 391.00 17636.42 344.79
17688.34 390.81 17688.14 344.56
17740.06 390.61 17739.86 344.33
17791.78 390.41 17791.58 344.09
17843.50 390.21 17843.30 343.86
17895.22 390.01 17895.02 343.63
17946.94 389.81 17946.74 343.40
17998.66 389.61 17998.46 343.17
18050.38 389.41 18050.18 342.94
18102.10 389.21 18101.90 342.71
18153.82 389.02 18153.62 342.48
18205.54 388.82 18205.34 342.25
18257.26 388.62 18257.06 342.02
18308.98 388.42 18308.78 341.79
18360.70 388.22 18360.50 341.57
18412.42 388.02 18412.22 341.34
18464.14 387.82 18463.94 341.11
18515.86 387.62 18515.66 340.88
18567.58 387.42 18567.38 340.65
18619.30 387.22 18619.10 340.42
18671.02 387.02 18670.82 340.19
18722.74 386.82 18722.54 339.96
18774.46 386.62 18774.26 339.73
18826.18 386.41 18825.98 339.51
18877.90 386.21 18877.70 339.28
18929.62 386.01 18929.42 339.05
18981.34 385.81 18981.14 338.82
19033.06 385.61 19032.86 338.59
19084.78 385.41 19084.58 338.37
19136.50 385.21 19136.30 338.14
19188.22 385.01 19188.02 337.91
19239.94 384.81 19239.74 337.68
19291.66 384.60 19291.46 337.46
19343.38 384.40 19343.18 337.23
19395.10 384.20 19394.90 337.00
19446.82 384.00 19446.62 336.77
19498.54 383.80 19498.34 336.55
19550.26 383.59 19550.06 336.32
19601.98 383.39 19601.78 336.09
19653.70 383.19 19653.50 335.87
19705.42 382.99 19705.22 335.64
19757.14 382.78 19756.94 335.41
19808.86 382.58 19808.66 335.19
19860.58 382.38 19860.38 334.96
19912.30 382.17 19912.10 334.73
19964.02 381.97 19963.82 334.51
20015.74 381.77 20015.54 334.28
20067.46 381.56 20067.26 334.06
20119.18 381.36 20118.98 333.83
20170.90 381.16 20170.70 333.61
20222.62 380.95 20222.42 333.38
20274.34 380.75 20274.14 333.15
20326.06 380.55 20325.86 332.93
20377.78 380.34 20377.58 332.70
20429.50 380.14 20429.30 332.48
20481.22 379.93 20481.02 332.25
20532.94 379.73 20532.74 332.03
20584.66 379.53 20584.46 331.80
20636.38 379.32 20636.18 331.58
20688.10 379.12 20687.90 331.35
20739.82 378.91 20739.62 331.13
20791.54 378.71 20791.34 330.91
20843.26 378.50 20843.06 330.68
20894.98 378.30 20894.78 330.46
20946.70 378.09 20946.50 330.23
20998.42 377.89 20998.22 330.01
21050.14 377.68 21049.94 329.79
21101.86 377.48 21101.66 329.56
21153.58 377.27 21153.38 329.34
21205.30 377.07 21205.10 329.11
21257.02 376.86 21256.82 328.89
21308.74 376.65 21308.54 328.67
21360.46 376.45 21360.26 328.44
21412.18 376.24 21411.98 328.22
21463.90 376.04 21463.70 328.00
21515.62 375.83 21515.42 327.78
21567.34 375.62 21567.14 327.55
21619.06 375.42 21618.86 327.33
21670.78 375.21 21670.58 327.11
21722.50 375.00 21722.30 326.89
21774.22 374.80 21774.02 326.66
21825.94 374.59 21825.74 326.44
21877.66 374.38 21877.46 326.22
21929.38 374.18 21929.18 326.00
21981.10 373.97 21980.90 325.77
22032.82 373.76 22032.62 325.55
22084.54 373.56 22084.34 325.33
22136.26 373.35 22136.06 325.11
22187.98 373.14 22187.78 324.89
22239.70 372.93 22239.50 324.67
22291.42 372.72 22291.22 324.44
22343.14 372.52 22342.94 324.22
22394.86 372.31 22394.66 324.00
22446.58 372.10 22446.38 323.78
22498.30 371.89 22498.10 323.56
22550.02 371.68 22549.82 323.34
22601.74 371.48 22601.54 323.12
22653.46 371.27 22653.26 322.90
22705.18 371.06 22704.98 322.68
22756.90 370.85 22756.70 322.46
22808.62 370.64 22808.42 322.24
22860.34 370.43 22860.14 322.02
22912.06 370.22 22911.86 321.80
22963.78 370.02 22963.58 321.57
23015.50 369.81 23015.30 321.35
23067.22 369.60 23067.02 321.14
23118.94 369.39 23118.74 320.92
23170.66 369.18 23170.46 320.70
23222.38 368.97 23222.18 320.48
23274.10 368.76 23273.90 320.26
23325.82 368.55 23325.62 320.04
23377.54 368.34 23377.34 319.82
23429.26 368.13 23429.06 319.60
23480.98 367.92 23480.78 319.38
23532.70 367.71 23532.50 319.16
23584.42 367.50 23584.22 318.94
23636.14 367.29 23635.94 318.72
23687.86 367.08 23687.66 318.50
23739.58 366.87 23739.38 318.29
23791.30 366.66 23791.10 318.07
23843.02 366.45 23842.82 317.85
23894.74 366.24 23894.54 317.63
23946.46 366.03 23946.26 317.41
23998.18 365.81 23997.98 317.19
24049.90 365.60 24049.70 316.98
24101.62 365.39 24101.42 316.76
24153.34 365.18 24153.14 316.54
24205.06 364.97 24204.86 316.32
24256.78 364.76 24256.58 316.10
24308.50 364.55 24308.30 315.89
24360.22 364.33 24360.02 315.67
24411.94 364.12 24411.74 315.45
24463.66 363.91 24463.46 315.23
24515.38 363.70 24515.18 315.02
24567.10 363.49 24566.90 314.80
24618.82 363.27 24618.62 314.58
24670.54 363.06 24670.34 314.37
24722.26 362.85 24722.06 314.15
24773.98 362.64 24773.78 313.93
24825.70 362.42 24825.50 313.72
24877.42 362.21 24877.22 313.50
24929.14 362.00 24928.94 313.28
24980.86 361.79 24980.66 313.07
25032.58 361.57 25032.38 312.85
25084.30 361.36 25084.10 312.64
25136.02 361.15 25135.82 312.42
25187.74 360.93 25187.54 312.20
25239.46 360.72 25239.26 311.99
25291.18 360.51 25290.98 311.77
25342.90 360.29 25342.70 311.56
25394.62 360.08 25394.42 311.34
25446.34 359.87 25446.14 311.13
25498.06 359.65 25497.86 310.91
25549.78 359.44 25549.58 310.70
25601.50 359.22 25601.30 310.48
25653.22 359.01 25653.02 310.27
25704.94 358.80 25704.74 310.05
25756.66 358.58 25756.46 309.84
25808.38 358.37 25808.18 309.62
25860.10 358.15 25859.90 309.41
25911.82 357.94 25911.62 309.19
25963.54 357.72 25963.34 308.98
26015.26 357.51 26015.06 308.76
26066.98 357.29 26066.78 308.55
26118.70 357.08 26118.50 308.33
26170.42 356.86 26170.22 308.12
26222.14 356.65 26221.94 307.91
26273.86 356.43 26273.66 307.69
26325.58 356.22 26325.38 307.48
26377.30 356.00 26377.10 307.27
26429.02 355.79 26428.82 307.05
26480.74 355.57 26480.54 306.84
26532.46 355.36 26532.26 306.62
26584.18 355.14 26583.98 306.41
26635.90 354.92 26635.70 306.20
26687.62 354.71 26687.42 305.99
26739.34 354.49 26739.14 305.77
26791.06 354.28 26790.86 305.56
26842.78 354.06 26842.58 305.35
26894.50 353.84 26894.30 305.13
26946.22 353.63 26946.02 304.92
26997.94 353.41 26997.74 304.71
27049.66 353.19 27049.46 304.50
27101.38 352.98 27101.18 304.28
27153.10 352.76 27152.90 304.07
27204.82 352.54 27204.62 303.86
27256.54 352.32 27256.34 303.65
27308.26 352.11 27308.06 303.44
27359.98 351.89 27359.78 303.22
27411.70 351.67 27411.50 303.01
27463.42 351.45 27463.22 302.80
27515.14 351.24 27514.94 302.59
27566.86 351.02 27566.66 302.38
27618.58 350.80 27618.38 302.17
27670.30 350.58 27670.10 301.96
27722.02 350.37 27721.82 301.74
27773.74 350.15 27773.54 301.53
27825.46 349.93 27825.26 301.32
27877.18 349.71 27876.98 301.11
27928.90 349.49 27928.70 300.90
27980.62 349.27 27980.42 300.69
28032.34 349.06 28032.14 300.48
28084.06 348.84 28083.86 300.27
28135.78 348.62 28135.58 300.06
28187.50 348.40 28187.30 299.85
28239.22 348.18 28239.02 299.64
28290.94 347.96 28290.74 299.43
28342.66 347.74 28342.46 299.22
28394.38 347.52 28394.18 299.01
28446.10 347.30 28445.90 298.80
28497.82 347.08 28497.62 298.59
28549.54 346.86 28549.34 298.38
28601.26 346.64 28601.06 298.17
28652.98 346.42 28652.78 297.96
28704.70 346.20 28704.50 297.75
28756.42 345.98 28756.22 297.54
28808.14 345.76 28807.94 297.33
28859.86 345.54 28859.66 297.13
28911.58 345.32 28911.38 296.92
28963.30 345.10 28963.10 296.71
29015.02 344.88 29014.82 296.50
29066.74 344.66 29066.54 296.29
29118.46 344.44 29118.26 296.08
29170.18 344.22 29169.98 295.87
29221.90 344.00 29221.70 295.67
29273.62 343.78 29273.42 295.46
29325.34 343.56 29325.14 295.25
29377.06 343.34 29376.86 295.04
29428.78 343.11 29428.58 294.83
29480.50 342.89 29480.30 294.63
29532.22 342.67 29532.02 294.42
29583.94 342.45 29583.74 294.21
29635.66 342.23 29635.46 294.00
29687.38 342.01 29687.18 293.80
29739.10 341.78 29738.90 293.59
29790.82 341.56 29790.62 293.38
29842.54 341.34 29842.34 293.18
29894.26 341.12 29894.06 292.97
29945.98 340.90 29945.78 292.76
29997.70 340.67 29997.50 292.55
30049.42 340.45 30049.22 292.35
30101.14 340.23 30100.94 292.14
30152.86 340.01 30152.66 291.94
30204.58 339.78 30204.38 291.73
30256.30 339.56 30256.10 291.52
30308.02 339.34 30307.82 291.32
30359.74 339.11 30359.54 291.11
30411.46 338.89 30411.26 290.90
30463.18 338.67 30462.98 290.70
30514.90 338.44 30514.70 290.49
30566.62 338.22 30566.42 290.29
30618.34 338.00 30618.14 290.08
30670.06 337.77 30669.86 289.88
30721.78 337.55 30721.58 289.67
30773.50 337.33 30773.30 289.47
30825.22 337.10 30825.02 289.26
30876.94 336.88 30876.74 289.06
30928.66 336.65 30928.46 288.85
30980.38 336.43 30980.18 288.65
31032.10 336.20 31031.90 288.44
31083.82 335.98 31083.62 288.24
31135.54 335.75 31135.34 288.03
31187.26 335.53 31187.06 287.83
31238.98 335.31 31238.78 287.62
31290.70 335.08 31290.50 287.42
31342.42 334.86 31342.22 287.22
31394.14 334.63 31393.94 287.01
31445.86 334.40 31445.66 286.81
31497.58 334.18 31497.38 286.60
31549.30 333.95 31549.10 286.40
31601.02 333.73 31600.82 286.20
31652.74 333.50 31652.54 285.99
31704.46 333.28 31704.26 285.79
31756.18 333.05 31755.98 285.59
31807.90 332.82 31807.70 285.38
31859.62 332.60 31859.42 285.18
31911.34 332.37 31911.14 284.98
31963.06 332.15 31962.86 284.78
32014.78 331.92 32014.58 284.57
32066.50 331.69 32066.30 284.37
32118.22 331.47 32118.02 284.17
32169.94 331.24 32169.74 283.97
32221.66 331.01 32221.46 283.76
32273.38 330.79 32273.18 283.56
32325.10 330.56 32324.90 283.36
32376.82 330.33 32376.62 283.16
32428.54 330.10 32428.34 282.96
32480.26 329.88 32480.06 282.75
32531.98 329.65 32531.78 282.55
32583.70 329.42 32583.50 282.35
32635.42 329.19 32635.22 282.15
32687.14 328.97 32686.94 281.95
32738.86 328.74 32738.66 281.75
32790.58 328.51 32790.38 281.55
32842.30 328.28 32842.10 281.35
32894.02 328.05 32893.82 281.14
32945.74 327.82 32945.54 280.94
32997.46 327.60 32997.26 280.74
33049.18 327.37 33048.98 280.54
33100.90 327.14 33100.70 280.34
33152.62 326.91 33152.42 280.14
33204.34 326.68 33204.14 279.94
33256.06 326.45 33255.86 279.74
33307.78 326.22 33307.58 279.54
33359.50 325.99 33359.30 279.34
33411.22 325.76 33411.02 279.14
33462.94 325.53 33462.74 278.94
33514.66 325.31 33514.46 278.74
33566.38 325.08 33566.18 278.54
33618.10 324.85 33617.90 278.34
33669.82 324.62 33669.62 278.14
33721.54 324.39 33721.34 277.95
33773.26 324.16 33773.06 277.75
33824.98 323.93 33824.78 277.55
33876.70 323.69 33876.50 277.35
33928.42 323.46 33928.22 277.15
33980.14 323.23 33979.94 276.95
34031.86 323.00 34031.66 276.75
34083.58 322.77 34083.38 276.56
34135.30 322.54 34135.10 276.36
34187.02 322.31 34186.82 276.16
34238.74 322.08 34238.54 275.96
34290.46 321.85 34290.26 275.76
34342.18 321.62 34341.98 275.57
34393.90 321.38 34393.70 275.37
34445.62 321.15 34445.42 275.17
34497.34 320.92 34497.14 274.97
34549.06 320.69 34548.86 274.78
34600.78 320.46 34600.58 274.58
34652.50 320.23 34652.30 274.38
34704.22 319.99 34704.02 274.19
34755.93 319.76 34755.75 273.99
34807.65 319.53 34807.47 273.79
34859.37 319.30 34859.19 273.60
34911.09 319.06 34910.91 273.40
34962.81 318.83 34962.63 273.20
35014.53 318.60 35014.35 273.01
35066.25 318.36 35066.07 272.81
35117.97 318.13 35117.79 272.61
35169.69 317.90 35169.51 272.42
35221.41 317.66 35221.23 272.22
35273.13 317.43 35272.95 272.03
35324.85 317.20 35324.67 271.83
35376.57 316.96 35376.39 271.64
35428.29 316.73 35428.11 271.44
35480.01 316.49 35479.83 271.25
35531.73 316.26 35531.55 271.05
35583.45 316.03 35583.27 270.86
35635.17 315.79 35634.99 270.66
35686.89 315.56 35686.71 270.47
35738.61 315.32 35738.43 270.27
35790.33 315.09 35790.15 270.08
35842.05 314.85 35841.87 269.88
35893.77 314.62 35893.59 269.69
35945.49 314.38 35945.31 269.50
35997.21 314.15 35997.03 269.30
36048.93 313.91 36048.75 269.11
36100.65 313.68 36100.47 268.91
36152.37 313.44 36152.19 268.72
36204.09 313.21 36203.91 268.53
36255.81 312.97 36255.63 268.33
36307.53 312.73 36307.35 268.14
36359.25 312.50 36359.07 267.95
36410.97 312.26 36410.79 267.76
36462.69 312.02 36462.51 267.56
36514.41 311.79 36514.23 267.37
36566.13 311.55 36565.95 267.18
36617.85 311.31 36617.67 266.99
36669.57 311.08 36669.39 266.79
36721.29 310.84 36721.11 266.60
36773.01 310.60 36772.83 266.41
36824.73 310.37 36824.55 266.22
36876.45 310.13 36876.27 266.03
36928.17 309.89 36927.99 265.83
36979.89 309.65 36979.71 265.64
37031.61 309.42 37031.43 265.45
37083.33 309.18 37083.15 265.26
37135.05 308.94 37134.87 265.07
37186.77 308.70 37186.59 264.88
37238.49 308.46 37238.31 264.69
37290.21 308.22 37290.03 264.50
37341.93 307.99 37341.75 264.31
37393.65 307.75 37393.47 264.12
37445.37 307.51 37445.19 263.93
37497.09 307.27 37496.91 263.74
37548.81 307.03 37548.63 263.55
37600.53 306.79 37600.35 263.36
37652.25 306.55 37652.07 263.17
37703.97 306.31 37703.79 262.98
37755.69 306.07 37755.51 262.79
37807.41 305.83 37807.23 262.60
37859.13 305.59 37858.95 262.41
37910.85 305.35 37910.67 262.22
37962.57 305.11 37962.39 262.03
38014.29 304.87 38014.11 261.84
38066.01 304.63 38065.83 261.65
38117.73 304.39 38117.55 261.47
38169.45 304.15 38169.27 261.28
38221.17 303.91 38220.99 261.09
38272.89 303.67 38272.71 260.90
38324.61 303.42 38324.43 260.71
38376.33 303.18 38376.15 260.53
38428.05 302.94 38427.87 260.34
38479.77 302.70 38479.59 260.15
38531.49 302.46 38531.31 259.96
38583.21 302.22 38583.03 259.78
38634.93 301.97 38634.75 259.59
38686.65 301.73 38686.47 259.40
38738.37 301.49 38738.19 259.22
38790.09 301.25 38789.91 259.03
38841.81 301.00 38841.63 258.84
38893.53 300.76 38893.35 258.66
38945.25 300.52 38945.07 258.47
38996.97 300.27 38996.79 258.29
39048.69 300.03 39048.51 258.10
39100.41 299.79 39100.23 257.91
39152.13 299.54 39151.95 257.73
39203.85 299.30 39203.67 257.54
39255.57 299.06 39255.39 257.36
39307.29 298.81 39307.11 257.17
39359.01 298.57 39358.83 256.99
39410.73 298.32 39410.55 256.80
39462.45 298.08 39462.27 256.62
39514.17 297.83 39513.99 256.44
39565.89 297.59 39565.71 256.25
39617.61 297.34 39617.43 256.07
39669.33 297.10 39669.15 255.88
39721.05 296.85 39720.87 255.70
39772.77 296.61 39772.59 255.52
39824.49 296.36 39824.31 255.33
39876.20 296.12 39876.04 255.15
39927.92 295.87 39927.76 254.97
39979.64 295.62 39979.48 254.78
40031.36 295.38 40031.20 254.60
40083.08 295.13 40082.92 254.42
40134.80 294.88 40134.64 254.24
40186.52 294.64 40186.36 254.05
40238.24 294.39 40238.08 253.87
40289.96 294.14 40289.80 253.69
40341.68 293.89 40341.52 253.51
40393.40 293.65 40393.24 253.33
40445.12 293.40 40444.96 253.15
40496.84 293.15 40496.68 252.96
40548.56 292.90 40548.40 252.78
40600.28 292.66 40600.12 252.60
40652.00 292.41 40651.84 252.42
40703.72 292.16 40703.56 252.24
40755.44 291.91 40755.28 252.06
40807.16 291.66 40807.00 251.88
40858.88 291.41 40858.72 251.70
40910.60 291.16 40910.44 251.52
40962.32 290.91 40962.16 251.34
41014.04 290.66 41013.88 251.16
41065.76 290.41 41065.60 250.98
41117.48 290.16 41117.32 250.80
41169.20 289.91 41169.04 250.62
41220.92 289.66 41220.76 250.45
41272.64 289.41 41272.48 250.27
41324.36 289.16 41324.20 250.09
41376.08 288.91 41375.92 249.91
41427.80 288.66 41427.64 249.73
41479.52 288.41 41479.36 249.56
41531.24 288.15 41531.08 249.38
41582.96 287.90 41582.80 249.20
41634.68 287.65 41634.52 249.02
41686.40 287.40 41686.24 248.85
41738.12 287.15 41737.96 248.67
41789.84 286.89 41789.68 248.49
41841.56 286.64 41841.40 248.32
41893.28 286.39 41893.12 248.14
41945.00 286.13 41944.84 247.97
41996.72 285.88 41996.56 247.79
42048.44 285.63 42048.28 247.61
42100.16 285.37 42100.00 247.44
42151.88 285.12 42151.72 247.26
42203.60 284.87 42203.44 247.09
42255.32 284.61 42255.16 246.91
42307.04 284.36 42306.88 246.74
42358.76 284.10 42358.60 246.57
42410.48 283.85 42410.32 246.39
42462.20 283.59 42462.04 246.22
42513.92 283.34 42513.76 246.04
42565.64 283.08 42565.48 245.87
42617.36 282.82 42617.20 245.70
42669.08 282.57 42668.92 245.52
42720.80 282.31 42720.64 245.35
42772.52 282.06 42772.36 245.18
42824.24 281.80 42824.08 245.01
42875.96 281.54 42875.80 244.83
42927.68 281.28 42927.52 244.66
42979.40 281.03 42979.24 244.49
43031.12 280.77 43030.96 244.32
43082.84 280.51 43082.68 244.15
43134.56 280.25 43134.40 243.98
43186.28 279.99 43186.12 243.81
43237.99 279.74 43237.85 243.64
43289.71 279.48 43289.57 243.47
43341.43 279.22 43341.29 243.30
43393.15 278.96 43393.01 243.13
43444.87 278.70 43444.73 242.96
43496.59 278.44 43496.45 242.79
43548.31 278.18 43548.17 242.62
43600.03 277.92 43599.89 242.45
43651.75 277.66 43651.61 242.28
43703.47 277.40 43703.33 242.11
43755.19 277.14 43755.05 241.95
43806.91 276.87 43806.77 241.78
43858.63 276.61 43858.49 241.61
43910.35 276.35 43910.21 241.44
43962.07 276.09 43961.93 241.28
44013.79 275.83 44013.65 241.11
44065.51 275.56 44065.37 240.94
44117.23 275.30 44117.09 240.78
44168.95 275.04 44168.81 240.61
44220.67 274.77 44220.53 240.45
44272.39 274.51 44272.25 240.28
44324.11 274.25 44323.97 240.12
44375.83 273.98 44375.69 239.95
44427.55 273.72 44427.41 239.79
44479.27 273.45 44479.13 239.62
44530.99 273.19 44530.85 239.46
44582.71 272.92 44582.57 239.29
44634.43 272.65 44634.29 239.13
44686.15 272.39 44686.01 238.97
44737.87 272.12 44737.73 238.81
44789.59 271.85 44789.45 238.64
44841.31 271.59 44841.17 238.48
44893.03 271.32 44892.89 238.32
44944.75 271.05 44944.61 238.16
44996.47 270.78 44996.33 238.00
45048.19 270.52 45048.05 237.84
45099.91 270.25 45099.77 237.68
45151.63 269.98 45151.49 237.52
45203.35 269.71 45203.21 237.36
45255.07 269.44 45254.93 237.20
45306.79 269.17 45306.65 237.04
45358.51 268.90 45358.37 236.88
45410.23 268.63 45410.09 236.72
45461.95 268.36 45461.81 236.56
45513.67 268.09 45513.53 236.40
45565.39 267.81 45565.25 236.25
45617.11 267.54 45616.97 236.09
45668.83 267.27 45668.69 235.93
45720.54 267.00 45720.42 235.78
45772.26 266.72 45772.14 235.62
45823.98 266.45 45823.86 235.47
45875.70 266.18 45875.58 235.31
45927.42 265.90 45927.30 235.16
45979.14 265.63 45979.02 235.00
46030.86 265.35 46030.74 234.85
46082.58 265.08 46082.46 234.69
46134.30 264.80 46134.18 234.54
46186.02 264.52 46185.90 234.39
46237.74 264.25 46237.62 234.24
46289.46 263.97 46289.34 234.08
46341.18 263.69 46341.06 233.93
46392.90 263.41 46392.78 233.78
46444.62 263.14 46444.50 233.63
46496.34 262.86 46496.22 233.48
46548.06 262.58 46547.94 233.33
46599.78 262.30 46599.66 233.18
46651.50 262.02 46651.38 233.03
46703.22 261.74 46703.10 232.88
46754.94 261.46 46754.82 232.74
46806.66 261.17 46806.54 232.59
46858.38 260.89 46858.26 232.44
46910.10 260.61 46909.98 232.29
46961.82 260.33 46961.70 232.15
47013.54 260.04 47013.42 232.00
47065.26 259.76 47065.14 231.86
47116.98 259.47 47116.86 231.71
47168.70 259.19 47168.58 231.57
47220.42 258.90 47220.30 231.43
47272.14 258.62 47272.02 231.28
47323.86 258.33 47323.74 231.14
47375.58 258.04 47375.46 231.00
47427.30 257.75 47427.18 230.86
47479.02 257.47 47478.90 230.72
47530.74 257.18 47530.62 230.58
47582.45 256.89 47582.35 230.44
47634.17 256.60 47634.07 230.30
47685.89 256.31 47685.79 230.16
47737.61 256.01 47737.51 230.02
47789.33 255.72 47789.23 229.89
47841.05 255.43 47840.95 229.75
47892.77 255.14 47892.67 229.61
47944.49 254.84 47944.39 229.48
47996.21 254.55 47996.11 229.35
48047.93 254.25 48047.83 229.21
48099.65 253.95 48099.55 229.08
48151.37 253.66 48151.27 228.95
48203.09 253.36 48202.99 228.82
48254.81 253.06 48254.71 228.69
48306.53 252.76 48306.43 228.56
48358.25 252.46 48358.15 228.43
48409.97 252.16 48409.87 228.30
48461.69 251.86 48461.59 228.17
48513.41 251.56 48513.31 228.04
48565.13 251.25 48565.03 227.92
48616.85 250.95 48616.75 227.79
48668.57 250.64 48668.47 227.67
48720.29 250.34 48720.19 227.55
48772.01 250.03 48771.91 227.43
48823.73 249.72 48823.63 227.30
48875.45 249.41 48875.35 227.19
48927.17 249.10 48927.07 227.07
48978.89 248.79 48978.79 226.95
49030.60 248.48 49030.52 226.83
49082.32 248.16 49082.24 226.72
49134.04 247.85 49133.96 226.60
49185.76 247.53 49185.68 226.49
49237.48 247.22 49237.40 226.38
49289.20 246.90 49289.12 226.27
49340.92 246.58 49340.84 226.16
49392.64 246.26 49392.56 226.05
49444.36 245.94 49444.28 225.94
49496.08 245.61 49496.00 225.83
49547.80 245.29 49547.72 225.73
49599.52 244.96 49599.44 225.63
49651.24 244.63 49651.16 225.53
49702.96 244.30 49702.88 225.43
49754.68 243.97 49754.60 225.33
49806.40 243.64 49806.32 225.23
49858.12 243.30 49858.04 225.14
49909.84 242.97 49909.76 225.05
49961.56 242.63 49961.48 224.96
50013.28 242.29 50013.20 224.87
50065.00 241.94 50064.92 224.78
50116.72 241.60 50116.64 224.70
50168.43 241.25 50168.37 224.62
50220.15 240.90 50220.09 224.54
50271.87 240.55 50271.81 224.46
50323.59 240.19 50323.53 224.39
50375.31 239.83 50375.25 224.32
50427.03 239.47 50426.97 224.25
50478.75 239.11 50478.69 224.19
50530.47 238.74 50530.41 224.13
50582.19 238.37 50582.13 224.07
50633.91 237.99 50633.85 224.01
50685.63 237.61 50685.57 223.96
50737.35 237.23 50737.29 223.92
50789.07 236.84 50789.01 223.88
50840.79 236.45 50840.73 223.84
50892.51 236.05 50892.45 223.81
50944.22 235.64 50944.18 223.79
50995.94 235.23 50995.90 223.77
51047.66 234.81 51047.62 223.76
51099.38 234.38 51099.34 223.76
51151.10 233.94 51151.06 223.77
51202.82 233.49 51202.78 223.79
51254.54 233.03 51254.50 223.82
51306.26 232.56 51306.22 223.87
51357.98 232.06 51357.94 223.94
51409.70 231.55 51409.66 224.02
51461.41 231.01 51461.39 224.13
51513.13 230.43 51513.11 224.28
51564.85 229.81 51564.83 224.48
51616.57 229.10 51616.55 224.75
51668.29 228.25 51668.27 225.17
51720.00 226.50 51720.00 226.50
