0.00 438.06
10.00 436.80
20.00 435.13
30.00 432.97
40.00 430.81
50.00 428.04
60.00 425.78
70.00 422.72
80.00 425.70
90.00 422.83
100.00 419.97
110.00 418.41
120.00 417.64
130.00 415.58
140.00 415.12
150.00 415.05
160.00 413.89
170.00 411.13
180.00 406.06
190.00 403.00
200.00 408.88
210.00 405.51
220.00 402.65
230.00 399.79
240.00 398.02
250.00 396.96
260.00 395.20
270.00 392.93
280.00 388.87
290.00 384.30
300.00 380.24
310.00 382.72
320.00 381.56
330.00 380.39
340.00 378.73
350.00 377.06
360.00 375.30
370.00 374.24
380.00 373.67
390.00 372.51
400.00 371.44
410.00 369.08
420.00 366.82
430.00 370.40
440.00 369.23
450.00 367.57
460.00 365.30
470.00 360.64
480.00 357.28
490.00 354.41
500.00 352.65
510.00 349.18
520.00 347.52
530.00 345.85
540.00 348.23
550.00 345.37
560.00 343.61
570.00 341.34
580.00 337.88
590.00 335.01
600.00 332.75
610.00 329.88
620.00 324.72
630.00 321.26
640.00 317.79
650.00 318.47
660.00 315.61
670.00 312.14
680.00 309.28
690.00 306.41
700.00 304.15
710.00 300.68
720.00 296.72
730.00 293.25
740.00 290.39
750.00 285.83
760.00 280.56
770.00 280.14
780.00 276.07
790.00 273.21
800.00 271.55
810.00 270.38
820.00 271.02
830.00 268.75
840.00 265.89
850.00 263.02
860.00 260.66
870.00 258.39
880.00 260.77
890.00 261.41
900.00 262.04
910.00 261.48
920.00 259.81
930.00 256.35
940.00 252.88
950.00 248.92
960.00 244.25
970.00 239.69
980.00 235.62
990.00 235.70
1000.00 234.04
1010.00 232.87
1020.00 231.21
1030.00 228.94
1040.00 224.88
1050.00 222.01
1060.00 219.15
1070.00 216.28
1080.00 213.42
1090.00 210.55
1100.00 208.29
1110.00 208.96
1120.00 207.20
1130.00 204.93
1140.00 202.67
1150.00 201.50
1160.00 200.94
1170.00 198.67
1180.00 197.01
1190.00 196.44
1200.00 195.28
1210.00 193.01
1220.00 193.09
1230.00 192.02
1240.00 190.26
1250.00 189.19
1260.00 188.03
1270.00 189.26
1280.00 189.90
1290.00 189.33
1300.00 188.17
1310.00 185.90
1320.00 183.04
1330.00 180.17
1340.00 179.05
1350.00 176.78
1360.00 176.22
1370.00 177.45
1380.00 178.09
1390.00 176.32
1400.00 174.66
1410.00 172.99
1420.00 171.82
1430.00 170.16
1440.00 167.79
1450.00 168.47
1460.00 165.61
1470.00 162.74
1480.00 159.87
1490.00 157.61
1500.00 154.74
1510.00 152.48
1520.00 152.51
1530.00 151.95
1540.00 150.78
1550.00 149.71
1560.00 150.39
1570.00 147.53
1580.00 145.16
1590.00 142.89
1600.00 140.03
1610.00 137.16
1620.00 133.70
1630.00 131.43
1640.00 130.36
1650.00 129.20
1660.00 129.23
1670.00 129.27
1680.00 132.24
1690.00 129.98
1700.00 127.71
1710.00 127.15
1720.00 124.88
1730.00 123.11
1740.00 121.45
1750.00 120.28
1760.00 119.22
1770.00 119.25
1780.00 119.78
1790.00 121.66
1800.00 123.39
1810.00 126.93
1820.00 130.46
1830.00 133.39
1840.00 135.13
1850.00 136.36
1860.00 135.80
1870.00 134.13
1880.00 132.96
1890.00 133.00
1900.00 138.27
1910.00 138.91
1920.00 141.84
1930.00 144.77
1940.00 146.01
1950.00 143.64
1960.00 141.38
1970.00 139.71
1980.00 137.94
1990.00 135.68
2000.00 132.81
2010.00 130.54
2020.00 130.62
2030.00 129.45
2040.00 130.69
2050.00 130.72
2060.00 130.15
2070.00 129.59
2080.00 127.32
2090.00 124.45
2100.00 122.19
2110.00 117.62
2120.00 111.25
2130.00 109.03
2140.00 106.16
2150.00 106.16
2160.00 103.20
2170.00 95.13
2180.00 88.76
2190.00 83.10
2200.00 80.23
2210.00 77.86
2220.00 76.80
2230.00 75.63
2240.00 75.06
2250.00 71.14
2260.00 67.67
2270.00 61.90
2280.00 59.04
2290.00 57.37
2300.00 54.50
2310.00 51.04
2320.00 46.37
2330.00 36.00
2340.00 31.44
2350.00 31.47
2360.00 32.04
2370.00 43.18
2380.00 43.21
2390.00 43.74
2400.00 44.38
2410.00 45.01
2420.00 45.64
2430.00 46.77
2440.00 48.01
2450.00 49.24
2460.00 50.97
2470.00 51.65
2480.00 52.78
2490.00 54.01
2500.00 55.75
2510.00 57.58
2520.00 59.31
2530.00 61.15
2540.00 62.88
2550.00 64.11
2560.00 66.44
2570.00 68.18
2580.00 70.51
2590.00 74.08
2600.00 75.82
2610.00 78.25
2620.00 80.58
2630.00 82.31
2640.00 85.25
2650.00 85.28
2660.00 85.31
2670.00 84.24
2680.00 83.08
2690.00 83.71
2700.00 84.38
2710.00 85.02
2720.00 85.55
2730.00 87.38
2740.00 87.41
2750.00 88.05
2760.00 89.18
2770.00 91.51
2780.00 92.14
2790.00 91.58
2800.00 92.21
2810.00 94.08
2820.00 94.12
2830.00 93.55
2840.00 93.58
2850.00 93.61
2860.00 93.64
2870.00 94.78
2880.00 95.41
2890.00 96.64
2900.00 97.77
2910.00 99.60
2920.00 101.94
2930.00 103.21
2940.00 103.74
2950.00 104.98
2960.00 106.71
2970.00 110.84
2980.00 115.47
2990.00 118.40
3000.00 121.94
3010.00 125.47
3020.00 129.60
3030.00 133.63
3040.00 136.61
3050.00 137.24
3060.00 139.57
3070.00 141.40
3080.00 143.73
3090.00 145.47
3100.00 147.80
3110.00 149.63
3120.00 150.26
3130.00 151.39
3140.00 152.02
3150.00 152.66
3160.00 156.23
3170.00 157.96
3180.00 160.29
3190.00 163.23
3200.00 166.76
3210.00 171.39
3220.00 174.92
3230.00 178.45
3240.00 182.58
3250.00 186.02
3260.00 189.55
3270.00 193.12
3280.00 192.55
3290.00 193.18
3300.00 191.52
3310.00 186.85
3320.00 183.98
3330.00 183.41
3340.00 182.34
3350.00 180.07
3360.00 178.90
3370.00 177.74
3380.00 184.01
3390.00 186.74
3400.00 190.37
3410.00 192.20
3420.00 193.94
3430.00 195.77
3440.00 197.60
3450.00 198.23
3460.00 199.96
3470.00 202.99
3480.00 204.82
3490.00 206.05
3500.00 209.63
3510.00 210.86
3520.00 212.69
3530.00 213.82
3540.00 214.45
3550.00 214.48
3560.00 213.91
3570.00 215.15
3580.00 215.78
3590.00 216.41
3600.00 219.44
3610.00 225.41
3620.00 227.14
3630.00 226.67
3640.00 226.71
3650.00 226.74
3660.00 226.77
3670.00 226.80
3680.00 226.83
3690.00 226.86
3700.00 226.89
3710.00 228.02
3720.00 225.80
3730.00 224.63
3740.00 222.86
3750.00 219.99
3760.00 218.22
3770.00 217.05
3780.00 214.68
3790.00 211.81
3800.00 208.84
3810.00 206.57
3820.00 204.80
3830.00 204.23
3840.00 203.11
3850.00 202.54
3860.00 200.77
3870.00 198.50
3880.00 199.73
3890.00 196.76
3900.00 193.89
3910.00 190.92
3920.00 189.15
3930.00 187.98
3940.00 186.31
3950.00 183.99
3960.00 182.22
3970.00 181.05
3980.00 180.58
3990.00 179.41
4000.00 178.24
4010.00 176.47
4020.00 174.70
4030.00 172.43
4040.00 170.06
4050.00 169.49
4060.00 167.76
4070.00 166.09
4080.00 164.92
4090.00 163.15
4100.00 161.38
4110.00 159.71
4120.00 157.94
4130.00 155.57
4140.00 153.30
4150.00 150.93
4160.00 148.56
4170.00 146.29
4180.00 142.77
4190.00 139.30
4200.00 138.13
4210.00 137.56
4220.00 137.59
4230.00 138.22
4240.00 138.25
4250.00 138.28
4260.00 138.31
4270.00 138.34
4280.00 138.97
4290.00 137.24
4300.00 135.47
4310.00 132.60
4320.00 129.63
4330.00 129.06
4340.00 126.79
4350.00 123.22
4360.00 120.35
4370.00 119.18
4380.00 119.21
4390.00 119.24
4400.00 119.27
4410.00 120.54
4420.00 121.67
4430.00 122.90
4440.00 123.53
4450.00 122.96
4460.00 121.79
4470.00 119.52
4480.00 117.15
4490.00 114.78
4500.00 112.51
4510.00 110.74
4520.00 112.61
4530.00 110.84
4540.00 108.47
4550.00 106.80
4560.00 107.43
4570.00 108.56
4580.00 107.49
4590.00 106.32
4600.00 105.15
4610.00 103.37
4620.00 102.80
4630.00 102.28
4640.00 100.01
4650.00 96.43
4660.00 93.56
4670.00 91.19
4680.00 90.02
4690.00 90.05
4700.00 90.08
4710.00 89.51
4720.00 87.84
4730.00 87.84
4740.00 85.47
4750.00 83.74
4760.00 81.97
4770.00 80.30
4780.00 78.53
4790.00 77.36
4800.00 76.19
4810.00 75.02
4820.00 74.55
4830.00 73.97
4840.00 73.40
4850.00 74.63
4860.00 78.20
4870.00 80.63
4880.00 81.16
4890.00 81.19
4900.00 79.52
4910.00 76.55
4920.00 73.08
4930.00 69.51
4940.00 66.64
4950.00 63.07
4960.00 60.19
4970.00 58.47
4980.00 57.29
4990.00 56.12
5000.00 54.95
5010.00 54.48
5020.00 53.91
5030.00 53.34
5040.00 52.77
5050.00 52.20
5060.00 51.02
5070.00 45.75
5080.00 43.38
5090.00 51.15
5100.00 53.58
5110.00 53.61
5120.00 52.44
5130.00 55.37
5140.00 59.00
5150.00 61.43
5160.00 65.55
5170.00 69.08
5180.00 72.11
5190.00 75.14
5200.00 77.51
5210.00 79.34
5220.00 81.17
5230.00 82.90
5240.00 87.12
5250.00 90.05
5260.00 94.28
5270.00 93.11
5280.00 95.54
5290.00 96.67
5300.00 97.89
5310.00 98.52
5320.00 99.79
5330.00 99.82
5340.00 100.45
5350.00 101.68
5360.00 102.31
5370.00 104.64
5380.00 104.66
5390.00 103.59
5400.00 103.62
5410.00 104.15
5420.00 105.38
5430.00 107.85
5440.00 110.28
5450.00 112.00
5460.00 115.03
5470.00 115.06
5480.00 114.49
5490.00 115.12
5500.00 115.74
5510.00 116.37
5520.00 116.40
5530.00 116.43
5540.00 118.20
5550.00 117.73
5560.00 117.75
5570.00 117.78
5580.00 118.31
5590.00 118.94
5600.00 119.57
5610.00 120.79
5620.00 122.62
5630.00 123.85
5640.00 124.48
5650.00 125.61
5660.00 129.28
5670.00 131.10
5680.00 132.23
5690.00 133.46
5700.00 134.69
5710.00 136.51
5720.00 136.54
5730.00 135.97
5740.00 136.00
5750.00 134.23
5760.00 134.25
5770.00 136.12
5780.00 137.35
5790.00 139.08
5800.00 141.51
5810.00 143.93
5820.00 146.86
5830.00 149.89
5840.00 151.72
5850.00 153.44
5860.00 154.67
5870.00 156.50
5880.00 158.97
5890.00 161.30
5900.00 163.12
5910.00 166.15
5920.00 166.18
5930.00 166.21
5940.00 166.23
5950.00 165.06
5960.00 165.69
5970.00 168.01
5980.00 171.64
5990.00 174.57
6000.00 174.04
6010.00 174.07
6020.00 174.09
6030.00 174.12
6040.00 174.15
6050.00 174.17
6060.00 174.20
6070.00 175.43
6080.00 176.06
6090.00 176.68
6100.00 177.91
6110.00 181.48
6120.00 180.31
6130.00 178.03
6140.00 177.46
6150.00 178.09
6160.00 179.92
6170.00 183.44
6180.00 187.67
6190.00 191.20
6200.00 193.62
6210.00 194.75
6220.00 194.78
6230.00 194.85
6240.00 197.27
6250.00 199.10
6260.00 200.93
6270.00 203.25
6280.00 205.68
6290.00 206.31
6300.00 207.53
6310.00 209.26
6320.00 210.49
6330.00 211.71
6340.00 213.58
6350.00 214.81
6360.00 215.44
6370.00 215.96
6380.00 215.99
6390.00 216.02
6400.00 216.04
6410.00 214.97
6420.00 213.80
6430.00 212.02
6440.00 211.45
6450.00 212.12
6460.00 210.95
6470.00 209.17
6480.00 208.10
6490.00 205.13
6500.00 202.75
6510.00 201.68
6520.00 200.50
6530.00 198.73
6540.00 197.56
6550.00 198.18
6560.00 198.21
6570.00 198.28
6580.00 198.31
6590.00 195.93
6600.00 195.46
6610.00 193.68
6620.00 191.91
6630.00 190.74
6640.00 189.06
6650.00 186.69
6660.00 183.12
6670.00 178.44
6680.00 176.11
6690.00 169.04
6700.00 163.16
6710.00 156.69
6720.00 150.21
6730.00 143.14
6740.00 137.27
6750.00 131.99
6760.00 126.12
6770.00 120.85
6780.00 115.47
6790.00 113.24
6800.00 110.87
6810.00 108.49
6820.00 109.12
6830.00 109.14
6840.00 109.17
6850.00 109.20
6860.00 109.22
6870.00 106.35
6880.00 103.97
6890.00 101.10
6900.00 97.53
6910.00 92.29
6920.00 87.02
6930.00 87.04
6940.00 83.47
6950.00 81.20
6960.00 79.42
6970.00 78.25
6980.00 75.87
6990.00 73.00
7000.00 70.62
7010.00 68.85
7020.00 69.52
7030.00 69.54
7040.00 69.57
7050.00 69.60
7060.00 70.22
7070.00 70.85
7080.00 71.47
7090.00 72.10
7100.00 73.92
7110.00 75.05
7120.00 76.27
7130.00 77.50
7140.00 79.37
7150.00 79.99
7160.00 81.22
7170.00 82.34
7180.00 83.57
7190.00 85.39
7200.00 87.22
7210.00 88.35
7220.00 90.17
7230.00 90.20
7240.00 90.82
7250.00 91.49
7260.00 91.51
7270.00 92.14
7280.00 92.16
7290.00 93.39
7300.00 94.02
7310.00 94.02
7320.00 95.84
7330.00 95.87
7340.00 98.79
7350.00 103.52
7360.00 109.58
7370.00 114.31
7380.00 117.23
7390.00 116.66
7400.00 109.68
7410.00 110.81
7420.00 111.43
7430.00 108.56
7440.00 100.28
7450.00 88.51
7460.00 79.03
7470.00 70.16
7480.00 65.53
7490.00 63.15
7500.00 62.58
7510.00 61.50
7520.00 60.93
7530.00 60.35
7540.00 57.98
7550.00 54.50
7560.00 50.93
7570.00 49.15
7580.00 49.17
7590.00 45.74
7600.00 48.17
7610.00 47.59
7620.00 44.62
7630.00 38.14
7640.00 28.77
7650.00 28.79
7660.00 28.21
7670.00 27.64
7680.00 27.66
7690.00 27.69
7700.00 27.76
7710.00 27.78
7720.00 27.80
7730.00 27.83
7740.00 27.85
7750.00 27.88
7760.00 27.90
7770.00 28.53
7780.00 27.95
7790.00 27.98
7800.00 28.00
7810.00 28.03
7820.00 28.69
7830.00 29.32
7840.00 29.84
7850.00 29.37
7860.00 30.49
7870.00 31.11
7880.00 31.74
7890.00 32.36
7900.00 32.39
7910.00 33.01
7920.00 33.04
7930.00 34.30
7940.00 34.33
7950.00 34.95
7960.00 34.97
7970.00 35.00
7980.00 35.02
7990.00 35.05
8000.00 36.27
8010.00 37.40
8020.00 39.82
8030.00 40.44
8040.00 42.31
8050.00 42.33
8060.00 39.96
8070.00 39.38
8080.00 40.01
8090.00 39.43
8100.00 40.05
8110.00 43.68
8120.00 47.20
8130.00 49.63
8140.00 52.55
8150.00 52.57
8160.00 55.64
8170.00 56.26
8180.00 56.29
8190.00 54.51
8200.00 54.53
8210.00 56.36
8220.00 56.98
8230.00 57.01
8240.00 55.23
8250.00 53.45
8260.00 51.08
8270.00 51.74
8280.00 49.47
8290.00 47.69
8300.00 49.51
8310.00 50.74
8320.00 52.46
8330.00 54.29
8340.00 56.71
8350.00 57.93
8360.00 57.96
8370.00 56.78
8380.00 57.30
8390.00 60.47
8400.00 60.79
8410.00 61.12
8420.00 61.74
8430.00 60.66
8440.00 63.49
8450.00 63.51
8460.00 63.53
8470.00 61.26
8480.00 61.28
8490.00 61.30
8500.00 61.37
8510.00 62.59
8520.00 62.62
8530.00 62.64
8540.00 62.66
8550.00 61.49
8560.00 61.51
8570.00 61.53
8580.00 61.06
8590.00 59.28
8600.00 57.60
8610.00 58.87
8620.00 57.09
8630.00 54.91
8640.00 54.94
8650.00 56.06
8660.00 56.08
8670.00 56.71
8680.00 60.13
8690.00 64.75
8700.00 65.87
8710.00 67.10
8720.00 67.72
8730.00 67.79
8740.00 70.01
8750.00 71.23
8760.00 72.35
8770.00 73.58
8780.00 73.00
8790.00 71.92
8800.00 71.95
8810.00 71.97
8820.00 71.39
8830.00 69.71
8840.00 65.18
8850.00 63.50
8860.00 63.53
8870.00 63.55
8880.00 64.67
8890.00 66.99
8900.00 69.92
8910.00 72.74
8920.00 75.06
8930.00 77.38
8940.00 80.31
8950.00 82.67
8960.00 85.59
8970.00 87.92
8980.00 90.74
8990.00 93.06
9000.00 95.98
9010.00 98.31
9020.00 100.63
9030.00 103.45
9040.00 106.38
9050.00 110.40
9060.00 112.12
9070.00 112.78
9080.00 115.71
9090.00 119.13
9100.00 123.15
9110.00 127.17
9120.00 131.80
9130.00 134.72
9140.00 138.14
9150.00 142.76
9160.00 147.39
9170.00 151.41
9180.00 153.17
9190.00 154.39
9200.00 153.82
9210.00 153.84
9220.00 154.46
9230.00 154.48
9240.00 153.31
9250.00 152.83
9260.00 153.95
9270.00 155.67
9280.00 158.59
9290.00 162.62
9300.00 164.38
9310.00 166.70
9320.00 169.62
9330.00 172.55
9340.00 174.77
9350.00 176.59
9360.00 178.31
9370.00 182.33
9380.00 185.76
9390.00 185.78
9400.00 185.80
9410.00 183.56
9420.00 185.89
9430.00 188.81
9440.00 191.73
9450.00 195.15
9460.00 199.17
9470.00 204.40
9480.00 209.52
9490.00 213.64
9500.00 214.16
9510.00 213.68
9520.00 222.85
9530.00 226.37
9540.00 225.79
9550.00 229.81
9560.00 233.83
9570.00 236.76
9580.00 236.78
9590.00 236.80
9600.00 239.12
9610.00 241.44
9620.00 243.76
9630.00 245.49
9640.00 242.65
9650.00 243.87
9660.00 246.19
9670.00 249.61
9680.00 253.03
9690.00 254.86
9700.00 254.88
9710.00 253.10
9720.00 248.62
9730.00 242.34
9740.00 238.86
9750.00 236.03
9760.00 236.65
9770.00 237.87
9780.00 241.29
9790.00 243.61
9800.00 245.33
9810.00 246.55
9820.00 247.68
9830.00 248.90
9840.00 250.02
9850.00 250.64
9860.00 248.40
9870.00 251.32
9880.00 254.75
9890.00 254.75
9900.00 257.67
9910.00 260.49
9920.00 263.41
9930.00 266.33
9940.00 269.15
9950.00 272.07
9960.00 274.99
9970.00 276.11
9980.00 276.18
9990.00 281.40
10000.00 285.92
10010.00 287.14
10020.00 292.36
10030.00 299.18
10040.00 307.30
10050.00 314.72
10060.00 321.05
10070.00 325.67
10080.00 327.99
10090.00 326.95
10100.00 330.37
10110.00 333.79
10120.00 336.71
10130.00 335.63
10140.00 334.45
10150.00 336.77
10160.00 338.50
10170.00 337.92
10180.00 335.14
10190.00 332.86
10200.00 332.28
10210.00 331.24
10220.00 333.56
10230.00 335.88
10240.00 337.00
10250.00 337.62
10260.00 338.14
10270.00 338.76
10280.00 343.39
10290.00 347.41
10300.00 348.63
10310.00 349.15
10320.00 347.51
10330.00 348.73
10340.00 351.05
10350.00 353.87
10360.00 356.79
10370.00 355.11
10380.00 356.23
10390.00 357.95
10400.00 360.27
10410.00 363.19
10420.00 368.41
10430.00 366.18
10440.00 367.30
10450.00 367.32
10460.00 367.34
10470.00 367.96
10480.00 368.58
10490.00 369.70
10500.00 371.42
10510.00 372.64
10520.00 373.16
10530.00 373.78
10540.00 373.80
10550.00 369.86
10560.00 368.18
10570.00 366.50
10580.00 364.72
10590.00 363.04
10600.00 360.76
10610.00 357.38
10620.00 354.50
10630.00 352.22
10640.00 351.74
10650.00 352.26
10660.00 348.92
10670.00 347.74
10680.00 348.96
10690.00 347.78
10700.00 349.60
10710.00 350.72
10720.00 349.64
10730.00 347.86
10740.00 346.78
10750.00 347.90
10760.00 346.82
10770.00 349.18
10780.00 348.00
10790.00 353.22
10800.00 356.64
10810.00 357.26
10820.00 356.68
10830.00 355.60
10840.00 353.92
10850.00 351.04
10860.00 350.46
10870.00 349.98
10880.00 350.50
10890.00 347.16
10900.00 347.78
10910.00 347.80
10920.00 347.22
10930.00 344.94
10940.00 342.06
10950.00 341.58
10960.00 339.30
10970.00 333.02
10980.00 328.44
10990.00 313.56
11000.00 290.12
11010.00 281.54
11020.00 277.56
11030.00 277.58
11040.00 277.60
11050.00 277.62
11060.00 279.93
11070.00 279.95
11080.00 275.37
11090.00 271.89
11100.00 268.51
11110.00 265.03
11120.00 260.59
11130.00 258.31
11140.00 256.03
11150.00 255.45
11160.00 253.17
11170.00 245.79
11180.00 240.61
11190.00 229.73
11200.00 218.25
11210.00 214.86
11220.00 210.28
11230.00 205.14
11240.00 204.66
11250.00 204.68
11260.00 205.20
11270.00 205.82
11280.00 207.54
11290.00 208.16
11300.00 208.18
11310.00 208.20
11320.00 207.12
11330.00 205.93
11340.00 202.00
11350.00 201.41
11360.00 200.33
11370.00 199.75
11380.00 199.17
11390.00 198.09
11400.00 196.41
11410.00 195.83
11420.00 195.25
11430.00 193.56
11440.00 192.98
11450.00 193.60
11460.00 191.36
11470.00 191.98
11480.00 192.00
11490.00 192.02
11500.00 192.04
11510.00 189.76
11520.00 189.77
11530.00 189.79
11540.00 190.41
11550.00 190.93
11560.00 193.85
11570.00 193.91
11580.00 195.63
11590.00 197.95
11600.00 200.26
11610.00 203.18
11620.00 206.00
11630.00 208.32
11640.00 210.14
11650.00 212.36
11660.00 214.18
11670.00 215.89
11680.00 217.05
11690.00 218.87
11700.00 219.99
11710.00 220.61
11720.00 221.23
11730.00 220.65
11740.00 221.76
11750.00 223.48
11760.00 227.60
11770.00 231.62
11780.00 236.24
11790.00 239.66
11800.00 233.41
11810.00 230.03
11820.00 224.85
11830.00 219.17
11840.00 217.99
11850.00 212.81
11860.00 208.32
11870.00 203.14
11880.00 198.56
11890.00 193.98
11900.00 190.00
11910.00 180.36
11920.00 176.37
11930.00 173.49
11940.00 171.21
11950.00 168.33
11960.00 166.05
11970.00 164.36
11980.00 163.28
11990.00 161.60
12000.00 161.02
12010.00 161.04
12020.00 162.19
12030.00 162.21
12040.00 162.23
12050.00 162.25
12060.00 162.27
12070.00 162.28
12080.00 162.30
12090.00 162.32
12100.00 162.34
12110.00 160.05
12120.00 160.07
12130.00 160.09
12140.00 160.15
12150.00 161.37
12160.00 160.18
12170.00 157.90
12180.00 155.12
12190.00 150.54
12200.00 144.25
12210.00 140.27
12220.00 140.29
12230.00 140.31
12240.00 140.32
12250.00 140.38
12260.00 140.40
12270.00 140.42
12280.00 140.44
12290.00 140.45
12300.00 140.47
12310.00 140.49
12320.00 140.51
12330.00 140.52
12340.00 140.54
12350.00 142.86
12360.00 142.88
12370.00 142.93
12380.00 142.95
12390.00 142.97
12400.00 142.99
12410.00 143.00
12420.00 143.02
12430.00 140.74
12440.00 140.75
12450.00 140.77
12460.00 141.89
12470.00 141.89
12480.00 142.55
12490.00 142.56
12500.00 142.58
12510.00 144.30
12520.00 144.32
12530.00 144.33
12540.00 144.95
12550.00 144.97
12560.00 144.98
12570.00 144.40
12580.00 143.82
12590.00 144.48
12600.00 143.89
12610.00 143.41
12620.00 142.83
12630.00 142.24
12640.00 142.26
12650.00 142.28
12660.00 142.29
12670.00 142.31
12680.00 142.33
12690.00 142.35
12700.00 142.36
12710.00 142.42
12720.00 142.44
12730.00 142.45
12740.00 142.47
12750.00 141.39
12760.00 141.40
12770.00 143.72
12780.00 143.14
12790.00 144.25
12800.00 145.47
12810.00 147.19
12820.00 148.95
12830.00 152.46
12840.00 156.48
12850.00 161.10
12860.00 165.71
12870.00 172.53
12880.00 178.34
12890.00 182.86
12900.00 185.18
12910.00 188.69
12920.00 191.01
12930.00 193.87
12940.00 193.88
12950.00 193.90
12960.00 191.62
12970.00 191.63
12980.00 192.25
12990.00 186.57
13000.00 181.98
13010.00 182.00
13020.00 184.32
13030.00 187.73
13040.00 191.75
13050.00 191.31
13060.00 189.02
13070.00 185.04
13080.00 183.85
13090.00 182.17
13100.00 180.49
13110.00 179.90
13120.00 180.52
13130.00 181.14
13140.00 182.85
13150.00 185.67
13160.00 188.63
13170.00 190.34
13180.00 191.56
13190.00 194.37
13200.00 194.39
13210.00 195.01
13220.00 192.12
13230.00 187.64
13240.00 183.55
13250.00 179.07
13260.00 178.49
13270.00 179.10
13280.00 172.76
13290.00 172.77
13300.00 176.89
13310.00 178.01
13320.00 180.92
13330.00 183.24
13340.00 184.35
13350.00 183.77
13360.00 179.78
13370.00 178.10
13380.00 180.42
13390.00 174.77
13400.00 175.39
13410.00 174.20
13420.00 173.12
13430.00 171.94
13440.00 171.35
13450.00 174.27
13460.00 174.28
13470.00 172.00
13480.00 173.21
13490.00 173.23
13500.00 168.09
13510.00 165.70
13520.00 163.42
13530.00 160.03
13540.00 154.25
13550.00 146.66
13560.00 140.98
13570.00 135.20
13580.00 131.71
13590.00 127.13
13600.00 124.24
13610.00 124.26
13620.00 123.11
13630.00 124.33
13640.00 124.34
13650.00 123.76
13660.00 123.77
13670.00 123.19
13680.00 123.21
13690.00 123.22
13700.00 123.24
13710.00 124.95
13720.00 126.17
13730.00 123.32
13740.00 123.94
13750.00 124.55
13760.00 127.97
13770.00 129.18
13780.00 128.60
13790.00 128.61
13800.00 131.53
13810.00 133.24
13820.00 135.06
13830.00 137.37
13840.00 133.33
13850.00 134.54
13860.00 135.76
13870.00 135.77
13880.00 135.19
13890.00 135.20
13900.00 132.92
13910.00 133.43
13920.00 137.55
13930.00 140.46
13940.00 139.28
13950.00 139.29
13960.00 130.15
13970.00 128.36
13980.00 130.78
13990.00 132.49
14000.00 131.91
14010.00 129.62
14020.00 127.94
14030.00 125.05
14040.00 120.37
14050.00 119.28
14060.00 122.70
14070.00 127.45
14080.00 133.27
14090.00 134.38
14100.00 135.00
14110.00 132.71
14120.00 127.53
14130.00 125.24
14140.00 122.86
14150.00 121.77
14160.00 118.88
14170.00 115.40
14180.00 113.71
14190.00 106.77
14200.00 104.48
14210.00 101.60
14220.00 99.31
14230.00 97.03
14240.00 95.34
14250.00 94.76
14260.00 94.17
14270.00 94.18
14280.00 94.20
14290.00 94.81
14300.00 90.17
14310.00 91.98
14320.00 93.70
14330.00 94.91
14340.00 94.93
14350.00 95.54
14360.00 94.95
14370.00 94.37
14380.00 92.68
14390.00 90.90
14400.00 88.01
14410.00 83.47
14420.00 81.78
14430.00 79.99
14440.00 77.71
14450.00 76.02
14460.00 74.84
14470.00 74.85
14480.00 74.86
14490.00 74.88
14500.00 74.89
14510.00 74.91
14520.00 74.92
14530.00 74.98
14540.00 76.69
14550.00 76.70
14560.00 76.72
14570.00 76.73
14580.00 77.94
14590.00 78.56
14600.00 79.17
14610.00 80.89
14620.00 82.10
14630.00 82.61
14640.00 81.57
14650.00 82.68
14660.00 83.30
14670.00 84.51
14680.00 85.02
14690.00 85.64
14700.00 85.65
14710.00 85.66
14720.00 85.68
14730.00 85.09
14740.00 84.61
14750.00 84.06
14760.00 84.07
14770.00 84.09
14780.00 84.10
14790.00 84.11
14800.00 84.13
14810.00 84.14
14820.00 84.75
14830.00 85.27
14840.00 85.88
14850.00 85.89
14860.00 85.31
14870.00 85.96
14880.00 85.38
14890.00 85.39
14900.00 87.80
14910.00 88.92
14920.00 90.73
14930.00 92.44
14940.00 94.76
14950.00 97.67
14960.00 100.58
14970.00 103.50
14980.00 105.25
14990.00 109.36
15000.00 113.98
15010.00 119.19
15020.00 125.60
15030.00 130.82
15040.00 134.93
15050.00 134.93
15060.00 141.84
15070.00 146.56
15080.00 156.37
15090.00 163.28
15100.00 166.24
15110.00 168.55
15120.00 169.16
15130.00 169.77
15140.00 172.09
15150.00 175.60
15160.00 179.11
15170.00 183.73
15180.00 188.34
15190.00 191.85
15200.00 195.97
15210.00 198.92
15220.00 204.73
15230.00 212.85
15240.00 218.06
15250.00 222.67
15260.00 226.78
15270.00 230.20
15280.00 233.11
15290.00 236.02
15300.00 238.93
15310.00 241.25
15320.00 240.20
15330.00 241.31
15340.00 244.83
15350.00 251.84
15360.00 258.75
15370.00 265.16
15380.00 270.38
15390.00 275.59
15400.00 282.00
15410.00 287.21
15420.00 292.43
15430.00 296.44
15440.00 298.29
15450.00 303.51
15460.00 307.52
15470.00 311.03
15480.00 313.94
15490.00 316.86
15500.00 319.17
15510.00 322.68
15520.00 325.59
15530.00 328.51
15540.00 328.52
15550.00 328.57
15560.00 328.58
15570.00 326.30
15580.00 326.31
15590.00 325.72
15600.00 324.03
15610.00 321.74
15620.00 319.36
15630.00 315.37
15640.00 308.98
15650.00 299.69
15660.00 285.95
15670.00 283.06
15680.00 283.57
15690.00 285.38
15700.00 288.30
15710.00 286.01
15720.00 281.92
15730.00 279.03
15740.00 275.54
15750.00 273.86
15760.00 272.67
15770.00 266.38
15780.00 251.33
15790.00 240.94
15800.00 228.16
15810.00 217.17
15820.00 211.48
15830.00 210.89
15840.00 209.70
15850.00 206.22
15860.00 204.53
15870.00 205.74
15880.00 202.25
15890.00 186.60
15900.00 184.32
15910.00 179.13
15920.00 172.24
15930.00 167.05
15940.00 163.56
15950.00 161.28
15960.00 159.49
15970.00 148.00
15980.00 143.91
15990.00 142.22
16000.00 140.47
16010.00 141.09
16020.00 141.10
16030.00 138.81
16040.00 135.92
16050.00 133.63
16060.00 131.34
16070.00 128.96
16080.00 124.97
16090.00 121.48
16100.00 119.19
16110.00 116.90
16120.00 114.65
16130.00 115.17
16140.00 114.68
16150.00 113.49
16160.00 111.80
16170.00 109.51
16180.00 107.72
16190.00 105.43
16200.00 103.14
16210.00 101.36
16220.00 99.07
16230.00 97.42
16240.00 97.43
16250.00 94.54
16260.00 91.05
16270.00 88.76
16280.00 86.48
16290.00 84.79
16300.00 83.00
16310.00 81.31
16320.00 80.12
16330.00 79.03
16340.00 79.54
16350.00 79.09
16360.00 79.61
16370.00 79.62
16380.00 79.63
16390.00 80.24
16400.00 77.95
16410.00 77.96
16420.00 79.17
16430.00 80.28
16440.00 81.49
16450.00 83.20
16460.00 82.66
16470.00 83.27
16480.00 83.88
16490.00 83.89
16500.00 83.90
16510.00 83.91
16520.00 83.92
16530.00 83.93
16540.00 83.94
16550.00 83.35
16560.00 82.76
16570.00 81.12
16580.00 81.13
16590.00 82.34
16600.00 83.45
16610.00 84.06
16620.00 85.27
16630.00 86.98
16640.00 88.69
16650.00 88.10
16660.00 89.91
16670.00 91.62
16680.00 93.43
16690.00 93.49
16700.00 94.00
16710.00 94.01
16720.00 94.62
16730.00 95.23
16740.00 96.44
16750.00 97.55
16760.00 98.76
16770.00 100.47
16780.00 103.38
16790.00 105.09
16800.00 104.64
16810.00 105.75
16820.00 107.46
16830.00 108.07
16840.00 110.98
16850.00 110.99
16860.00 109.90
16870.00 109.91
16880.00 110.52
16890.00 109.93
16900.00 111.64
16910.00 120.40
16920.00 129.71
16930.00 140.12
16940.00 154.03
16950.00 161.54
16960.00 169.65
16970.00 171.96
16980.00 174.87
16990.00 174.88
17000.00 175.49
17010.00 176.70
17020.00 177.21
17030.00 170.36
17040.00 171.47
17050.00 172.08
17060.00 173.29
17070.00 173.90
17080.00 173.31
17090.00 173.92
17100.00 174.53
17110.00 176.84
17120.00 178.55
17130.00 180.86
17140.00 173.41
17150.00 174.02
17160.00 175.73
17170.00 179.24
17180.00 180.35
17190.00 182.66
17200.00 187.37
17210.00 189.08
17220.00 190.29
17230.00 190.90
17240.00 190.30
17250.00 191.41
17260.00 194.36
17270.00 199.67
17280.00 200.18
17290.00 200.19
17300.00 200.20
17310.00 203.11
17320.00 208.32
17330.00 214.13
17340.00 218.24
17350.00 218.85
17360.00 220.56
17370.00 225.81
17380.00 227.02
17390.00 227.53
17400.00 229.94
17410.00 233.95
17420.00 236.86
17430.00 239.77
17440.00 242.08
17450.00 243.29
17460.00 246.20
17470.00 249.11
17480.00 253.16
17490.00 253.76
17500.00 252.57
17510.00 251.48
17520.00 251.49
17530.00 253.20
17540.00 255.01
17550.00 257.32
17560.00 261.33
17570.00 264.84
17580.00 267.15
17590.00 268.96
17600.00 268.41
17610.00 268.42
17620.00 269.52
17630.00 269.53
17640.00 269.53
17650.00 270.14
17660.00 268.45
17670.00 267.86
17680.00 267.27
17690.00 267.28
17700.00 269.09
17710.00 269.14
17720.00 271.45
17730.00 277.76
17740.00 283.06
17750.00 286.47
17760.00 287.68
17770.00 285.99
17780.00 285.40
17790.00 284.81
17800.00 285.42
17810.00 285.43
17820.00 281.38
17830.00 283.18
17840.00 284.29
17850.00 285.50
17860.00 284.91
17870.00 286.12
17880.00 284.93
17890.00 284.94
17900.00 285.55
17910.00 284.95
17920.00 283.26
17930.00 282.07
17940.00 279.22
17950.00 279.83
17960.00 280.44
17970.00 280.45
17980.00 281.56
17990.00 282.76
18000.00 282.77
18010.00 282.18
18020.00 280.99
18030.00 279.30
18040.00 279.31
18050.00 275.36
18060.00 276.46
18070.00 278.17
18080.00 280.58
18090.00 282.29
18100.00 281.70
18110.00 280.61
18120.00 278.81
18130.00 278.82
18140.00 278.83
18150.00 277.14
18160.00 274.25
18170.00 267.30
18180.00 266.20
18190.00 265.61
18200.00 268.52
18210.00 269.13
18220.00 266.24
18230.00 262.75
18240.00 264.55
18250.00 266.26
18260.00 266.27
18270.00 266.28
18280.00 262.83
18290.00 265.13
18300.00 266.34
18310.00 268.05
18320.00 267.46
18330.00 268.67
18340.00 270.37
18350.00 272.18
18360.00 273.89
18370.00 275.70
18380.00 278.01
18390.00 275.15
18400.00 278.06
18410.00 282.07
18420.00 286.18
18430.00 289.69
18440.00 290.19
18450.00 292.50
18460.00 291.91
18470.00 295.42
18480.00 298.93
18490.00 301.83
18500.00 303.54
18510.00 302.49
18520.00 304.20
18530.00 305.40
18540.00 305.91
18550.00 307.12
18560.00 308.33
18570.00 310.04
18580.00 311.74
18590.00 311.75
18600.00 312.36
18610.00 314.67
18620.00 311.81
18630.00 312.42
18640.00 311.83
18650.00 311.84
18660.00 312.44
18670.00 315.35
18680.00 315.96
18690.00 315.97
18700.00 313.67
18710.00 311.88
18720.00 310.19
18730.00 306.74
18740.00 307.34
18750.00 307.95
18760.00 308.56
18770.00 308.57
18780.00 307.97
18790.00 307.98
18800.00 309.69
18810.00 310.29
18820.00 310.30
18830.00 310.31
18840.00 309.72
18850.00 305.76
18860.00 306.87
18870.00 309.18
18880.00 311.59
18890.00 314.49
18900.00 317.90
18910.00 318.51
18920.00 320.31
18930.00 320.82
18940.00 320.33
18950.00 317.93
18960.00 313.38
18970.00 313.39
18980.00 314.00
18990.00 313.40
19000.00 312.81
19010.00 313.42
19020.00 313.42
19030.00 313.43
19040.00 313.44
19050.00 311.74
19060.00 311.15
19070.00 311.16
19080.00 310.61
19090.00 311.21
19100.00 311.82
19110.00 312.33
19120.00 312.33
19130.00 313.54
19140.00 314.75
19150.00 317.65
19160.00 319.96
19170.00 320.57
19180.00 321.67
19190.00 323.42
19200.00 323.43
19210.00 323.43
19220.00 323.44
19230.00 321.75
19240.00 321.15
19250.00 318.86
19260.00 316.57
19270.00 314.27
19280.00 313.68
19290.00 314.29
19300.00 313.13
19310.00 314.34
19320.00 317.25
19330.00 320.15
19340.00 321.26
19350.00 320.17
19360.00 320.17
19370.00 318.98
19380.00 315.48
19390.00 309.69
19400.00 302.20
19410.00 297.60
19420.00 292.95
19430.00 288.36
19440.00 283.76
19450.00 280.27
19460.00 277.38
19470.00 275.08
19480.00 272.19
19490.00 269.89
19500.00 267.60
19510.00 265.21
19520.00 262.91
19530.00 261.86
19540.00 255.46
19550.00 250.87
19560.00 246.78
19570.00 242.68
19580.00 236.89
19590.00 232.90
19600.00 230.60
19610.00 229.41
19620.00 228.31
19630.00 227.12
19640.00 225.47
19650.00 224.27
19660.00 223.08
19670.00 221.98
19680.00 219.09
19690.00 216.79
19700.00 216.20
19710.00 215.01
19720.00 213.31
19730.00 213.92
19740.00 213.92
19750.00 213.93
19760.00 213.98
19770.00 210.48
19780.00 208.79
19790.00 206.39
19800.00 204.70
19810.00 203.00
19820.00 204.11
19830.00 201.82
19840.00 201.22
19850.00 202.43
19860.00 205.33
19870.00 211.68
19880.00 212.88
19890.00 211.69
19900.00 211.20
19910.00 209.40
19920.00 210.01
19930.00 208.31
19940.00 204.82
19950.00 199.62
19960.00 193.83
19970.00 188.03
19980.00 183.44
19990.00 177.68
20000.00 174.79
20010.00 173.00
20020.00 170.70
20030.00 169.01
20040.00 166.71
20050.00 164.92
20060.00 162.02
20070.00 159.13
20080.00 156.23
20090.00 152.84
20100.00 144.68
20110.00 141.29
20120.00 137.79
20130.00 134.90
20140.00 132.00
20150.00 129.11
20160.00 126.81
20170.00 124.52
20180.00 122.22
20190.00 119.83
20200.00 116.93
20210.00 105.48
20220.00 105.48
20230.00 100.79
20240.00 97.29
20250.00 94.40
20260.00 91.50
20270.00 89.21
20280.00 88.11
20290.00 86.32
20300.00 85.22
20310.00 84.62
20320.00 84.63
20330.00 82.37
20340.00 84.68
20350.00 81.78
20360.00 78.29
20370.00 80.09
20380.00 81.80
20390.00 81.80
20400.00 81.21
20410.00 79.51
20420.00 79.52
20430.00 77.22
20440.00 73.17
20450.00 71.97
20460.00 70.88
20470.00 70.28
20480.00 68.59
20490.00 66.79
20500.00 66.30
20510.00 65.70
20520.00 65.71
20530.00 65.71
20540.00 65.71
20550.00 66.36
20560.00 66.86
20570.00 67.47
20580.00 68.67
20590.00 69.78
20600.00 70.98
20610.00 72.09
20620.00 72.69
20630.00 74.49
20640.00 77.40
20650.00 80.80
20660.00 82.01
20670.00 82.65
20680.00 86.06
20690.00 89.06
20700.00 91.87
20710.00 93.67
20720.00 93.07
20730.00 92.48
20740.00 88.48
20750.00 86.09
20760.00 88.49
20770.00 91.40
20780.00 93.74
20790.00 96.64
20800.00 98.95
20810.00 101.25
20820.00 103.06
20830.00 104.76
20840.00 108.26
20850.00 111.17
20860.00 114.07
20870.00 116.38
20880.00 116.38
20890.00 115.22
20900.00 115.23
20910.00 115.23
20920.00 115.24
20930.00 115.24
20940.00 116.44
20950.00 117.05
20960.00 114.65
20970.00 112.96
20980.00 112.96
20990.00 114.16
21000.00 114.67
21010.00 115.31
21020.00 116.52
21030.00 115.32
21040.00 114.22
21050.00 113.63
21060.00 112.43
21070.00 111.33
21080.00 109.54
21090.00 107.84
21100.00 106.65
21110.00 104.35
21120.00 104.99
21130.00 105.00
21140.00 102.70
21150.00 98.00
21160.00 94.01
21170.00 92.81
21180.00 94.01
21190.00 91.72
21200.00 89.42
21210.00 85.92
21220.00 82.43
21230.00 76.03
21240.00 65.08
21250.00 62.78
21260.00 62.78
21270.00 62.79
21280.00 62.79
21290.00 62.19
21300.00 62.20
21310.00 62.20
21320.00 62.80
21330.00 62.81
21340.00 64.01
21350.00 66.35
21360.00 68.66
21370.00 70.36
21380.00 72.16
21390.00 73.87
21400.00 75.57
21410.00 75.57
21420.00 75.57
21430.00 75.58
21440.00 68.08
21450.00 57.08
21460.00 52.53
21470.00 51.33
21480.00 49.63
21490.00 47.84
21500.00 46.74
21510.00 46.14
21520.00 46.15
21530.00 46.15
21540.00 46.15
21550.00 46.15
21560.00 46.16
21570.00 46.16
21580.00 46.20
21590.00 46.21
21600.00 46.21
21610.00 46.21
21620.00 46.22
21630.00 46.22
21640.00 46.22
21650.00 46.22
21660.00 46.23
21670.00 46.23
21680.00 46.23
21690.00 46.27
21700.00 46.28
21710.00 46.28
21720.00 46.88
21730.00 46.89
21740.00 46.29
21750.00 46.29
21760.00 46.89
21770.00 46.90
21780.00 46.90
21790.00 46.90
21800.00 48.04
21810.00 47.55
21820.00 46.95
21830.00 46.95
21840.00 46.95
21850.00 46.96
21860.00 48.06
21870.00 49.86
21880.00 50.96
21890.00 49.27
21900.00 48.07
21910.00 46.97
21920.00 46.41
21930.00 46.42
21940.00 45.22
21950.00 45.22
21960.00 45.22
21970.00 45.23
21980.00 45.23
21990.00 45.23
22000.00 44.73
22010.00 44.63
22020.00 44.64
22030.00 44.68
22040.00 44.68
22050.00 44.68
22060.00 44.69
22070.00 44.69
22080.00 44.69
22090.00 44.69
22100.00 44.69
22110.00 44.70
22120.00 44.70
22130.00 44.70
22140.00 44.70
22150.00 44.74
22160.00 44.75
22170.00 44.75
22180.00 44.75
22190.00 44.75
22200.00 44.75
22210.00 44.76
22220.00 44.76
22230.00 44.76
22240.00 44.76
22250.00 44.76
22260.00 44.81
22270.00 44.81
22280.00 44.81
22290.00 44.81
22300.00 44.81
22310.00 44.81
22320.00 44.82
22330.00 44.82
22340.00 44.82
22350.00 44.82
22360.00 44.82
22370.00 44.87
22380.00 44.87
22390.00 44.87
22400.00 44.87
22410.00 44.87
22420.00 44.87
22430.00 44.87
22440.00 44.88
22450.00 44.88
22460.00 44.88
22470.00 44.88
22480.00 44.88
22490.00 44.92
22500.00 44.93
22510.00 44.93
22520.00 44.93
22530.00 44.93
22540.00 44.93
22550.00 44.93
22560.00 44.93
22570.00 44.94
22580.00 44.94
22590.00 44.94
22600.00 44.98
22610.00 44.98
22620.00 44.98
22630.00 44.98
22640.00 44.98
22650.00 44.99
22660.00 44.99
22670.00 44.99
22680.00 44.99
22690.00 44.99
22700.00 44.99
22710.00 45.03
22720.00 45.03
22730.00 45.04
22740.00 45.04
22750.00 45.04
22760.00 45.04
22770.00 45.04
22780.00 45.04
22790.00 45.04
22800.00 45.04
22810.00 45.04
22820.00 45.04
22830.00 45.08
22840.00 45.09
22850.00 45.09
22860.00 45.09
22870.00 45.09
22880.00 45.09
22890.00 45.09
22900.00 45.09
22910.00 45.09
22920.00 45.09
22930.00 45.09
22940.00 45.13
22950.00 45.13
22960.00 45.14
22970.00 45.14
22980.00 45.14
22990.00 45.14
23000.00 45.14
23010.00 45.14
23020.00 45.14
23030.00 45.14
23040.00 45.14
23050.00 45.14
23060.00 45.18
23070.00 45.18
23080.00 45.18
23090.00 45.18
23100.00 45.18
23110.00 45.19
23120.00 45.19
23130.00 45.19
23140.00 45.19
23150.00 45.19
23160.00 45.19
23170.00 45.23
23180.00 45.23
23190.00 45.23
23200.00 45.23
23210.00 45.23
23220.00 45.23
23230.00 45.23
23240.00 45.23
23250.00 45.23
23260.00 45.23
23270.00 45.23
23280.00 45.27
23290.00 45.27
23300.00 45.27
23310.00 45.27
23320.00 45.27
23330.00 45.27
23340.00 45.27
23350.00 45.27
23360.00 45.27
23370.00 45.27
23380.00 45.27
23390.00 45.27
23400.00 45.31
23410.00 45.31
23420.00 45.31
23430.00 45.31
23440.00 45.31
23450.00 45.31
23460.00 45.31
23470.00 45.31
23480.00 45.31
23490.00 45.31
23500.00 45.31
23510.00 45.35
23520.00 45.35
23530.00 45.35
23540.00 45.35
23550.00 45.35
23560.00 46.85
23570.00 48.25
23580.00 51.85
23590.00 55.05
23600.00 56.45
23610.00 54.55
23620.00 59.19
23630.00 60.49
23640.00 62.39
23650.00 64.19
23660.00 65.99
23670.00 67.79
23680.00 70.49
23690.00 73.19
23700.00 74.59
23710.00 74.59
23720.00 75.49
23730.00 77.79
23740.00 80.93
23750.00 83.73
23760.00 84.63
23770.00 86.82
23780.00 89.62
23790.00 93.22
23800.00 94.52
23810.00 97.72
23820.00 101.32
23830.00 105.92
23840.00 112.22
23850.00 117.26
23860.00 122.66
23870.00 127.66
23880.00 131.76
23890.00 135.86
23900.00 139.06
23910.00 142.16
23920.00 146.26
23930.00 151.75
23940.00 155.35
23950.00 159.45
23960.00 167.55
23970.00 172.19
23980.00 174.89
23990.00 181.69
24000.00 187.59
24010.00 192.59
24020.00 197.09
24030.00 202.49
24040.00 206.58
24050.00 206.58
24060.00 209.78
24070.00 212.98
24080.00 213.42
24090.00 217.02
24100.00 221.12
24110.00 224.32
24120.00 226.62
24130.00 227.52
24140.00 230.61
24150.00 233.41
24160.00 234.31
24170.00 235.21
24180.00 236.51
24190.00 232.95
24200.00 228.45
24210.00 224.85
24220.00 224.85
24230.00 226.64
24240.00 226.64
24250.00 226.14
24260.00 225.64
24270.00 226.64
24280.00 222.94
24290.00 214.34
24300.00 213.43
24310.00 213.47
24320.00 213.47
24330.00 213.47
24340.00 214.87
24350.00 216.67
24360.00 219.37
24370.00 221.66
24380.00 225.66
24390.00 230.66
24400.00 235.66
24410.00 240.26
24420.00 246.60
24430.00 246.60
24440.00 246.59
24450.00 246.59
24460.00 244.79
24470.00 244.79
24480.00 244.29
24490.00 240.29
24500.00 235.68
24510.00 226.68
24520.00 223.88
24530.00 224.92
24540.00 223.92
24550.00 223.52
24560.00 223.51
24570.00 223.51
24580.00 225.71
24590.00 228.01
24600.00 235.71
24610.00 236.60
24620.00 238.90
24630.00 239.40
24640.00 239.80
24650.00 247.14
24660.00 246.64
24670.00 244.33
24680.00 243.43
24690.00 242.53
24700.00 242.53
24710.00 241.63
24720.00 238.92
24730.00 236.22
24740.00 233.92
24750.00 230.72
24760.00 230.76
24770.00 230.75
24780.00 232.15
24790.00 233.95
24800.00 235.35
24810.00 235.74
24820.00 235.74
24830.00 237.54
24840.00 240.34
24850.00 242.54
24860.00 243.93
24870.00 247.17
24880.00 246.27
24890.00 246.27
24900.00 247.16
24910.00 247.56
24920.00 248.96
24930.00 252.16
24940.00 255.26
24950.00 255.75
24960.00 256.65
24970.00 256.65
24980.00 258.45
24990.00 256.68
25000.00 256.68
25010.00 256.68
25020.00 254.88
25030.00 252.57
25040.00 249.87
25050.00 249.37
25060.00 248.47
25070.00 247.56
25080.00 247.16
25090.00 246.66
25100.00 245.79
25110.00 245.79
25120.00 244.89
25130.00 246.29
25140.00 247.58
25150.00 248.08
25160.00 249.38
25170.00 251.18
25180.00 252.57
25190.00 253.97
25200.00 255.77
25210.00 257.07
25220.00 260.30
25230.00 260.80
25240.00 261.70
25250.00 260.79
25260.00 260.29
25270.00 259.39
25280.00 258.49
25290.00 258.48
25300.00 259.38
25310.00 258.98
25320.00 258.97
25330.00 265.81
25340.00 268.91
25350.00 271.20
25360.00 273.50
25370.00 276.60
25380.00 276.60
25390.00 278.90
25400.00 277.99
25410.00 277.49
25420.00 276.59
25430.00 272.98
25440.00 274.82
25450.00 271.62
25460.00 269.81
25470.00 271.21
25480.00 273.01
25490.00 276.60
25500.00 276.60
25510.00 276.60
25520.00 277.09
25530.00 274.79
25540.00 271.59
25550.00 267.58
25560.00 262.62
25570.00 256.22
25580.00 252.61
25590.00 249.01
25600.00 247.21
25610.00 245.80
25620.00 246.70
25630.00 244.90
25640.00 244.89
25650.00 244.89
25660.00 246.69
25670.00 244.92
25680.00 244.42
25690.00 244.02
25700.00 244.01
25710.00 244.01
25720.00 244.01
25730.00 244.00
25740.00 244.40
25750.00 244.89
25760.00 244.39
25770.00 244.39
25780.00 244.42
25790.00 244.92
25800.00 243.12
25810.00 239.51
25820.00 236.71
25830.00 235.80
25840.00 234.90
25850.00 234.90
25860.00 234.89
25870.00 234.89
25880.00 234.89
25890.00 235.38
25900.00 234.92
25910.00 234.91
25920.00 234.51
25930.00 234.91
25940.00 234.90
25950.00 236.70
25960.00 236.69
25970.00 235.39
25980.00 232.19
25990.00 230.38
26000.00 230.38
26010.00 236.71
26020.00 237.21
26030.00 239.91
26040.00 241.30
26050.00 242.60
26060.00 239.89
26070.00 243.99
26080.00 243.49
26090.00 240.38
26100.00 237.18
26110.00 236.67
26120.00 236.67
26130.00 234.90
26140.00 234.90
26150.00 234.90
26160.00 232.19
26170.00 228.59
26180.00 226.78
26190.00 224.98
26200.00 223.07
26210.00 220.37
26220.00 217.17
26230.00 214.06
26240.00 214.10
26250.00 211.79
26260.00 209.49
26270.00 207.68
26280.00 207.28
26290.00 206.37
26300.00 206.77
26310.00 206.77
26320.00 205.46
26330.00 203.16
26340.00 199.55
26350.00 201.39
26360.00 195.88
26370.00 193.18
26380.00 190.47
26390.00 188.17
26400.00 186.36
26410.00 185.46
26420.00 184.55
26430.00 184.55
26440.00 184.15
26450.00 182.74
26460.00 176.84
26470.00 177.77
26480.00 176.87
26490.00 175.96
26500.00 175.46
26510.00 174.55
26520.00 174.55
26530.00 174.54
26540.00 174.54
26550.00 174.53
26560.00 175.43
26570.00 175.92
26580.00 177.26
26590.00 177.25
26600.00 178.25
26610.00 178.64
26620.00 179.14
26630.00 180.93
26640.00 183.13
26650.00 185.02
26660.00 186.82
26670.00 188.11
26680.00 189.51
26690.00 190.94
26700.00 191.74
26710.00 193.13
26720.00 194.53
26730.00 195.82
26740.00 203.52
26750.00 208.11
26760.00 212.21
26770.00 214.90
26780.00 215.30
26790.00 213.49
26800.00 214.38
26810.00 214.92
26820.00 214.91
26830.00 214.91
26840.00 216.70
26850.00 223.50
26860.00 226.69
26870.00 226.69
26880.00 226.18
26890.00 227.98
26900.00 229.77
26910.00 231.67
26920.00 235.30
26930.00 237.09
26940.00 239.79
26950.00 243.38
26960.00 247.08
26970.00 252.07
26980.00 254.27
26990.00 256.56
27000.00 258.36
27010.00 258.85
27020.00 256.94
27030.00 254.74
27040.00 247.47
27050.00 243.37
27060.00 238.86
27070.00 230.26
27080.00 222.55
27090.00 217.04
27100.00 218.44
27110.00 213.03
27120.00 203.93
27130.00 198.92
27140.00 192.12
27150.00 175.35
27160.00 166.34
27170.00 162.64
27180.00 156.83
27190.00 148.13
27200.00 145.02
27210.00 140.41
27220.00 135.41
27230.00 131.80
27240.00 129.10
27250.00 125.89
27260.00 122.72
27270.00 111.92
27280.00 106.01
27290.00 102.81
27300.00 99.20
27310.00 98.29
27320.00 96.49
27330.00 96.48
27340.00 96.48
27350.00 95.47
27360.00 94.56
27370.00 93.26
27380.00 90.59
27390.00 89.68
27400.00 88.68
27410.00 87.37
27420.00 86.47
27430.00 84.66
27440.00 84.65
27450.00 86.45
27460.00 86.44
27470.00 81.43
27480.00 74.13
27490.00 63.76
27500.00 58.75
27510.00 57.85
27520.00 55.54
27530.00 54.24
27540.00 52.83
27550.00 51.92
27560.00 51.52
27570.00 53.71
27580.00 55.10
27590.00 56.50
27600.00 53.33
27610.00 51.52
27620.00 48.82
27630.00 46.51
27640.00 45.40
27650.00 45.40
27660.00 45.39
27670.00 45.38
27680.00 45.38
27690.00 45.37
27700.00 45.36
27710.00 45.36
27720.00 45.39
27730.00 45.38
27740.00 45.38
27750.00 45.37
27760.00 45.36
27770.00 45.36
27780.00 45.35
27790.00 45.34
27800.00 45.34
27810.00 45.33
27820.00 45.32
27830.00 45.35
27840.00 45.35
27850.00 45.34
27860.00 45.33
27870.00 45.33
27880.00 45.32
27890.00 45.31
27900.00 45.31
27910.00 45.30
27920.00 45.29
27930.00 45.28
27940.00 45.28
27950.00 45.31
27960.00 45.31
27970.00 45.30
27980.00 45.30
27990.00 45.29
28000.00 45.28
28010.00 45.27
28020.00 45.27
28030.00 45.26
28040.00 45.25
28050.00 45.25
28060.00 45.28
28070.00 45.27
28080.00 45.26
28090.00 45.26
28100.00 45.25
28110.00 45.24
28120.00 45.23
28130.00 45.23
28140.00 45.22
28150.00 45.21
28160.00 45.20
28170.00 45.24
28180.00 45.23
28190.00 45.22
28200.00 45.21
28210.00 45.21
28220.00 45.20
28230.00 45.19
28240.00 45.18
28250.00 45.18
28260.00 45.17
28270.00 45.16
28280.00 45.15
28290.00 45.19
28300.00 45.18
28310.00 45.17
28320.00 45.16
28330.00 45.16
28340.00 45.15
28350.00 45.14
28360.00 45.13
28370.00 45.13
28380.00 45.12
28390.00 45.11
28400.00 45.14
28410.00 45.13
28420.00 45.13
28430.00 45.12
28440.00 45.11
28450.00 45.10
28460.00 45.09
28470.00 45.09
28480.00 45.08
28490.00 45.07
28500.00 45.06
28510.00 45.09
28520.00 45.09
28530.00 45.08
28540.00 45.07
28550.00 45.06
28560.00 45.05
28570.00 45.05
28580.00 45.04
28590.00 45.03
28600.00 45.02
28610.00 45.01
28620.00 45.01
28630.00 45.04
28640.00 45.03
28650.00 45.02
28660.00 45.01
28670.00 45.00
28680.00 45.00
28690.00 44.99
28700.00 44.98
28710.00 44.97
28720.00 44.96
28730.00 44.96
28740.00 44.99
28750.00 44.98
28760.00 44.97
28770.00 44.96
28780.00 44.95
28790.00 44.94
28800.00 44.94
28810.00 44.93
28820.00 44.92
28830.00 44.91
28840.00 44.90
28850.00 44.93
28860.00 44.92
28870.00 44.92
28880.00 44.91
28890.00 44.90
28900.00 44.89
28910.00 44.88
28920.00 44.87
28930.00 44.87
28940.00 44.86
28950.00 44.85
28960.00 44.84
28970.00 44.87
28980.00 44.86
28990.00 44.85
29000.00 44.84
29010.00 44.84
29020.00 44.83
29030.00 44.82
29040.00 44.81
29050.00 44.80
29060.00 44.79
29070.00 44.78
29080.00 44.81
29090.00 44.80
29100.00 44.80
29110.00 44.79
29120.00 44.78
29130.00 44.77
29140.00 44.76
29150.00 44.75
29160.00 44.74
29170.00 44.73
29180.00 44.72
29190.00 44.71
29200.00 44.74
29210.00 44.74
29220.00 44.73
29230.00 44.72
29240.00 44.71
29250.00 44.70
29260.00 44.69
29270.00 44.68
29280.00 44.67
29290.00 44.66
29300.00 44.65
29310.00 44.68
29320.00 44.67
29330.00 44.67
29340.00 44.66
29350.00 44.65
29360.00 44.64
29370.00 44.63
29380.00 44.62
29390.00 44.61
29400.00 44.60
29410.00 44.59
29420.00 44.62
29430.00 44.61
29440.00 44.60
29450.00 44.59
29460.00 44.58
29470.00 44.57
29480.00 44.56
29490.00 44.56
29500.00 44.55
29510.00 44.54
29520.00 44.53
29530.00 44.52
29540.00 44.55
29550.00 44.54
29560.00 44.53
29570.00 44.52
29580.00 44.51
29590.00 44.50
29600.00 44.49
29610.00 44.48
29620.00 44.47
29630.00 44.46
29640.00 44.45
29650.00 44.48
29660.00 44.47
29670.00 44.46
29680.00 44.45
29690.00 44.44
29700.00 44.43
29710.00 44.42
29720.00 44.41
29730.00 44.40
29740.00 44.39
29750.00 44.38
29760.00 44.41
29770.00 44.40
29780.00 44.39
29790.00 44.38
29800.00 44.37
29810.00 44.36
29820.00 44.35
29830.00 44.34
29840.00 44.33
29850.00 44.32
29860.00 44.31
29870.00 44.30
29880.00 44.33
29890.00 44.32
29900.00 44.31
29910.00 44.30
29920.00 44.29
29930.00 44.28
29940.00 44.27
29950.00 44.26
29960.00 44.25
29970.00 44.24
29980.00 44.23
29990.00 44.26
30000.00 44.25
30010.00 44.24
30020.00 44.23
30030.00 44.22
30040.00 44.21
30050.00 44.20
30060.00 44.19
30070.00 44.18
30080.00 44.17
30090.00 44.15
30100.00 44.14
30110.00 44.17
30120.00 44.16
30130.00 44.15
30140.00 44.14
30150.00 44.13
30160.00 44.12
30170.00 44.11
30180.00 44.10
30190.00 44.09
30200.00 44.08
30210.00 44.07
30220.00 44.10
30230.00 44.09
30240.00 44.07
30250.00 44.06
30260.00 44.05
30270.00 44.04
30280.00 44.03
30290.00 44.02
30300.00 44.01
30310.00 44.00
30320.00 43.99
30330.00 44.02
30340.00 44.01
30350.00 44.00
30360.00 43.98
30370.00 43.97
30380.00 43.96
30390.00 43.95
30400.00 43.94
30410.00 43.93
30420.00 43.92
30430.00 43.91
30440.00 43.90
30450.00 43.93
30460.00 43.91
30470.00 43.90
30480.00 43.89
30490.00 43.88
30500.00 43.87
30510.00 43.86
30520.00 43.85
30530.00 43.84
30540.00 43.84
30550.00 43.83
30560.00 43.85
30570.00 43.84
30580.00 43.83
30590.00 43.82
30600.00 43.81
30610.00 43.80
30620.00 43.79
30630.00 43.78
30640.00 43.76
30650.00 43.75
30660.00 43.74
30670.00 43.77
30680.00 43.76
30690.00 43.75
30700.00 43.74
30710.00 43.72
30720.00 43.71
30730.00 43.70
30740.00 43.69
30750.00 43.68
30760.00 43.67
30770.00 43.66
30780.00 43.64
30790.00 43.67
30800.00 43.66
30810.00 43.65
30820.00 43.64
30830.00 43.63
30840.00 43.61
30850.00 43.60
30860.00 43.59
30870.00 43.58
30880.00 43.57
30890.00 43.56
30900.00 43.58
30910.00 43.57
30920.00 43.56
30930.00 43.55
30940.00 43.74
30950.00 44.53
30960.00 45.31
30970.00 46.50
30980.00 46.29
30990.00 48.08
31000.00 50.27
31010.00 52.25
31020.00 52.88
31030.00 54.47
31040.00 54.46
31050.00 53.05
31060.00 52.83
31070.00 51.62
31080.00 49.41
31090.00 47.20
31100.00 45.99
31110.00 45.37
31120.00 44.16
31130.00 43.39
31140.00 43.38
31150.00 43.37
31160.00 43.35
31170.00 43.34
31180.00 43.33
31190.00 43.32
31200.00 43.30
31210.00 43.29
31220.00 43.28
31230.00 43.27
31240.00 43.29
31250.00 43.28
31260.00 43.27
31270.00 43.26
31280.00 43.25
31290.00 43.23
31300.00 43.22
31310.00 43.21
31320.00 43.20
31330.00 43.18
31340.00 43.17
31350.00 43.16
31360.00 43.19
31370.00 43.17
31380.00 43.16
31390.00 43.15
31400.00 43.14
31410.00 43.12
31420.00 43.11
31430.00 43.10
31440.00 43.09
31450.00 43.07
31460.00 43.06
31470.00 43.09
31480.00 43.08
31490.00 43.06
31500.00 43.05
31510.00 43.04
31520.00 43.02
31530.00 43.01
31540.00 43.00
31550.00 42.99
31560.00 42.97
31570.00 42.96
31580.00 42.99
31590.00 42.97
31600.00 42.96
31610.00 42.95
31620.00 42.94
31630.00 42.92
31640.00 42.91
31650.00 42.90
31660.00 42.89
31670.00 42.87
31680.00 42.86
31690.00 42.85
31700.00 42.87
31710.00 42.86
31720.00 42.85
31730.00 42.83
31740.00 42.82
31750.00 42.81
31760.00 42.79
31770.00 42.78
31780.00 42.77
31790.00 42.76
31800.00 42.74
31810.00 42.77
31820.00 42.76
31830.00 42.74
31840.00 42.73
31850.00 42.72
31860.00 42.70
31870.00 42.69
31880.00 42.68
31890.00 42.66
31900.00 42.65
31910.00 42.64
31920.00 42.62
31930.00 42.65
31940.00 42.64
31950.00 42.62
31960.00 42.61
31970.00 42.60
31980.00 42.58
31990.00 42.57
32000.00 42.56
32010.00 42.54
32020.00 42.53
32030.00 42.52
32040.00 42.54
32050.00 42.53
32060.00 42.51
32070.00 42.50
32080.00 42.49
32090.00 42.47
32100.00 42.46
32110.00 42.45
32120.00 42.43
32130.00 42.42
32140.00 42.41
32150.00 42.43
32160.00 42.42
32170.00 42.40
32180.00 42.39
32190.00 42.38
32200.00 42.36
32210.00 42.35
32220.00 42.33
32230.00 42.32
32240.00 42.31
32250.00 42.29
32260.00 42.28
32270.00 42.30
32280.00 42.29
32290.00 42.28
32300.00 42.26
32310.00 42.25
32320.00 42.24
32330.00 42.22
32340.00 42.21
32350.00 42.19
32360.00 42.18
32370.00 42.17
32380.00 42.19
32390.00 42.18
32400.00 42.16
32410.00 42.15
32420.00 42.13
32430.00 42.12
32440.00 42.11
32450.00 42.09
32460.00 42.08
32470.00 42.06
32480.00 42.05
32490.00 42.07
32500.00 42.06
32510.00 42.05
32520.00 42.03
32530.00 42.02
32540.00 42.00
32550.00 41.99
32560.00 41.97
32570.00 41.96
32580.00 41.95
32590.00 41.93
32600.00 41.92
32610.00 41.94
32620.00 41.93
32630.00 41.91
32640.00 41.90
32650.00 41.88
32660.00 41.87
32670.00 41.86
32680.00 41.84
32690.00 41.83
32700.00 41.81
32710.00 41.80
32720.00 41.82
32730.00 41.81
32740.00 41.79
32750.00 41.78
32760.00 41.76
32770.00 41.75
32780.00 41.73
32790.00 41.72
32800.00 41.71
32810.00 41.69
32820.00 41.68
32830.00 41.70
32840.00 41.69
32850.00 41.67
32860.00 41.66
32870.00 41.64
32880.00 41.63
32890.00 41.61
32900.00 41.60
32910.00 41.58
32920.00 41.57
32930.00 41.55
32940.00 41.54
32950.00 41.56
32960.00 41.55
32970.00 41.53
32980.00 41.52
32990.00 41.50
33000.00 41.49
33010.00 41.47
33020.00 41.46
33030.00 41.44
33040.00 41.43
33050.00 41.41
33060.00 41.44
33070.00 41.42
33080.00 41.40
33090.00 41.39
33100.00 41.37
33110.00 41.36
33120.00 41.36
33130.00 41.34
33140.00 41.33
33150.00 41.31
33160.00 41.30
33170.00 41.28
33180.00 41.31
33190.00 41.29
33200.00 41.28
33210.00 41.26
33220.00 41.25
33230.00 41.23
33240.00 41.22
33250.00 41.20
33260.00 41.18
33270.00 41.17
33280.00 41.15
33290.00 41.18
33300.00 41.16
33310.00 41.15
33320.00 41.13
33330.00 41.12
33340.00 41.10
33350.00 41.08
33360.00 41.07
33370.00 41.05
33380.00 41.04
33390.00 41.02
33400.00 41.05
33410.00 41.03
33420.00 41.01
33430.00 41.00
33440.00 40.98
33450.00 40.97
33460.00 40.95
33470.00 40.94
33480.00 40.92
33490.00 40.90
33500.00 40.89
33510.00 40.87
33520.00 40.90
33530.00 40.88
33540.00 40.86
33550.00 40.85
33560.00 40.83
33570.00 40.82
33580.00 40.80
33590.00 40.79
33600.00 40.77
33610.00 40.75
33620.00 40.74
33630.00 40.76
33640.00 40.74
33650.00 40.73
33660.00 40.71
33670.00 40.70
33680.00 40.68
33690.00 40.66
33700.00 40.65
33710.00 40.63
33720.00 40.62
33730.00 40.60
33740.00 40.62
33750.00 40.61
33760.00 40.59
33770.00 40.57
33780.00 40.56
33790.00 40.54
33800.00 40.53
33810.00 40.51
33820.00 40.49
33830.00 40.48
33840.00 40.46
33850.00 40.44
33860.00 40.47
33870.00 40.45
33880.00 40.43
33890.00 40.42
33900.00 40.40
33910.00 40.39
33920.00 40.37
33930.00 40.35
33940.00 40.34
33950.00 40.32
33960.00 40.30
33970.00 40.33
33980.00 40.31
33990.00 40.29
34000.00 40.28
34010.00 40.26
34020.00 40.24
34030.00 40.23
34040.00 40.21
34050.00 40.19
34060.00 40.18
34070.00 40.16
34080.00 40.14
34090.00 40.16
34100.00 40.15
34110.00 40.13
34120.00 40.11
34130.00 40.10
34140.00 40.08
34150.00 40.06
34160.00 40.05
34170.00 40.03
34180.00 40.01
34190.00 40.00
34200.00 40.02
34210.00 40.00
34220.00 39.99
34230.00 39.97
34240.00 39.95
34250.00 39.94
34260.00 39.92
34270.00 39.90
34280.00 39.88
34290.00 39.87
34300.00 39.85
34310.00 39.87
34320.00 39.85
34330.00 39.84
34340.00 39.82
34350.00 39.80
34360.00 39.79
34370.00 39.77
34380.00 39.75
34390.00 39.74
34400.00 39.72
34410.00 39.70
34420.00 39.68
34430.00 39.71
34440.00 39.69
34450.00 39.67
34460.00 39.65
34470.00 39.64
34480.00 40.12
34490.00 41.00
34500.00 40.58
34510.00 40.57
34520.00 41.75
34530.00 42.33
34540.00 43.95
34550.00 44.94
34560.00 45.72
34570.00 46.30
34580.00 47.28
34590.00 48.57
34600.00 49.55
34610.00 51.43
34620.00 53.81
34630.00 56.70
34640.00 58.58
34650.00 60.50
34660.00 60.48
34670.00 60.46
34680.00 60.45
34690.00 60.63
34700.00 60.91
34710.00 60.99
34720.00 60.98
34730.00 60.66
34740.00 60.54
34750.00 59.52
34760.00 60.31
34770.00 59.13
34780.00 57.91
34790.00 55.89
34800.00 54.47
34810.00 52.86
34820.00 51.14
34830.00 49.52
34840.00 47.50
34850.00 44.18
34860.00 41.27
34870.00 39.45
34880.00 39.27
34890.00 39.05
34900.00 39.03
34910.00 39.12
34920.00 39.30
34930.00 39.98
34940.00 40.56
34950.00 41.94
34960.00 41.93
34970.00 41.91
34980.00 41.89
34990.00 41.87
35000.00 40.49
35010.00 38.87
35020.00 38.86
35030.00 40.64
35040.00 42.52
35050.00 44.70
35060.00 47.48
35070.00 51.56
35080.00 57.95
35090.00 62.03
35100.00 65.21
35110.00 69.73
35120.00 69.31
35130.00 70.79
35140.00 72.78
35150.00 74.96
35160.00 78.24
35170.00 79.62
35180.00 79.60
35190.00 78.88
35200.00 80.07
35210.00 81.35
35220.00 83.67
35230.00 86.05
35240.00 87.93
35250.00 87.51
35260.00 87.49
35270.00 88.77
35280.00 90.16
35290.00 92.04
35300.00 93.92
35310.00 95.90
35320.00 97.18
35330.00 98.06
35340.00 99.48
35350.00 102.46
35360.00 105.45
35370.00 106.13
35380.00 105.71
35390.00 104.29
35400.00 101.87
35410.00 99.85
35420.00 99.23
35430.00 95.71
35440.00 90.70
35450.00 80.32
35460.00 76.30
35470.00 72.18
35480.00 69.56
35490.00 68.84
35500.00 67.12
35510.00 67.10
35520.00 67.08
35530.00 68.06
35540.00 66.55
35550.00 64.63
35560.00 62.25
35570.00 59.53
35580.00 57.91
35590.00 56.59
35600.00 55.37
35610.00 54.15
35620.00 52.83
35630.00 51.61
35640.00 50.69
35650.00 49.88
35660.00 49.06
35670.00 48.44
35680.00 48.56
35690.00 48.14
35700.00 48.14
35710.00 48.22
35720.00 48.00
35730.00 48.78
35740.00 50.96
35750.00 51.24
35760.00 51.52
35770.00 51.90
35780.00 52.18
35790.00 53.00
35800.00 53.38
35810.00 53.96
35820.00 54.64
35830.00 55.22
35840.00 55.91
35850.00 56.49
35860.00 56.57
35870.00 56.55
35880.00 56.53
35890.00 56.51
35900.00 56.49
35910.00 56.51
35920.00 56.49
35930.00 56.47
35940.00 56.45
35950.00 56.43
35960.00 56.41
35970.00 56.39
35980.00 56.37
35990.00 56.25
36000.00 55.93
36010.00 55.71
36020.00 55.33
36030.00 55.31
36040.00 55.29
36050.00 55.27
36060.00 54.85
36070.00 54.33
36080.00 54.71
36090.00 55.79
36100.00 56.47
36110.00 57.55
36120.00 59.03
36130.00 62.95
36140.00 64.53
36150.00 65.01
36160.00 64.39
36170.00 63.07
36180.00 58.45
36190.00 55.43
36200.00 55.01
36210.00 56.09
36220.00 56.47
36230.00 56.15
36240.00 53.33
36250.00 54.45
36260.00 52.83
36270.00 50.51
36280.00 48.29
36290.00 47.87
36300.00 47.85
36310.00 47.83
36320.00 46.71
36330.00 46.29
36340.00 44.67
36350.00 42.35
36360.00 40.27
36370.00 38.85
36380.00 39.73
36390.00 37.71
36400.00 38.19
36410.00 37.57
36420.00 36.85
36430.00 36.63
36440.00 36.60
36450.00 36.58
36460.00 36.56
36470.00 36.58
36480.00 36.56
36490.00 36.54
36500.00 36.52
36510.00 36.50
36520.00 36.48
36530.00 36.46
36540.00 36.44
36550.00 36.42
36560.00 36.40
36570.00 36.38
36580.00 36.36
36590.00 36.37
36600.00 36.35
36610.00 36.33
36620.00 36.31
36630.00 36.29
36640.00 36.27
36650.00 36.25
36660.00 36.23
36670.00 36.21
36680.00 36.49
36690.00 37.07
36700.00 36.69
36710.00 36.46
36720.00 36.14
36730.00 36.12
36740.00 36.10
36750.00 36.08
36760.00 36.06
36770.00 36.04
36780.00 36.02
36790.00 36.00
36800.00 35.98
36810.00 35.99
36820.00 35.97
36830.00 35.95
36840.00 35.93
36850.00 35.91
36860.00 35.89
36870.00 35.87
36880.00 35.85
36890.00 35.83
36900.00 35.81
36910.00 35.78
36920.00 35.76
36930.00 35.78
36940.00 35.76
36950.00 35.74
36960.00 35.72
36970.00 35.70
36980.00 35.67
36990.00 35.65
37000.00 35.63
37010.00 35.61
37020.00 35.59
37030.00 35.57
37040.00 35.59
37050.00 35.56
37060.00 35.54
37070.00 35.52
37080.00 35.50
37090.00 35.48
37100.00 35.46
37110.00 35.44
37120.00 35.42
37130.00 35.39
37140.00 35.37
37150.00 35.35
37160.00 35.37
37170.00 35.35
37180.00 35.32
37190.00 35.30
37200.00 35.28
37210.00 35.26
37220.00 35.24
37230.00 35.22
37240.00 35.20
37250.00 35.17
37260.00 35.15
37270.00 35.17
37280.00 35.15
37290.00 35.13
37300.00 35.10
37310.00 35.08
37320.00 35.06
37330.00 35.04
37340.00 35.02
37350.00 34.99
37360.00 34.97
37370.00 34.95
37380.00 34.97
37390.00 34.95
37400.00 34.92
37410.00 34.90
37420.00 34.88
37430.00 34.86
37440.00 34.84
37450.00 34.81
37460.00 34.79
37470.00 34.77
37480.00 34.75
37490.00 34.73
37500.00 34.74
37510.00 34.72
37520.00 34.70
37530.00 34.68
37540.00 34.65
37550.00 34.63
37560.00 34.61
37570.00 34.59
37580.00 34.57
37590.00 34.54
37600.00 34.52
37610.00 34.54
37620.00 34.52
37630.00 34.49
37640.00 34.47
37650.00 34.45
37660.00 34.43
37670.00 34.40
37680.00 34.38
37690.00 34.36
37700.00 34.34
37710.00 34.32
37720.00 34.33
37730.00 34.31
37740.00 34.29
37750.00 34.26
37760.00 34.24
37770.00 34.22
37780.00 34.20
37790.00 34.17
37800.00 34.15
37810.00 34.13
37820.00 34.11
37830.00 34.08
37840.00 34.10
37850.00 34.08
37860.00 34.05
37870.00 34.03
37880.00 34.01
37890.00 33.99
37900.00 33.96
37910.00 33.94
37920.00 33.92
37930.00 33.90
37940.00 33.87
37950.00 33.89
37960.00 33.87
37970.00 33.84
37980.00 33.82
37990.00 33.80
38000.00 33.78
38010.00 33.75
38020.00 33.73
38030.00 33.71
38040.00 33.68
38050.00 33.66
38060.00 33.64
38070.00 33.65
38080.00 33.63
38090.00 33.61
38100.00 33.59
38110.00 33.56
38120.00 33.54
38130.00 33.52
38140.00 33.49
38150.00 33.47
38160.00 33.45
38170.00 33.42
38180.00 33.44
38190.00 33.42
38200.00 33.39
38210.00 33.37
38220.00 33.35
38230.00 33.32
38240.00 33.30
38250.00 33.28
38260.00 33.25
38270.00 33.23
38280.00 33.21
38290.00 33.25
38300.00 33.22
38310.00 33.20
38320.00 33.18
38330.00 33.15
38340.00 33.13
38350.00 33.11
38360.00 33.08
38370.00 33.06
38380.00 33.04
38390.00 33.01
38400.00 32.99
38410.00 33.00
38420.00 32.98
38430.00 32.96
38440.00 32.93
38450.00 32.91
38460.00 32.89
38470.00 32.86
38480.00 32.84
38490.00 32.82
38500.00 32.79
38510.00 32.77
38520.00 32.78
38530.00 32.76
38540.00 32.74
38550.00 32.71
38560.00 32.69
38570.00 32.67
38580.00 32.64
38590.00 32.62
38600.00 32.59
38610.00 32.57
38620.00 32.55
38630.00 32.56
38640.00 32.54
38650.00 32.51
38660.00 32.49
38670.00 32.47
38680.00 32.44
38690.00 32.42
38700.00 32.39
38710.00 32.37
38720.00 32.35
38730.00 32.32
38740.00 32.30
38750.00 32.31
38760.00 32.29
38770.00 32.26
38780.00 32.24
38790.00 32.22
38800.00 32.19
38810.00 32.17
38820.00 32.14
38830.00 32.12
38840.00 32.10
38850.00 32.07
38860.00 32.09
38870.00 32.06
38880.00 32.04
38890.00 32.01
38900.00 31.99
38910.00 31.97
38920.00 31.94
38930.00 31.92
38940.00 31.89
38950.00 31.87
38960.00 31.84
38970.00 31.82
38980.00 31.83
38990.00 31.81
39000.00 31.78
39010.00 31.76
39020.00 31.74
39030.00 31.71
39040.00 31.69
39050.00 31.66
39060.00 31.64
39070.00 31.61
39080.00 31.59
39090.00 31.60
39100.00 31.58
39110.00 31.55
39120.00 31.53
39130.00 31.51
39140.00 31.48
39150.00 31.46
39160.00 31.43
39170.00 31.41
39180.00 31.38
39190.00 31.36
39200.00 31.37
39210.00 31.35
39220.00 31.32
39230.00 31.30
39240.00 31.27
39250.00 31.25
39260.00 31.22
39270.00 31.20
39280.00 31.17
39290.00 31.15
39300.00 31.12
39310.00 31.10
39320.00 31.11
39330.00 31.09
39340.00 31.06
39350.00 31.04
39360.00 31.01
39370.00 30.99
39380.00 30.96
39390.00 30.94
39400.00 30.91
39410.00 30.89
39420.00 30.86
39430.00 30.88
39440.00 30.85
39450.00 30.83
39460.00 30.80
39470.00 30.78
39480.00 30.75
39490.00 30.73
39500.00 30.70
39510.00 30.67
39520.00 30.65
39530.00 30.62
39540.00 30.64
39550.00 30.61
39560.00 30.59
39570.00 30.56
39580.00 30.54
39590.00 30.51
39600.00 30.49
39610.00 30.46
39620.00 30.44
39630.00 30.41
39640.00 30.38
39650.00 30.36
39660.00 30.37
39670.00 30.35
39680.00 30.32
39690.00 30.30
39700.00 30.27
39710.00 30.24
39720.00 30.22
39730.00 30.19
39740.00 30.17
39750.00 30.14
39760.00 30.12
39770.00 30.13
39780.00 30.10
39790.00 30.08
39800.00 30.05
39810.00 30.03
39820.00 30.00
39830.00 29.98
39840.00 29.95
39850.00 29.92
39860.00 29.90
39870.00 29.87
39880.00 29.85
39890.00 29.86
39900.00 29.83
39910.00 29.81
39920.00 29.78
39930.00 29.76
39940.00 29.73
39950.00 29.70
39960.00 29.68
39970.00 29.65
39980.00 29.63
39990.00 29.60
40000.00 29.61
40010.00 29.59
40020.00 29.56
40030.00 29.54
40040.00 29.51
40050.00 29.48
40060.00 29.46
40070.00 29.43
40080.00 29.41
40090.00 29.38
40100.00 29.35
40110.00 29.36
40120.00 29.34
40130.00 29.31
40140.00 29.29
40150.00 29.26
40160.00 29.23
40170.00 29.21
40180.00 29.18
40190.00 29.16
40200.00 29.13
40210.00 29.10
40220.00 29.08
40230.00 29.09
40240.00 29.06
40250.00 29.04
40260.00 29.01
40270.00 28.98
40280.00 28.96
40290.00 28.93
40300.00 28.90
40310.00 28.88
40320.00 28.85
40330.00 28.83
40340.00 28.84
40350.00 28.81
40360.00 28.78
40370.00 28.76
40380.00 28.73
40390.00 28.70
40400.00 28.68
40410.00 28.65
40420.00 28.62
40430.00 28.60
40440.00 28.57
40450.00 28.58
40460.00 28.56
40470.00 28.53
40480.00 28.50
40490.00 28.48
40500.00 28.45
40510.00 28.42
40520.00 28.40
40530.00 28.37
40540.00 28.34
40550.00 28.32
40560.00 28.29
40570.00 28.30
40580.00 28.27
40590.00 28.25
40600.00 28.22
40610.00 28.19
40620.00 28.17
40630.00 28.14
40640.00 28.11
40650.00 28.08
40660.00 28.06
40670.00 28.03
40680.00 28.04
40690.00 28.01
40700.00 27.99
40710.00 27.96
40720.00 27.93
40730.00 27.91
40740.00 27.88
40750.00 27.85
40760.00 27.83
40770.00 27.80
40780.00 27.77
40790.00 27.78
40800.00 27.75
40810.00 27.73
40820.00 27.70
40830.00 27.67
40840.00 27.65
40850.00 27.62
40860.00 27.59
40870.00 27.59
40880.00 27.56
40890.00 27.54
40900.00 27.51
40910.00 27.52
40920.00 27.49
40930.00 27.46
40940.00 27.44
40950.00 27.41
40960.00 27.38
40970.00 27.36
40980.00 27.33
40990.00 27.30
41000.00 27.27
41010.00 27.25
41020.00 27.26
41030.00 27.23
41040.00 27.20
41050.00 27.17
41060.00 27.15
41070.00 27.12
41080.00 27.09
41090.00 27.06
41100.00 27.04
41110.00 27.01
41120.00 26.98
41130.00 26.95
41140.00 26.96
41150.00 26.93
41160.00 26.91
41170.00 26.88
41180.00 26.85
41190.00 26.82
41200.00 26.80
41210.00 26.77
41220.00 26.74
41230.00 26.71
41240.00 26.68
41250.00 26.69
41260.00 26.67
41270.00 26.64
41280.00 26.61
41290.00 26.58
41300.00 26.55
41310.00 26.53
41320.00 26.50
41330.00 26.47
41340.00 26.44
41350.00 26.42
41360.00 26.42
41370.00 26.40
41380.00 26.37
41390.00 26.34
41400.00 26.31
41410.00 26.28
41420.00 26.26
41430.00 26.23
41440.00 26.20
41450.00 26.17
41460.00 26.14
41470.00 26.12
41480.00 26.12
41490.00 26.10
41500.00 26.07
41510.00 26.04
41520.00 26.01
41530.00 25.98
41540.00 25.96
41550.00 25.93
41560.00 25.90
41570.00 25.87
41580.00 25.84
41590.00 25.85
41600.00 25.82
41610.00 25.79
41620.00 25.77
41630.00 25.74
41640.00 25.71
41650.00 25.68
41660.00 25.65
41670.00 25.62
41680.00 25.59
41690.00 25.57
41700.00 25.58
41710.00 25.55
41720.00 25.52
41730.00 25.49
41740.00 25.46
41750.00 25.43
41760.00 25.40
41770.00 25.38
41780.00 25.35
41790.00 25.32
41800.00 25.29
41810.00 25.26
41820.00 25.27
41830.00 25.24
41840.00 25.21
41850.00 25.18
41860.00 25.15
41870.00 25.13
41880.00 25.10
41890.00 25.07
41900.00 25.04
41910.00 25.01
41920.00 24.98
41930.00 24.99
41940.00 24.96
41950.00 24.93
41960.00 24.90
41970.00 24.87
41980.00 24.84
41990.00 24.82
42000.00 24.79
42010.00 24.76
42020.00 24.73
42030.00 24.70
42040.00 24.67
42050.00 24.68
42060.00 24.65
42070.00 24.62
42080.00 24.59
42090.00 24.56
42100.00 24.53
42110.00 24.50
42120.00 24.47
42130.00 24.45
42140.00 24.42
42150.00 24.39
42160.00 24.39
42170.00 24.37
42180.00 24.34
42190.00 24.31
42200.00 24.28
42210.00 24.25
42220.00 24.22
42230.00 24.19
42240.00 24.16
42250.00 24.13
42260.00 24.10
42270.00 24.11
42280.00 24.08
42290.00 24.05
42300.00 24.02
42310.00 23.99
42320.00 23.96
42330.00 23.93
42340.00 23.90
42350.00 23.87
42360.00 23.84
42370.00 23.81
42380.00 23.78
42390.00 23.79
42400.00 23.76
42410.00 23.73
42420.00 23.70
42430.00 23.67
42440.00 23.64
42450.00 23.61
42460.00 23.58
42470.00 23.55
42480.00 23.52
42490.00 23.50
42500.00 23.50
42510.00 23.47
42520.00 23.44
42530.00 23.41
42540.00 23.38
42550.00 23.35
42560.00 23.32
42570.00 23.29
42580.00 23.26
42590.00 23.23
42600.00 23.20
42610.00 23.21
42620.00 23.18
42630.00 23.15
42640.00 23.12
42650.00 23.09
42660.00 23.06
42670.00 23.03
42680.00 23.00
42690.00 22.97
42700.00 22.94
42710.00 22.91
42720.00 22.88
42730.00 22.89
42740.00 22.86
42750.00 22.83
42760.00 22.80
42770.00 22.77
42780.00 22.74
42790.00 22.71
42800.00 22.68
42810.00 22.65
42820.00 22.62
42830.00 22.59
42840.00 22.59
42850.00 22.56
42860.00 22.53
42870.00 22.50
42880.00 22.47
42890.00 22.44
42900.00 22.41
42910.00 22.38
42920.00 22.35
42930.00 22.32
42940.00 22.29
42950.00 22.26
42960.00 22.26
42970.00 22.23
42980.00 22.20
42990.00 22.17
43000.00 22.14
43010.00 22.11
43020.00 22.08
43030.00 22.05
43040.00 22.02
43050.00 21.99
43060.00 21.96
43070.00 21.96
43080.00 21.93
43090.00 21.90
43100.00 21.87
43110.00 21.84
43120.00 21.81
43130.00 21.78
43140.00 21.75
43150.00 21.72
43160.00 21.69
43170.00 21.66
43180.00 21.66
43190.00 21.63
43200.00 21.60
43210.00 21.57
43220.00 21.54
43230.00 21.51
43240.00 21.48
43250.00 21.45
43260.00 21.42
43270.00 21.38
43280.00 21.35
43290.00 21.32
43300.00 21.33
43310.00 21.30
43320.00 21.27
43330.00 21.24
43340.00 21.20
43350.00 21.17
43360.00 21.14
43370.00 21.11
43380.00 21.08
43390.00 21.05
43400.00 21.02
43410.00 21.02
43420.00 20.99
43430.00 20.96
43440.00 20.93
43450.00 20.93
43460.00 20.90
43470.00 20.87
43480.00 20.84
43490.00 20.80
43500.00 20.77
43510.00 20.74
43520.00 20.75
43530.00 20.72
43540.00 20.68
43550.00 20.65
43560.00 20.62
43570.00 20.59
43580.00 20.56
43590.00 20.53
43600.00 20.50
43610.00 20.46
43620.00 20.43
43630.00 20.40
43640.00 20.41
43650.00 20.37
43660.00 20.34
43670.00 20.31
43680.00 20.28
43690.00 20.25
43700.00 20.22
43710.00 20.19
43720.00 20.15
43730.00 20.12
43740.00 20.09
43750.00 20.10
43760.00 20.06
43770.00 20.03
43780.00 20.00
43790.00 19.97
43800.00 19.94
43810.00 19.90
43820.00 19.87
43830.00 19.84
43840.00 19.81
43850.00 19.78
43860.00 19.75
43870.00 19.75
43880.00 19.72
43890.00 19.69
43900.00 19.65
43910.00 19.62
43920.00 19.59
43930.00 19.56
43940.00 19.53
43950.00 19.49
43960.00 19.46
43970.00 19.43
43980.00 19.44
43990.00 19.40
44000.00 19.37
44010.00 19.34
44020.00 19.31
44030.00 19.27
44040.00 19.24
44050.00 19.21
44060.00 19.18
44070.00 19.15
44080.00 19.11
44090.00 19.12
44100.00 19.09
44110.00 19.05
44120.00 19.02
44130.00 18.99
44140.00 18.96
44150.00 18.92
44160.00 18.89
44170.00 18.86
44180.00 18.83
44190.00 18.79
44200.00 18.76
44210.00 18.77
44220.00 18.73
44230.00 18.70
44240.00 18.67
44250.00 18.64
44260.00 18.60
44270.00 18.57
44280.00 18.54
44290.00 18.51
44300.00 18.47
44310.00 18.44
44320.00 18.45
44330.00 18.41
44340.00 18.38
44350.00 18.35
44360.00 18.31
44370.00 18.28
44380.00 18.25
44390.00 18.22
44400.00 18.18
44410.00 18.15
44420.00 18.12
44430.00 18.12
44440.00 18.09
44450.00 18.06
44460.00 18.02
44470.00 17.99
44480.00 17.96
44490.00 17.93
44500.00 17.89
44510.00 17.86
44520.00 17.83
44530.00 17.79
44540.00 17.76
44550.00 17.76
44560.00 17.73
44570.00 17.70
44580.00 17.67
44590.00 17.63
44600.00 17.60
44610.00 17.57
44620.00 17.53
44630.00 17.50
44640.00 17.47
44650.00 17.43
44660.00 17.44
44670.00 17.40
44680.00 17.37
44690.00 17.34
44700.00 17.30
44710.00 17.27
44720.00 17.24
44730.00 17.20
44740.00 17.17
44750.00 17.14
44760.00 17.10
44770.00 17.11
44780.00 17.08
44790.00 17.04
44800.00 17.01
44810.00 16.97
44820.00 16.94
44830.00 16.91
44840.00 16.87
44850.00 16.84
44860.00 16.81
44870.00 16.77
44880.00 16.74
44890.00 16.74
44900.00 16.71
44910.00 16.68
44920.00 16.64
44930.00 16.61
44940.00 16.58
44950.00 16.54
44960.00 16.51
44970.00 16.48
44980.00 16.44
44990.00 16.41
45000.00 16.41
45010.00 16.38
45020.00 16.34
45030.00 16.31
45040.00 16.28
45050.00 16.24
45060.00 16.21
45070.00 16.17
45080.00 16.14
45090.00 16.11
45100.00 16.07
45110.00 16.04
45120.00 16.04
45130.00 16.01
45140.00 15.97
45150.00 15.94
45160.00 15.91
45170.00 15.87
45180.00 15.84
45190.00 15.80
45200.00 15.77
45210.00 15.74
45220.00 15.70
45230.00 15.71
45240.00 15.67
45250.00 15.64
45260.00 15.60
45270.00 15.57
45280.00 15.53
45290.00 15.50
45300.00 15.47
45310.00 15.43
45320.00 15.40
45330.00 15.36
45340.00 15.37
45350.00 15.33
45360.00 15.30
45370.00 15.26
45380.00 15.23
45390.00 15.20
45400.00 15.16
45410.00 15.13
45420.00 15.09
45430.00 15.06
45440.00 15.02
45450.00 14.99
45460.00 14.99
45470.00 14.96
45480.00 14.92
45490.00 14.89
45500.00 14.85
45510.00 14.82
45520.00 14.78
45530.00 14.75
45540.00 14.72
45550.00 14.68
45560.00 14.65
45570.00 14.65
45580.00 14.61
45590.00 14.58
45600.00 14.54
45610.00 14.51
45620.00 14.48
45630.00 14.44
45640.00 14.41
45650.00 14.37
45660.00 14.34
45670.00 14.30
45680.00 14.30
45690.00 14.27
45700.00 14.23
45710.00 14.20
45720.00 14.16
45730.00 14.13
45740.00 14.09
45750.00 14.06
45760.00 14.03
45770.00 13.99
45780.00 13.96
45790.00 13.92
45800.00 13.92
45810.00 13.89
45820.00 13.85
45830.00 13.82
45840.00 13.78
45850.00 13.75
45860.00 13.71
45870.00 13.68
45880.00 13.64
45890.00 13.61
45900.00 13.57
45910.00 13.57
45920.00 13.54
45930.00 13.50
45940.00 13.47
45950.00 13.43
45960.00 13.40
45970.00 13.36
45980.00 13.33
45990.00 13.29
46000.00 13.26
46010.00 13.22
46020.00 13.19
46030.00 13.22
46040.00 13.19
46050.00 13.15
46060.00 13.12
46070.00 13.08
46080.00 13.05
46090.00 13.01
46100.00 12.98
46110.00 12.94
46120.00 12.90
46130.00 12.87
46140.00 12.87
46150.00 12.83
46160.00 12.80
46170.00 12.76
46180.00 12.73
46190.00 12.69
46200.00 12.66
46210.00 12.62
46220.00 12.59
46230.00 12.55
46240.00 12.51
46250.00 12.52
46260.00 12.48
46270.00 12.44
46280.00 12.41
46290.00 12.37
46300.00 12.34
46310.00 12.30
46320.00 12.27
46330.00 12.23
46340.00 12.19
46350.00 12.16
46360.00 12.12
46370.00 12.12
46380.00 12.09
46390.00 12.05
46400.00 12.02
46410.00 11.98
46420.00 11.94
46430.00 11.91
46440.00 11.87
46450.00 11.84
46460.00 11.80
46470.00 11.76
46480.00 11.76
46490.00 11.73
46500.00 11.69
46510.00 11.66
46520.00 11.62
46530.00 11.58
46540.00 11.55
46550.00 11.51
46560.00 11.48
46570.00 11.44
46580.00 11.40
46590.00 11.40
46600.00 11.37
46610.00 11.33
46620.00 11.30
46630.00 11.26
46640.00 11.22
46650.00 11.19
46660.00 11.15
46670.00 11.11
46680.00 11.08
46690.00 11.04
46700.00 11.01
46710.00 11.01
46720.00 10.97
46730.00 10.93
46740.00 10.90
46750.00 10.86
46760.00 10.82
46770.00 10.79
46780.00 10.75
46790.00 10.71
46800.00 10.68
46810.00 10.64
46820.00 10.64
46830.00 10.60
46840.00 10.57
46850.00 10.53
46860.00 10.49
46870.00 10.46
46880.00 10.42
46890.00 10.38
46900.00 10.35
46910.00 10.31
46920.00 10.27
46930.00 10.24
46940.00 10.24
46950.00 10.20
46960.00 10.16
46970.00 10.13
46980.00 10.09
46990.00 10.05
47000.00 10.02
47010.00 9.98
47020.00 9.94
47030.00 9.91
47040.00 9.87
47050.00 9.87
47060.00 9.83
47070.00 9.80
47080.00 9.76
47090.00 9.72
47100.00 9.68
47110.00 9.65
47120.00 9.61
47130.00 9.57
47140.00 9.54
47150.00 9.50
47160.00 9.50
47170.00 9.46
47180.00 9.43
47190.00 9.39
47200.00 9.35
47210.00 9.31
47220.00 9.28
47230.00 9.24
47240.00 9.20
47250.00 9.16
47260.00 9.13
47270.00 9.09
47280.00 9.09
47290.00 9.05
47300.00 9.02
47310.00 8.98
47320.00 8.94
47330.00 8.90
47340.00 8.87
47350.00 8.83
47360.00 8.79
47370.00 8.75
47380.00 8.72
47390.00 8.72
47400.00 8.68
47410.00 8.64
47420.00 8.60
47430.00 8.57
47440.00 8.53
47450.00 8.49
47460.00 8.45
47470.00 8.42
47480.00 8.38
47490.00 8.34
47500.00 8.34
47510.00 8.30
47520.00 8.26
47530.00 8.23
47540.00 8.19
47550.00 8.15
47560.00 8.11
47570.00 8.08
47580.00 8.04
47590.00 8.00
47600.00 7.96
47610.00 7.92
47620.00 7.92
47630.00 7.89
47640.00 7.85
47650.00 7.81
47660.00 7.77
47670.00 7.73
47680.00 7.70
47690.00 7.66
47700.00 7.62
47710.00 7.58
47720.00 7.54
47730.00 7.54
47740.00 7.50
47750.00 7.47
47760.00 7.43
47770.00 7.39
47780.00 7.35
47790.00 7.31
47800.00 7.28
47810.00 7.24
47820.00 7.20
47830.00 7.16
47840.00 7.12
47850.00 7.12
47860.00 7.08
47870.00 7.05
47880.00 7.01
47890.00 6.97
47900.00 6.93
47910.00 6.89
47920.00 6.85
47930.00 6.82
47940.00 6.78
47950.00 6.74
47960.00 6.74
47970.00 6.70
47980.00 6.66
47990.00 6.62
48000.00 6.58
48010.00 6.55
48020.00 6.51
48030.00 6.47
48040.00 6.43
48050.00 6.39
48060.00 6.35
48070.00 6.35
48080.00 6.31
48090.00 6.27
48100.00 6.24
48110.00 6.20
48120.00 6.16
48130.00 6.12
48140.00 6.08
48150.00 6.04
48160.00 6.00
48170.00 5.97
48180.00 5.93
48190.00 5.93
48200.00 5.89
48210.00 5.85
48220.00 5.81
48230.00 5.77
48240.00 5.73
48250.00 5.69
48260.00 5.65
48270.00 5.62
48280.00 5.58
48290.00 5.54
48300.00 5.53
48310.00 5.50
48320.00 5.46
48330.00 5.42
48340.00 5.38
48350.00 5.34
48360.00 5.30
48370.00 5.26
48380.00 5.22
48390.00 5.18
48400.00 5.15
48410.00 5.14
48420.00 5.10
48430.00 5.06
48440.00 5.03
48450.00 4.99
48460.00 4.95
48470.00 4.91
48480.00 4.87
48490.00 4.83
48500.00 4.79
48510.00 4.75
48520.00 4.71
48530.00 4.71
48540.00 4.67
48550.00 4.63
48560.00 4.59
48570.00 4.55
48580.00 4.51
48590.00 4.47
48600.00 4.43
48610.00 4.43
48620.00 4.40
48630.00 4.36
48640.00 4.35
48650.00 4.31
48660.00 4.27
48670.00 4.23
48680.00 4.20
48690.00 4.16
48700.00 4.12
48710.00 4.08
48720.00 4.04
48730.00 4.00
48740.00 3.96
48750.00 3.96
48760.00 3.92
48770.00 3.88
48780.00 3.84
48790.00 3.80
48800.00 3.76
48810.00 3.72
48820.00 3.68
48830.00 3.64
48840.00 3.60
48850.00 3.56
48860.00 3.52
48870.00 3.52
48880.00 3.48
48890.00 3.44
48900.00 3.40
48910.00 3.36
48920.00 3.32
48930.00 3.28
48940.00 3.24
48950.00 3.20
48960.00 3.16
48970.00 3.12
48980.00 3.11
48990.00 3.07
49000.00 3.03
49010.00 2.99
49020.00 2.95
49030.00 2.91
49040.00 2.87
49050.00 2.83
49060.00 2.79
49070.00 2.75
49080.00 2.71
49090.00 2.67
49100.00 2.67
49110.00 2.63
49120.00 2.59
49130.00 2.55
49140.00 2.51
49150.00 2.47
49160.00 2.43
49170.00 2.39
49180.00 2.35
49190.00 2.31
49200.00 2.27
49210.00 2.26
49220.00 2.22
49230.00 2.18
49240.00 2.14
49250.00 2.10
49260.00 2.06
49270.00 2.02
49280.00 1.98
49290.00 1.94
49300.00 1.90
49310.00 1.86
49320.00 1.86
49330.00 1.82
49340.00 1.78
49350.00 1.73
49360.00 1.69
49370.00 1.65
49380.00 1.61
49390.00 1.57
49400.00 1.53
49410.00 1.49
49420.00 1.45
49430.00 1.41
49440.00 1.41
49450.00 1.37
49460.00 1.32
49470.00 1.28
49480.00 1.24
49490.00 1.20
49500.00 1.16
49510.00 1.12
49520.00 1.08
49530.00 1.04
49540.00 1.00
49550.00 0.99
49560.00 0.95
49570.00 0.91
49580.00 0.87
49590.00 0.83
49600.00 0.79
49610.00 0.75
49620.00 0.71
49630.00 0.67
49640.00 0.63
49650.00 0.59
49660.00 0.58
49670.00 0.54
49680.00 0.50
49690.00 0.46
49700.00 0.42
49710.00 0.38
49720.00 0.33
49730.00 0.29
49740.00 0.25
49750.00 0.21
49760.00 0.17
49770.00 0.13
49780.00 0.12
49790.00 0.08
49800.00 0.04
49810.00 0.00
49820.00 0.36
49830.00 1.32
49840.00 2.58
49850.00 4.14
49860.00 5.89
49870.00 8.15
49880.00 10.71
49890.00 10.71
49900.00 10.66
49910.00 10.62
49920.00 10.58
49930.00 10.54
49940.00 10.50
49950.00 9.96
49960.00 11.02
49970.00 11.17
49980.00 11.63
49990.00 11.89
50000.00 12.15
50010.00 13.14
50020.00 13.10
50030.00 12.76
50040.00 12.72
50050.00 11.98
50060.00 11.34
50070.00 10.00
50080.00 10.25
50090.00 10.51
50100.00 11.17
50110.00 12.23
50120.00 14.32
50130.00 14.28
50140.00 13.64
50150.00 12.60
50160.00 11.26
50170.00 9.11
50180.00 8.57
50190.00 8.53
50200.00 9.79
50210.00 10.55
50220.00 12.01
50230.00 15.20
50240.00 16.96
50250.00 17.12
50260.00 22.57
50270.00 27.43
50280.00 31.89
50290.00 36.45
50300.00 39.31
50310.00 42.16
50320.00 44.92
50330.00 47.28
50340.00 49.04
50350.00 49.23
50360.00 49.19
50370.00 49.15
50380.00 48.91
50390.00 49.36
50400.00 49.32
50410.00 49.28
50420.00 48.94
50430.00 48.69
50440.00 48.65
50450.00 48.61
50460.00 48.60
50470.00 47.76
50480.00 48.22
50490.00 48.98
50500.00 48.94
50510.00 49.39
50520.00 50.15
50530.00 50.61
50540.00 50.57
50550.00 52.32
50560.00 53.58
50570.00 55.67
50580.00 56.93
50590.00 58.19
50600.00 60.25
50610.00 63.80
50620.00 66.46
50630.00 67.72
50640.00 68.68
50650.00 69.43
50660.00 69.59
50670.00 69.55
50680.00 69.51
50690.00 70.30
50700.00 70.56
50710.00 70.72
50720.00 71.27
50730.00 71.23
50740.00 70.39
50750.00 70.04
50760.00 70.30
50770.00 70.46
50780.00 71.02
50790.00 71.67
50800.00 74.27
50810.00 75.02
50820.00 77.58
50830.00 79.64
50840.00 81.90
50850.00 83.15
50860.00 83.41
50870.00 84.67
50880.00 84.92
50890.00 84.88
50900.00 85.84
50910.00 87.90
50920.00 90.99
50930.00 93.55
50940.00 95.80
50950.00 97.86
50960.00 101.52
50970.00 105.07
50980.00 107.13
50990.00 109.19
51000.00 110.94
51010.00 112.70
51020.00 113.96
51030.00 119.15
51040.00 122.01
51050.00 122.66
51060.00 122.92
51070.00 123.38
51080.00 123.34
51090.00 122.79
51100.00 123.55
51110.00 122.71
51120.00 121.86
51130.00 119.72
51140.00 123.61
51150.00 122.27
51160.00 122.83
51170.00 122.78
51180.00 122.74
51190.00 122.74
51200.00 123.70
51210.00 130.95
51220.00 137.11
51230.00 142.76
51240.00 147.42
51250.00 152.88
51260.00 148.97
51270.00 155.93
51280.00 164.68
51290.00 166.54
51300.00 167.80
51310.00 169.55
51320.00 170.81
51330.00 169.47
51340.00 170.42
51350.00 171.18
51360.00 172.13
51370.00 172.13
51380.00 172.68
51390.00 173.14
51400.00 172.80
51410.00 174.85
51420.00 174.51
51430.00 175.26
51440.00 176.22
51450.00 176.98
51460.00 178.03
51470.00 178.99
51480.00 181.08
51490.00 182.54
51500.00 184.39
51510.00 186.95
51520.00 190.31
51530.00 193.36
51540.00 194.32
51550.00 194.27
51560.00 194.23
51570.00 194.69
51580.00 195.94
51590.00 197.80
51600.00 199.79
51610.00 202.15
51620.00 205.20
51630.00 208.56
51640.00 211.91
51650.00 215.77
51660.00 219.63
51670.00 221.88
51680.00 223.64
51690.00 224.89
51700.00 224.85
51710.00 223.54
51720.00 223.50
