0.00 309.52 0.00 309.52
42.93 310.83 42.93 308.02
85.86 311.31 85.86 307.34
128.80 311.66 128.78 306.80
171.73 311.94 171.71 306.34
214.66 312.18 214.64 305.91
257.59 312.38 257.57 305.52
300.52 312.56 300.50 305.15
343.45 312.72 343.43 304.80
386.38 312.86 386.36 304.47
429.31 312.99 429.29 304.15
472.24 313.11 472.22 303.85
515.17 313.22 515.15 303.55
558.10 313.32 558.08 303.26
601.03 313.41 601.01 302.98
643.96 313.50 643.94 302.70
686.89 313.58 686.87 302.43
729.82 313.65 729.80 302.17
772.75 313.72 772.73 301.91
815.68 313.79 815.66 301.66
858.61 313.85 858.59 301.41
901.54 313.90 901.52 301.17
944.47 313.95 944.45 300.92
987.40 314.00 987.38 300.69
1030.33 314.05 1030.31 300.45
1073.27 314.09 1073.23 300.22
1116.20 314.13 1116.16 299.99
1159.13 314.16 1159.09 299.77
1202.06 314.20 1202.02 299.55
1244.99 314.23 1244.95 299.32
1287.92 314.26 1287.88 299.11
1330.85 314.29 1330.81 298.89
1373.78 314.31 1373.74 298.68
1416.71 314.33 1416.67 298.47
1459.64 314.35 1459.60 298.26
1502.57 314.37 1502.53 298.05
1545.50 314.39 1545.46 297.84
1588.43 314.41 1588.39 297.64
1631.36 314.42 1631.32 297.44
1674.29 314.43 1674.25 297.24
1717.22 314.44 1717.18 297.04
1760.15 314.45 1760.11 296.84
1803.08 314.46 1803.04 296.64
1846.01 314.46 1845.97 296.45
1888.94 314.47 1888.90 296.25
1931.87 314.47 1931.83 296.06
1974.80 314.48 1974.76 295.87
2017.73 314.48 2017.69 295.68
2060.66 314.48 2060.62 295.49
2103.59 314.48 2103.55 295.30
2146.52 314.47 2146.48 295.12
2189.45 314.47 2189.41 294.93
2232.38 314.47 2232.34 294.74
2275.31 314.46 2275.27 294.56
2318.24 314.45 2318.20 294.38
2361.17 314.45 2361.13 294.20
2404.10 314.44 2404.06 294.02
2447.03 314.43 2446.99 293.84
2489.96 314.42 2489.92 293.66
2532.89 314.41 2532.85 293.48
2575.82 314.40 2575.78 293.30
2618.75 314.38 2618.71 293.13
2661.68 314.37 2661.64 292.95
2704.61 314.36 2704.57 292.78
2747.54 314.34 2747.50 292.60
2790.47 314.33 2790.43 292.43
2833.40 314.31 2833.36 292.26
2876.33 314.29 2876.29 292.09
2919.26 314.28 2919.22 291.91
2962.19 314.26 2962.15 291.74
3005.12 314.24 3005.08 291.57
3048.06 314.22 3048.00 291.41
3090.99 314.20 3090.93 291.24
3133.92 314.18 3133.86 291.07
3176.85 314.15 3176.79 290.90
3219.78 314.13 3219.72 290.74
3262.71 314.11 3262.65 290.57
3305.64 314.08 3305.58 290.40
3348.57 314.06 3348.51 290.24
3391.50 314.04 3391.44 290.08
3434.43 314.01 3434.37 289.91
3477.36 313.98 3477.30 289.75
3520.29 313.96 3520.23 289.59
3563.22 313.93 3563.16 289.43
3606.15 313.90 3606.09 289.26
3649.08 313.87 3649.02 289.10
3692.01 313.85 3691.95 288.94
3734.94 313.82 3734.88 288.78
3777.87 313.79 3777.81 288.62
3820.80 313.76 3820.74 288.47
3863.73 313.73 3863.67 288.31
3906.66 313.70 3906.60 288.15
3949.59 313.66 3949.53 287.99
3992.52 313.63 3992.46 287.84
4035.45 313.60 4035.39 287.68
4078.38 313.57 4078.32 287.52
4121.31 313.53 4121.25 287.37
4164.24 313.50 4164.18 287.21
4207.17 313.47 4207.11 287.06
4250.10 313.43 4250.04 286.90
4293.03 313.40 4292.97 286.75
4335.96 313.36 4335.90 286.60
4378.89 313.32 4378.83 286.44
4421.82 313.29 4421.76 286.29
4464.75 313.25 4464.69 286.14
4507.68 313.22 4507.62 285.99
4550.61 313.18 4550.55 285.83
4593.54 313.14 4593.48 285.68
4636.47 313.10 4636.41 285.53
4679.40 313.06 4679.34 285.38
4722.33 313.02 4722.27 285.23
4765.26 312.99 4765.20 285.08
4808.19 312.95 4808.13 284.93
4851.12 312.91 4851.06 284.78
4894.05 312.87 4893.99 284.64
4936.98 312.82 4936.92 284.49
4979.91 312.78 4979.85 284.34
5022.84 312.74 5022.78 284.19
5065.77 312.70 5065.71 284.05
5108.70 312.66 5108.64 283.90
5151.63 312.62 5151.57 283.75
5194.56 312.57 5194.50 283.61
5237.49 312.53 5237.43 283.46
5280.42 312.49 5280.36 283.31
5323.35 312.44 5323.29 283.17
5366.28 312.40 5366.22 283.02
5409.21 312.36 5409.15 282.88
5452.14 312.31 5452.08 282.73
5495.07 312.27 5495.01 282.59
5538.00 312.22 5537.94 282.45
5580.93 312.18 5580.87 282.30
5623.86 312.13 5623.80 282.16
5666.79 312.08 5666.73 282.02
5709.72 312.04 5709.66 281.88
5752.65 311.99 5752.59 281.73
5795.58 311.94 5795.52 281.59
5838.51 311.90 5838.45 281.45
5881.44 311.85 5881.38 281.31
5924.37 311.80 5924.31 281.17
5967.30 311.75 5967.24 281.03
6010.23 311.71 6010.17 280.88
6053.16 311.66 6053.10 280.74
6096.09 311.61 6096.03 280.60
6139.02 311.56 6138.96 280.46
6181.95 311.51 6181.89 280.32
6224.88 311.46 6224.82 280.19
6267.81 311.41 6267.75 280.05
6310.74 311.36 6310.68 279.91
6353.67 311.31 6353.61 279.77
6396.60 311.26 6396.54 279.63
6439.53 311.21 6439.47 279.49
6482.46 311.16 6482.40 279.35
6525.40 311.11 6525.32 279.22
6568.33 311.06 6568.25 279.08
6611.26 311.00 6611.18 278.94
6654.19 310.95 6654.11 278.81
6697.12 310.90 6697.04 278.67
6740.05 310.85 6739.97 278.53
6782.98 310.79 6782.90 278.40
6825.91 310.74 6825.83 278.26
6868.84 310.69 6868.76 278.12
6911.77 310.63 6911.69 277.99
6954.70 310.58 6954.62 277.85
6997.63 310.53 6997.55 277.72
7040.56 310.47 7040.48 277.58
7083.49 310.42 7083.41 277.45
7126.42 310.36 7126.34 277.32
7169.35 310.31 7169.27 277.18
7212.28 310.26 7212.20 277.05
7255.21 310.20 7255.13 276.91
7298.14 310.14 7298.06 276.78
7341.07 310.09 7340.99 276.65
7384.00 310.03 7383.92 276.51
7426.93 309.98 7426.85 276.38
7469.86 309.92 7469.78 276.25
7512.79 309.87 7512.71 276.11
7555.72 309.81 7555.64 275.98
7598.65 309.75 7598.57 275.85
7641.58 309.69 7641.50 275.72
7684.51 309.64 7684.43 275.59
7727.44 309.58 7727.36 275.46
7770.37 309.52 7770.29 275.32
7813.30 309.47 7813.22 275.19
7856.23 309.41 7856.15 275.06
7899.16 309.35 7899.08 274.93
7942.09 309.29 7942.01 274.80
7985.02 309.23 7984.94 274.67
8027.95 309.17 8027.87 274.54
8070.88 309.11 8070.80 274.41
8113.81 309.06 8113.73 274.28
8156.74 309.00 8156.66 274.15
8199.67 308.94 8199.59 274.02
8242.60 308.88 8242.52 273.89
8285.53 308.82 8285.45 273.76
8328.46 308.76 8328.38 273.63
8371.39 308.70 8371.31 273.51
8414.32 308.64 8414.24 273.38
8457.25 308.58 8457.17 273.25
8500.18 308.52 8500.10 273.12
8543.11 308.46 8543.03 272.99
8586.04 308.39 8585.96 272.86
8628.97 308.33 8628.89 272.74
8671.90 308.27 8671.82 272.61
8714.83 308.21 8714.75 272.48
8757.76 308.15 8757.68 272.35
8800.69 308.09 8800.61 272.23
8843.62 308.02 8843.54 272.10
8886.55 307.96 8886.47 271.97
8929.48 307.90 8929.40 271.85
8972.41 307.84 8972.33 271.72
9015.34 307.77 9015.26 271.60
9058.27 307.71 9058.19 271.47
9101.20 307.65 9101.12 271.34
9144.13 307.59 9144.05 271.22
9187.06 307.52 9186.98 271.09
9229.99 307.46 9229.91 270.97
9272.92 307.39 9272.84 270.84
9315.85 307.33 9315.77 270.72
9358.78 307.27 9358.70 270.59
9401.71 307.20 9401.63 270.47
9444.64 307.14 9444.56 270.34
9487.57 307.07 9487.49 270.22
9530.50 307.01 9530.42 270.09
9573.43 306.94 9573.35 269.97
9616.36 306.88 9616.28 269.85
9659.29 306.81 9659.21 269.72
9702.22 306.75 9702.14 269.60
9745.15 306.68 9745.07 269.48
9788.08 306.62 9788.00 269.35
9831.01 306.55 9830.93 269.23
9873.94 306.49 9873.86 269.11
9916.87 306.42 9916.79 268.98
9959.80 306.35 9959.72 268.86
10002.73 306.29 10002.65 268.74
10045.66 306.22 10045.58 268.62
10088.59 306.15 10088.51 268.49
10131.52 306.09 10131.44 268.37
10174.45 306.02 10174.37 268.25
10217.38 305.95 10217.30 268.13
10260.31 305.89 10260.23 268.01
10303.24 305.82 10303.16 267.88
10346.17 305.75 10346.09 267.76
10389.10 305.68 10389.02 267.64
10432.03 305.62 10431.95 267.52
10474.96 305.55 10474.88 267.40
10517.89 305.48 10517.81 267.28
10560.82 305.41 10560.74 267.16
10603.75 305.34 10603.67 267.04
10646.68 305.28 10646.60 266.92
10689.61 305.21 10689.53 266.80
10732.54 305.14 10732.46 266.68
10775.47 305.07 10775.39 266.56
10818.40 305.00 10818.32 266.44
10861.33 304.93 10861.25 266.32
10904.26 304.86 10904.18 266.20
10947.19 304.79 10947.11 266.08
10990.12 304.72 10990.04 265.96
11033.05 304.65 11032.97 265.84
11075.98 304.58 11075.90 265.72
11118.91 304.51 11118.83 265.60
11161.84 304.44 11161.76 265.48
11204.77 304.37 11204.69 265.36
11247.70 304.30 11247.62 265.25
11290.63 304.23 11290.55 265.13
11333.56 304.16 11333.48 265.01
11376.49 304.09 11376.41 264.89
11419.42 304.02 11419.34 264.77
11462.35 303.95 11462.27 264.65
11505.28 303.88 11505.20 264.54
11548.21 303.81 11548.13 264.42
11591.14 303.74 11591.06 264.30
11634.07 303.66 11633.99 264.18
11677.00 303.59 11676.92 264.07
11719.93 303.52 11719.85 263.95
11762.86 303.45 11762.78 263.83
11805.79 303.38 11805.71 263.72
11848.72 303.31 11848.64 263.60
11891.65 303.23 11891.57 263.48
11934.58 303.16 11934.50 263.37
11977.51 303.09 11977.43 263.25
12020.44 303.02 12020.36 263.13
12063.37 302.94 12063.29 263.02
12106.30 302.87 12106.22 262.90
12149.23 302.80 12149.15 262.79
12192.16 302.72 12192.08 262.67
12235.09 302.65 12235.01 262.55
12278.02 302.58 12277.94 262.44
12320.95 302.50 12320.87 262.32
12363.88 302.43 12363.80 262.21
12406.81 302.36 12406.73 262.09
12449.74 302.28 12449.66 261.98
12492.67 302.21 12492.59 261.86
12535.60 302.13 12535.52 261.75
12578.53 302.06 12578.45 261.63
12621.46 301.99 12621.38 261.52
12664.39 301.91 12664.31 261.40
12707.32 301.84 12707.24 261.29
12750.25 301.76 12750.17 261.18
12793.18 301.69 12793.10 261.06
12836.11 301.61 12836.03 260.95
12879.04 301.54 12878.96 260.83
12921.97 301.46 12921.89 260.72
12964.90 301.39 12964.82 260.61
13007.83 301.31 13007.75 260.49
13050.76 301.24 13050.68 260.38
13093.69 301.16 13093.61 260.27
13136.63 301.09 13136.53 260.15
13179.56 301.01 13179.46 260.04
13222.49 300.93 13222.39 259.93
13265.42 300.86 13265.32 259.81
13308.35 300.78 13308.25 259.70
13351.28 300.71 13351.18 259.59
13394.21 300.63 13394.11 259.48
13437.14 300.55 13437.04 259.36
13480.07 300.48 13479.97 259.25
13523.00 300.40 13522.90 259.14
13565.93 300.32 13565.83 259.03
13608.86 300.25 13608.76 258.92
13651.79 300.17 13651.69 258.80
13694.72 300.09 13694.62 258.69
13737.65 300.01 13737.55 258.58
13780.58 299.94 13780.48 258.47
13823.51 299.86 13823.41 258.36
13866.44 299.78 13866.34 258.25
13909.37 299.70 13909.27 258.13
13952.30 299.63 13952.20 258.02
13995.23 299.55 13995.13 257.91
14038.16 299.47 14038.06 257.80
14081.09 299.39 14080.99 257.69
14124.02 299.31 14123.92 257.58
14166.95 299.24 14166.85 257.47
14209.88 299.16 14209.78 257.36
14252.81 299.08 14252.71 257.25
14295.74 299.00 14295.64 257.14
14338.67 298.92 14338.57 257.03
14381.60 298.84 14381.50 256.92
14424.53 298.76 14424.43 256.81
14467.46 298.68 14467.36 256.70
14510.39 298.61 14510.29 256.59
14553.32 298.53 14553.22 256.48
14596.25 298.45 14596.15 256.37
14639.18 298.37 14639.08 256.26
14682.11 298.29 14682.01 256.15
14725.04 298.21 14724.94 256.04
14767.97 298.13 14767.87 255.93
14810.90 298.05 14810.80 255.82
14853.83 297.97 14853.73 255.72
14896.76 297.89 14896.66 255.61
14939.69 297.81 14939.59 255.50
14982.62 297.73 14982.52 255.39
15025.55 297.65 15025.45 255.28
15068.48 297.57 15068.38 255.17
15111.41 297.49 15111.31 255.06
15154.34 297.41 15154.24 254.96
15197.27 297.32 15197.17 254.85
15240.20 297.24 15240.10 254.74
15283.13 297.16 15283.03 254.63
15326.06 297.08 15325.96 254.52
15368.99 297.00 15368.89 254.42
15411.92 296.92 15411.82 254.31
15454.85 296.84 15454.75 254.20
15497.78 296.76 15497.68 254.09
15540.71 296.67 15540.61 253.99
15583.64 296.59 15583.54 253.88
15626.57 296.51 15626.47 253.77
15669.50 296.43 15669.40 253.67
15712.43 296.35 15712.33 253.56
15755.36 296.26 15755.26 253.45
15798.29 296.18 15798.19 253.35
15841.22 296.10 15841.12 253.24
15884.15 296.02 15884.05 253.13
15927.08 295.94 15926.98 253.03
15970.01 295.85 15969.91 252.92
16012.94 295.77 16012.84 252.81
16055.87 295.69 16055.77 252.71
16098.80 295.60 16098.70 252.60
16141.73 295.52 16141.63 252.50
16184.66 295.44 16184.56 252.39
16227.59 295.35 16227.49 252.29
16270.52 295.27 16270.42 252.18
16313.45 295.19 16313.35 252.07
16356.38 295.10 16356.28 251.97
16399.31 295.02 16399.21 251.86
16442.24 294.94 16442.14 251.76
16485.17 294.85 16485.07 251.65
16528.10 294.77 16528.00 251.55
16571.03 294.69 16570.93 251.44
16613.96 294.60 16613.86 251.34
16656.89 294.52 16656.79 251.23
16699.82 294.43 16699.72 251.13
16742.75 294.35 16742.65 251.02
16785.68 294.26 16785.58 250.92
16828.61 294.18 16828.51 250.82
16871.54 294.09 16871.44 250.71
16914.47 294.01 16914.37 250.61
16957.40 293.93 16957.30 250.50
17000.33 293.84 17000.23 250.40
17043.26 293.76 17043.16 250.30
17086.19 293.67 17086.09 250.19
17129.12 293.58 17129.02 250.09
17172.05 293.50 17171.95 249.98
17214.98 293.41 17214.88 249.88
17257.91 293.33 17257.81 249.78
17300.84 293.24 17300.74 249.67
17343.77 293.16 17343.67 249.57
17386.70 293.07 17386.60 249.47
17429.63 292.99 17429.53 249.37
17472.56 292.90 17472.46 249.26
17515.49 292.81 17515.39 249.16
17558.42 292.73 17558.32 249.06
17601.35 292.64 17601.25 248.95
17644.28 292.55 17644.18 248.85
17687.21 292.47 17687.11 248.75
17730.14 292.38 17730.04 248.65
17773.07 292.30 17772.97 248.55
17816.00 292.21 17815.90 248.44
17858.93 292.12 17858.83 248.34
17901.86 292.03 17901.76 248.24
17944.79 291.95 17944.69 248.14
17987.72 291.86 17987.62 248.04
18030.65 291.77 18030.55 247.93
18073.58 291.69 18073.48 247.83
18116.51 291.60 18116.41 247.73
18159.44 291.51 18159.34 247.63
18202.37 291.42 18202.27 247.53
18245.30 291.34 18245.20 247.43
18288.23 291.25 18288.13 247.33
18331.16 291.16 18331.06 247.22
18374.09 291.07 18373.99 247.12
18417.02 290.98 18416.92 247.02
18459.95 290.90 18459.85 246.92
18502.88 290.81 18502.78 246.82
18545.81 290.72 18545.71 246.72
18588.74 290.63 18588.64 246.62
18631.67 290.54 18631.57 246.52
18674.60 290.45 18674.50 246.42
18717.53 290.37 18717.43 246.32
18760.46 290.28 18760.36 246.22
18803.39 290.19 18803.29 246.12
18846.32 290.10 18846.22 246.02
18889.25 290.01 18889.15 245.92
18932.18 289.92 18932.08 245.82
18975.11 289.83 18975.01 245.72
19018.04 289.74 19017.94 245.62
19060.97 289.65 19060.87 245.52
19103.90 289.56 19103.80 245.42
19146.83 289.47 19146.73 245.32
19189.76 289.38 19189.66 245.22
19232.69 289.30 19232.59 245.12
19275.62 289.21 19275.52 245.02
19318.55 289.12 19318.45 244.93
19361.48 289.03 19361.38 244.83
19404.41 288.94 19404.31 244.73
19447.34 288.84 19447.24 244.63
19490.27 288.75 19490.17 244.53
19533.20 288.66 19533.10 244.43
19576.13 288.57 19576.03 244.33
19619.06 288.48 19618.96 244.24
19661.99 288.39 19661.89 244.14
19704.92 288.30 19704.82 244.04
19747.85 288.21 19747.75 243.94
19790.78 288.12 19790.68 243.84
19833.71 288.03 19833.61 243.75
19876.64 287.94 19876.54 243.65
19919.57 287.85 19919.47 243.55
19962.50 287.76 19962.40 243.45
20005.43 287.66 20005.33 243.36
20048.36 287.57 20048.26 243.26
20091.29 287.48 20091.19 243.16
20134.22 287.39 20134.12 243.06
20177.15 287.30 20177.05 242.97
20220.08 287.21 20219.98 242.87
20263.01 287.11 20262.91 242.77
20305.94 287.02 20305.84 242.68
20348.87 286.93 20348.77 242.58
20391.80 286.84 20391.70 242.48
20434.73 286.75 20434.63 242.38
20477.66 286.65 20477.56 242.29
20520.59 286.56 20520.49 242.19
20563.52 286.47 20563.42 242.10
20606.45 286.38 20606.35 242.00
20649.38 286.28 20649.28 241.90
20692.31 286.19 20692.21 241.81
20735.24 286.10 20735.14 241.71
20778.17 286.00 20778.07 241.62
20821.10 285.91 20821.00 241.52
20864.03 285.82 20863.93 241.42
20906.96 285.72 20906.86 241.33
20949.89 285.63 20949.79 241.23
20992.82 285.54 20992.72 241.14
21035.75 285.44 21035.65 241.04
21078.68 285.35 21078.58 240.95
21121.61 285.26 21121.51 240.85
21164.54 285.16 21164.44 240.76
21207.47 285.07 21207.37 240.66
21250.40 284.98 21250.30 240.57
21293.33 284.88 21293.23 240.47
21336.26 284.79 21336.16 240.38
21379.19 284.69 21379.09 240.28
21422.12 284.60 21422.02 240.19
21465.05 284.50 21464.95 240.09
21507.98 284.41 21507.88 240.00
21550.91 284.32 21550.81 239.90
21593.84 284.22 21593.74 239.81
21636.77 284.13 21636.67 239.72
21679.70 284.03 21679.60 239.62
21722.63 283.94 21722.53 239.53
21765.56 283.84 21765.46 239.43
21808.49 283.75 21808.39 239.34
21851.42 283.65 21851.32 239.25
21894.35 283.56 21894.25 239.15
21937.28 283.46 21937.18 239.06
21980.21 283.37 21980.11 238.97
22023.14 283.27 22023.04 238.87
22066.07 283.17 22065.97 238.78
22109.00 283.08 22108.90 238.69
22151.93 282.98 22151.83 238.59
22194.86 282.89 22194.76 238.50
22237.79 282.79 22237.69 238.41
22280.72 282.69 22280.62 238.31
22323.65 282.60 22323.55 238.22
22366.58 282.50 22366.48 238.13
22409.51 282.41 22409.41 238.04
22452.44 282.31 22452.34 237.94
22495.37 282.21 22495.27 237.85
22538.30 282.12 22538.20 237.76
22581.23 282.02 22581.13 237.67
22624.16 281.92 22624.06 237.58
22667.09 281.83 22666.99 237.48
22710.02 281.73 22709.92 237.39
22752.95 281.63 22752.85 237.30
22795.88 281.53 22795.78 237.21
22838.81 281.44 22838.71 237.12
22881.74 281.34 22881.64 237.02
22924.67 281.24 22924.57 236.93
22967.60 281.15 22967.50 236.84
23010.53 281.05 23010.43 236.75
23053.46 280.95 23053.36 236.66
23096.39 280.85 23096.29 236.57
23139.32 280.75 23139.22 236.48
23182.25 280.66 23182.15 236.39
23225.18 280.56 23225.08 236.30
23268.11 280.46 23268.01 236.21
23311.04 280.36 23310.94 236.11
23353.97 280.26 23353.87 236.02
23396.90 280.17 23396.80 235.93
23439.83 280.07 23439.73 235.84
23482.76 279.97 23482.66 235.75
23525.69 279.87 23525.59 235.66
23568.62 279.77 23568.52 235.57
23611.55 279.67 23611.45 235.48
23654.48 279.57 23654.38 235.39
23697.41 279.47 23697.31 235.30
23740.34 279.37 23740.24 235.21
23783.27 279.28 23783.17 235.12
23826.20 279.18 23826.10 235.03
23869.13 279.08 23869.03 234.94
23912.06 278.98 23911.96 234.85
23954.99 278.88 23954.89 234.77
23997.92 278.78 23997.82 234.68
24040.85 278.68 24040.75 234.59
24083.78 278.58 24083.68 234.50
24126.71 278.48 24126.61 234.41
24169.64 278.38 24169.54 234.32
24212.57 278.28 24212.47 234.23
24255.50 278.18 24255.40 234.14
24298.43 278.08 24298.33 234.05
24341.36 277.98 24341.26 233.97
24384.29 277.88 24384.19 233.88
24427.22 277.78 24427.12 233.79
24470.15 277.68 24470.05 233.70
24513.08 277.57 24512.98 233.61
24556.01 277.47 24555.91 233.53
24598.94 277.37 24598.84 233.44
24641.87 277.27 24641.77 233.35
24684.80 277.17 24684.70 233.26
24727.73 277.07 24727.63 233.17
24770.66 276.97 24770.56 233.09
24813.59 276.87 24813.49 233.00
24856.52 276.77 24856.42 232.91
24899.45 276.66 24899.35 232.82
24942.38 276.56 24942.28 232.74
24985.31 276.46 24985.21 232.65
25028.24 276.36 25028.14 232.56
25071.17 276.26 25071.07 232.48
25114.10 276.15 25114.00 232.39
25157.03 276.05 25156.93 232.30
25199.96 275.95 25199.86 232.22
25242.89 275.85 25242.79 232.13
25285.82 275.75 25285.72 232.04
25328.75 275.64 25328.65 231.96
25371.68 275.54 25371.58 231.87
25414.61 275.44 25414.51 231.78
25457.54 275.33 25457.44 231.70
25500.47 275.23 25500.37 231.61
25543.40 275.13 25543.30 231.53
25586.33 275.03 25586.23 231.44
25629.26 274.92 25629.16 231.35
25672.19 274.82 25672.09 231.27
25715.12 274.72 25715.02 231.18
25758.05 274.61 25757.95 231.10
25800.98 274.51 25800.88 231.01
25843.91 274.41 25843.81 230.93
25886.84 274.30 25886.74 230.84
25929.77 274.20 25929.67 230.76
25972.70 274.09 25972.60 230.67
26015.63 273.99 26015.53 230.59
26058.56 273.89 26058.46 230.50
26101.49 273.78 26101.39 230.42
26144.42 273.68 26144.32 230.33
26187.35 273.57 26187.25 230.25
26230.28 273.47 26230.18 230.16
26273.21 273.36 26273.11 230.08
26316.14 273.26 26316.04 230.00
26359.07 273.15 26358.97 229.91
26402.00 273.05 26401.90 229.83
26444.93 272.94 26444.83 229.74
26487.86 272.84 26487.76 229.66
26530.79 272.73 26530.69 229.58
26573.72 272.63 26573.62 229.49
26616.65 272.52 26616.55 229.41
26659.58 272.42 26659.48 229.33
26702.51 272.31 26702.41 229.24
26745.44 272.21 26745.34 229.16
26788.37 272.10 26788.27 229.08
26831.30 272.00 26831.20 228.99
26874.23 271.89 26874.13 228.91
26917.16 271.78 26917.06 228.83
26960.09 271.68 26959.99 228.75
27003.02 271.57 27002.92 228.66
27045.95 271.46 27045.85 228.58
27088.88 271.36 27088.78 228.50
27131.81 271.25 27131.71 228.42
27174.74 271.15 27174.64 228.33
27217.67 271.04 27217.57 228.25
27260.60 270.93 27260.50 228.17
27303.53 270.82 27303.43 228.09
27346.46 270.72 27346.36 228.01
27389.39 270.61 27389.29 227.92
27432.32 270.50 27432.22 227.84
27475.25 270.40 27475.15 227.76
27518.18 270.29 27518.08 227.68
27561.11 270.18 27561.01 227.60
27604.04 270.07 27603.94 227.52
27646.97 269.97 27646.87 227.44
27689.90 269.86 27689.80 227.35
27732.83 269.75 27732.73 227.27
27775.76 269.64 27775.66 227.19
27818.69 269.53 27818.59 227.11
27861.62 269.43 27861.52 227.03
27904.55 269.32 27904.45 226.95
27947.48 269.21 27947.38 226.87
27990.41 269.10 27990.31 226.79
28033.34 268.99 28033.24 226.71
28076.27 268.88 28076.17 226.63
28119.20 268.77 28119.10 226.55
28162.13 268.66 28162.03 226.47
28205.06 268.56 28204.96 226.39
28247.99 268.45 28247.89 226.31
28290.92 268.34 28290.82 226.23
28333.85 268.23 28333.75 226.15
28376.78 268.12 28376.68 226.07
28419.71 268.01 28419.61 225.99
28462.64 267.90 28462.54 225.91
28505.57 267.79 28505.47 225.83
28548.50 267.68 28548.40 225.76
28591.43 267.57 28591.33 225.68
28634.36 267.46 28634.26 225.60
28677.29 267.35 28677.19 225.52
28720.22 267.24 28720.12 225.44
28763.15 267.13 28763.05 225.36
28806.08 267.02 28805.98 225.28
28849.01 266.91 28848.91 225.21
28891.94 266.80 28891.84 225.13
28934.87 266.69 28934.77 225.05
28977.80 266.57 28977.70 224.97
29020.73 266.46 29020.63 224.89
29063.66 266.35 29063.56 224.82
29106.59 266.24 29106.49 224.74
29149.52 266.13 29149.42 224.66
29192.45 266.02 29192.35 224.58
29235.38 265.91 29235.28 224.51
29278.31 265.79 29278.21 224.43
29321.24 265.68 29321.14 224.35
29364.17 265.57 29364.07 224.28
29407.10 265.46 29407.00 224.20
29450.03 265.35 29449.93 224.12
29492.96 265.23 29492.86 224.05
29535.89 265.12 29535.79 223.97
29578.82 265.01 29578.72 223.89
29621.75 264.90 29621.65 223.82
29664.68 264.78 29664.58 223.74
29707.61 264.67 29707.51 223.66
29750.54 264.56 29750.44 223.59
29793.47 264.44 29793.37 223.51
29836.39 264.33 29836.31 223.44
29879.32 264.22 29879.24 223.36
29922.25 264.11 29922.17 223.29
29965.18 263.99 29965.10 223.21
30008.11 263.88 30008.03 223.13
30051.04 263.76 30050.96 223.06
30093.97 263.65 30093.89 222.98
30136.90 263.54 30136.82 222.91
30179.83 263.42 30179.75 222.84
30222.76 263.31 30222.68 222.76
30265.69 263.19 30265.61 222.69
30308.62 263.08 30308.54 222.61
30351.55 262.96 30351.47 222.54
30394.48 262.85 30394.40 222.46
30437.41 262.74 30437.33 222.39
30480.34 262.62 30480.26 222.32
30523.27 262.51 30523.19 222.24
30566.20 262.39 30566.12 222.17
30609.13 262.27 30609.05 222.09
30652.06 262.16 30651.98 222.02
30694.99 262.04 30694.91 221.95
30737.92 261.93 30737.84 221.87
30780.85 261.81 30780.77 221.80
30823.78 261.70 30823.70 221.73
30866.71 261.58 30866.63 221.66
30909.64 261.46 30909.56 221.58
30952.57 261.35 30952.49 221.51
30995.50 261.23 30995.42 221.44
31038.43 261.12 31038.35 221.36
31081.36 261.00 31081.28 221.29
31124.29 260.88 31124.21 221.22
31167.22 260.76 31167.14 221.15
31210.15 260.65 31210.07 221.08
31253.08 260.53 31253.00 221.00
31296.01 260.41 31295.93 220.93
31338.94 260.30 31338.86 220.86
31381.87 260.18 31381.79 220.79
31424.80 260.06 31424.72 220.72
31467.73 259.94 31467.65 220.65
31510.66 259.83 31510.58 220.58
31553.59 259.71 31553.51 220.51
31596.52 259.59 31596.44 220.44
31639.45 259.47 31639.37 220.36
31682.38 259.35 31682.30 220.29
31725.31 259.23 31725.23 220.22
31768.24 259.12 31768.16 220.15
31811.17 259.00 31811.09 220.08
31854.10 258.88 31854.02 220.01
31897.03 258.76 31896.95 219.94
31939.96 258.64 31939.88 219.87
31982.89 258.52 31982.81 219.80
32025.82 258.40 32025.74 219.74
32068.75 258.28 32068.67 219.67
32111.68 258.16 32111.60 219.60
32154.61 258.04 32154.53 219.53
32197.54 257.92 32197.46 219.46
32240.47 257.80 32240.39 219.39
32283.40 257.68 32283.32 219.32
32326.33 257.56 32326.25 219.25
32369.26 257.44 32369.18 219.19
32412.19 257.32 32412.11 219.12
32455.12 257.20 32455.04 219.05
32498.05 257.08 32497.97 218.98
32540.98 256.96 32540.90 218.91
32583.91 256.83 32583.83 218.85
32626.84 256.71 32626.76 218.78
32669.77 256.59 32669.69 218.71
32712.70 256.47 32712.62 218.64
32755.63 256.35 32755.55 218.58
32798.56 256.23 32798.48 218.51
32841.49 256.10 32841.41 218.44
32884.42 255.98 32884.34 218.38
32927.35 255.86 32927.27 218.31
32970.28 255.74 32970.20 218.24
33013.21 255.61 33013.13 218.18
33056.14 255.49 33056.06 218.11
33099.07 255.37 33098.99 218.05
33142.00 255.25 33141.92 217.98
33184.93 255.12 33184.85 217.91
33227.86 255.00 33227.78 217.85
33270.79 254.88 33270.71 217.78
33313.72 254.75 33313.64 217.72
33356.65 254.63 33356.57 217.65
33399.58 254.50 33399.50 217.59
33442.51 254.38 33442.43 217.52
33485.44 254.25 33485.36 217.46
33528.37 254.13 33528.29 217.40
33571.30 254.01 33571.22 217.33
33614.23 253.88 33614.15 217.27
33657.16 253.76 33657.08 217.20
33700.09 253.63 33700.01 217.14
33743.02 253.51 33742.94 217.08
33785.95 253.38 33785.87 217.01
33828.88 253.25 33828.80 216.95
33871.81 253.13 33871.73 216.89
33914.74 253.00 33914.66 216.82
33957.67 252.88 33957.59 216.76
34000.60 252.75 34000.52 216.70
34043.53 252.62 34043.45 216.64
34086.46 252.50 34086.38 216.57
34129.39 252.37 34129.31 216.51
34172.32 252.24 34172.24 216.45
34215.25 252.12 34215.17 216.39
34258.18 251.99 34258.10 216.33
34301.11 251.86 34301.03 216.26
34344.04 251.73 34343.96 216.20
34386.97 251.61 34386.89 216.14
34429.90 251.48 34429.82 216.08
34472.83 251.35 34472.75 216.02
34515.76 251.22 34515.68 215.96
34558.69 251.09 34558.61 215.90
34601.62 250.96 34601.54 215.84
34644.55 250.83 34644.47 215.78
34687.48 250.71 34687.40 215.72
34730.41 250.58 34730.33 215.66
34773.34 250.45 34773.26 215.60
34816.27 250.32 34816.19 215.54
34859.20 250.19 34859.12 215.48
34902.13 250.06 34902.05 215.42
34945.06 249.93 34944.98 215.37
34987.99 249.80 34987.91 215.31
35030.92 249.67 35030.84 215.25
35073.85 249.54 35073.77 215.19
35116.78 249.40 35116.70 215.13
35159.71 249.27 35159.63 215.07
35202.64 249.14 35202.56 215.02
35245.57 249.01 35245.49 214.96
35288.50 248.88 35288.42 214.90
35331.43 248.75 35331.35 214.85
35374.36 248.62 35374.28 214.79
35417.29 248.48 35417.21 214.73
35460.22 248.35 35460.14 214.68
35503.15 248.22 35503.07 214.62
35546.08 248.08 35546.00 214.56
35589.01 247.95 35588.93 214.51
35631.94 247.82 35631.86 214.45
35674.87 247.68 35674.79 214.40
35717.80 247.55 35717.72 214.34
35760.73 247.42 35760.65 214.29
35803.66 247.28 35803.58 214.23
35846.59 247.15 35846.51 214.18
35889.52 247.01 35889.44 214.12
35932.45 246.88 35932.37 214.07
35975.38 246.74 35975.30 214.02
36018.31 246.61 36018.23 213.96
36061.24 246.47 36061.16 213.91
36104.17 246.34 36104.09 213.86
36147.10 246.20 36147.02 213.80
36190.03 246.06 36189.95 213.75
36232.96 245.93 36232.88 213.70
36275.89 245.79 36275.81 213.65
36318.82 245.65 36318.74 213.59
36361.75 245.52 36361.67 213.54
36404.68 245.38 36404.60 213.49
36447.60 245.24 36447.54 213.44
36490.53 245.11 36490.47 213.39
36533.46 244.97 36533.40 213.34
36576.39 244.83 36576.33 213.29
36619.32 244.69 36619.26 213.24
36662.25 244.55 36662.19 213.19
36705.18 244.41 36705.12 213.14
36748.11 244.27 36748.05 213.09
36791.04 244.13 36790.98 213.04
36833.97 243.99 36833.91 212.99
36876.90 243.85 36876.84 212.94
36919.83 243.71 36919.77 212.89
36962.76 243.57 36962.70 212.84
37005.69 243.43 37005.63 212.80
37048.62 243.29 37048.56 212.75
37091.55 243.15 37091.49 212.70
37134.48 243.01 37134.42 212.65
37177.41 242.86 37177.35 212.61
37220.34 242.72 37220.28 212.56
37263.27 242.58 37263.21 212.51
37306.20 242.44 37306.14 212.47
37349.13 242.29 37349.07 212.42
37392.06 242.15 37392.00 212.38
37434.99 242.01 37434.93 212.33
37477.92 241.86 37477.86 212.29
37520.85 241.72 37520.79 212.24
37563.78 241.57 37563.72 212.20
37606.71 241.43 37606.65 212.15
37649.64 241.28 37649.58 212.11
37692.57 241.14 37692.51 212.07
37735.50 240.99 37735.44 212.02
37778.43 240.85 37778.37 211.98
37821.36 240.70 37821.30 211.94
37864.29 240.55 37864.23 211.90
37907.22 240.41 37907.16 211.86
37950.15 240.26 37950.09 211.81
37993.08 240.11 37993.02 211.77
38036.01 239.96 38035.95 211.73
38078.94 239.81 38078.88 211.69
38121.87 239.66 38121.81 211.65
38164.80 239.52 38164.74 211.61
38207.73 239.37 38207.67 211.57
38250.66 239.22 38250.60 211.53
38293.59 239.07 38293.53 211.50
38336.52 238.91 38336.46 211.46
38379.45 238.76 38379.39 211.42
38422.38 238.61 38422.32 211.38
38465.31 238.46 38465.25 211.35
38508.24 238.31 38508.18 211.31
38551.17 238.16 38551.11 211.27
38594.10 238.00 38594.04 211.24
38637.03 237.85 38636.97 211.20
38679.96 237.69 38679.90 211.17
38722.89 237.54 38722.83 211.13
38765.82 237.39 38765.76 211.10
38808.75 237.23 38808.69 211.06
38851.68 237.08 38851.62 211.03
38894.61 236.92 38894.55 211.00
38937.54 236.76 38937.48 210.97
38980.47 236.61 38980.41 210.93
39023.40 236.45 39023.34 210.90
39066.33 236.29 39066.27 210.87
39109.26 236.13 39109.20 210.84
39152.19 235.97 39152.13 210.81
39195.12 235.81 39195.06 210.78
39238.05 235.65 39237.99 210.75
39280.98 235.49 39280.92 210.72
39323.91 235.33 39323.85 210.69
39366.84 235.17 39366.78 210.67
39409.77 235.01 39409.71 210.64
39452.70 234.85 39452.64 210.61
39495.63 234.69 39495.57 210.59
39538.56 234.52 39538.50 210.56
39581.49 234.36 39581.43 210.54
39624.42 234.19 39624.36 210.51
39667.35 234.03 39667.29 210.49
39710.28 233.86 39710.22 210.47
39753.21 233.70 39753.15 210.44
39796.14 233.53 39796.08 210.42
39839.07 233.36 39839.01 210.40
39882.00 233.19 39881.94 210.38
39924.92 233.02 39924.88 210.36
39967.85 232.85 39967.81 210.34
40010.78 232.68 40010.74 210.32
40053.71 232.51 40053.67 210.30
40096.64 232.34 40096.60 210.29
40139.57 232.17 40139.53 210.27
40182.50 232.00 40182.46 210.26
40225.43 231.82 40225.39 210.24
40268.36 231.65 40268.32 210.23
40311.29 231.47 40311.25 210.21
40354.22 231.29 40354.18 210.20
40397.15 231.12 40397.11 210.19
40440.08 230.94 40440.04 210.18
40483.01 230.76 40482.97 210.17
40525.94 230.58 40525.90 210.16
40568.87 230.40 40568.83 210.15
40611.80 230.22 40611.76 210.14
40654.73 230.04 40654.69 210.14
40697.66 229.85 40697.62 210.13
40740.59 229.67 40740.55 210.13
40783.52 229.48 40783.48 210.12
40826.45 229.30 40826.41 210.12
40869.38 229.11 40869.34 210.12
40912.31 228.92 40912.27 210.12
40955.24 228.73 40955.20 210.12
40998.17 228.54 40998.13 210.12
41041.10 228.35 41041.06 210.13
41084.03 228.15 41083.99 210.13
41126.96 227.96 41126.92 210.14
41169.89 227.76 41169.85 210.15
41212.82 227.56 41212.78 210.16
41255.75 227.36 41255.71 210.17
41298.68 227.16 41298.64 210.18
41341.61 226.96 41341.57 210.19
41384.54 226.75 41384.50 210.21
41427.47 226.55 41427.43 210.22
41470.40 226.34 41470.36 210.24
41513.33 226.13 41513.29 210.26
41556.26 225.92 41556.22 210.29
41599.19 225.71 41599.15 210.31
41642.12 225.49 41642.08 210.34
41685.05 225.27 41685.01 210.37
41727.98 225.05 41727.94 210.40
41770.91 224.83 41770.87 210.43
41813.84 224.60 41813.80 210.47
41856.77 224.38 41856.73 210.51
41899.69 224.15 41899.67 210.55
41942.62 223.91 41942.60 210.60
41985.55 223.67 41985.53 210.64
42028.48 223.43 42028.46 210.70
42071.41 223.19 42071.39 210.75
42114.34 222.94 42114.32 210.81
42157.27 222.69 42157.25 210.88
42200.20 222.43 42200.18 210.95
42243.13 222.17 42243.11 211.02
42286.06 221.90 42286.04 211.10
42328.99 221.62 42328.97 211.19
42371.92 221.34 42371.90 211.28
42414.85 221.05 42414.83 211.38
42457.78 220.75 42457.76 211.49
42500.71 220.44 42500.69 211.61
42543.64 220.13 42543.62 211.74
42586.57 219.79 42586.55 211.88
42629.50 219.45 42629.48 212.04
42672.43 219.08 42672.41 212.22
42715.36 218.69 42715.34 212.42
42758.29 218.26 42758.27 212.66
42801.22 217.79 42801.20 212.94
42844.14 217.25 42844.14 213.29
42887.07 216.58 42887.07 213.77
42930.00 215.08 42930.00 215.08
