0.00 306.52
10.00 302.23
20.00 298.64
30.00 293.95
40.00 286.36
50.00 281.38
60.00 281.38
70.00 270.59
80.00 265.90
90.00 264.51
100.00 256.53
110.00 251.23
120.00 248.64
130.00 237.56
140.00 235.06
150.00 231.47
160.00 225.28
170.00 222.49
180.00 216.01
190.00 210.61
200.00 207.72
210.00 198.34
220.00 195.15
230.00 195.15
240.00 194.76
250.00 195.18
260.00 193.39
270.00 192.30
280.00 193.41
290.00 192.31
300.00 189.83
310.00 182.24
320.00 180.44
330.00 171.16
340.00 169.66
350.00 170.08
360.00 171.88
370.00 182.29
380.00 186.31
390.00 184.52
400.00 184.52
410.00 179.53
420.00 175.15
430.00 176.25
440.00 173.77
450.00 173.77
460.00 172.68
470.00 172.70
480.00 177.40
490.00 173.11
500.00 172.72
510.00 173.43
520.00 176.04
530.00 176.05
540.00 180.66
550.00 185.07
560.00 185.39
570.00 185.39
580.00 183.30
590.00 185.41
600.00 182.92
610.00 179.73
620.00 179.73
630.00 175.05
640.00 169.96
650.00 170.77
660.00 165.67
670.00 160.99
680.00 161.79
690.00 157.41
700.00 153.81
710.00 155.32
720.00 154.93
730.00 156.04
740.00 154.25
750.00 153.86
760.00 154.67
770.00 153.18
780.00 151.79
790.00 151.79
800.00 150.00
810.00 147.82
820.00 147.82
830.00 144.63
840.00 139.54
850.00 138.45
860.00 120.16
870.00 120.16
880.00 97.48
890.00 101.09
900.00 111.90
910.00 114.11
920.00 109.41
930.00 112.62
940.00 110.83
950.00 107.65
960.00 107.65
970.00 100.76
980.00 89.97
990.00 91.78
1000.00 84.98
1010.00 85.69
1020.00 81.80
1030.00 81.82
1040.00 81.82
1050.00 81.83
1060.00 81.84
1070.00 81.85
1080.00 81.86
1090.00 81.87
1100.00 81.87
1110.00 81.88
1120.00 81.90
1130.00 81.90
1140.00 81.91
1150.00 81.92
1160.00 81.93
1170.00 81.93
1180.00 81.94
1190.00 81.95
1200.00 81.96
1210.00 81.96
1220.00 81.98
1230.00 81.99
1240.00 81.99
1250.00 82.01
1260.00 82.01
1270.00 82.02
1280.00 82.03
1290.00 82.04
1300.00 82.04
1310.00 82.05
1320.00 82.06
1330.00 82.07
1340.00 82.08
1350.00 82.08
1360.00 82.10
1370.00 82.11
1380.00 82.11
1390.00 82.12
1400.00 82.13
1410.00 82.14
1420.00 82.15
1430.00 82.16
1440.00 82.16
1450.00 82.17
1460.00 82.18
1470.00 82.18
1480.00 82.20
1490.00 82.20
1500.00 82.21
1510.00 82.22
1520.00 82.22
1530.00 82.24
1540.00 82.25
1550.00 82.25
1560.00 82.26
1570.00 82.27
1580.00 82.28
1590.00 82.29
1600.00 82.29
1610.00 82.30
1620.00 82.31
1630.00 82.31
1640.00 82.32
1650.00 82.33
1660.00 82.34
1670.00 82.35
1680.00 82.35
1690.00 82.36
1700.00 82.37
1710.00 82.38
1720.00 82.39
1730.00 82.39
1740.00 82.40
1750.00 82.41
1760.00 82.42
1770.00 82.42
1780.00 82.43
1790.00 82.44
1800.00 82.45
1810.00 82.45
1820.00 82.46
1830.00 82.47
1840.00 82.48
1850.00 82.49
1860.00 82.49
1870.00 82.50
1880.00 82.51
1890.00 82.52
1900.00 82.52
1910.00 82.53
1920.00 82.54
1930.00 82.55
1940.00 82.55
1950.00 82.56
1960.00 82.57
1970.00 82.58
1980.00 82.58
1990.00 82.59
2000.00 82.60
2010.00 82.61
2020.00 82.61
2030.00 82.62
2040.00 82.63
2050.00 82.63
2060.00 82.64
2070.00 82.65
2080.00 82.65
2090.00 82.66
2100.00 82.67
2110.00 82.67
2120.00 82.68
2130.00 82.69
2140.00 82.70
2150.00 82.70
2160.00 82.71
2170.00 82.72
2180.00 82.73
2190.00 82.73
2200.00 82.74
2210.00 82.75
2220.00 82.75
2230.00 82.76
2240.00 82.77
2250.00 82.77
2260.00 82.78
2270.00 82.79
2280.00 82.79
2290.00 82.80
2300.00 82.81
2310.00 82.82
2320.00 82.82
2330.00 82.83
2340.00 82.84
2350.00 82.85
2360.00 82.85
2370.00 82.86
2380.00 82.87
2390.00 82.87
2400.00 82.88
2410.00 82.88
2420.00 82.89
2430.00 82.90
2440.00 82.91
2450.00 82.91
2460.00 82.92
2470.00 82.92
2480.00 82.93
2490.00 82.94
2500.00 82.94
2510.00 82.95
2520.00 82.96
2530.00 82.96
2540.00 82.97
2550.00 82.98
2560.00 82.98
2570.00 82.99
2580.00 83.00
2590.00 83.00
2600.00 83.01
2610.00 83.01
2620.00 83.02
2630.00 83.03
2640.00 83.03
2650.00 83.04
2660.00 83.05
2670.00 83.05
2680.00 83.06
2690.00 83.07
2700.00 83.07
2710.00 83.08
2720.00 83.09
2730.00 83.09
2740.00 83.10
2750.00 83.10
2760.00 83.11
2770.00 83.12
2780.00 83.12
2790.00 83.12
2800.00 83.13
2810.00 83.14
2820.00 83.15
2830.00 83.15
2840.00 83.15
2850.00 83.16
2860.00 83.17
2870.00 83.18
2880.00 83.18
2890.00 83.18
2900.00 83.19
2910.00 83.20
2920.00 83.20
2930.00 83.21
2940.00 83.22
2950.00 83.22
2960.00 83.23
2970.00 83.23
2980.00 83.24
2990.00 83.25
3000.00 83.25
3010.00 83.25
3020.00 83.26
3030.00 83.27
3040.00 83.27
3050.00 83.28
3060.00 83.28
3070.00 83.29
3080.00 83.30
3090.00 83.30
3100.00 83.31
3110.00 83.31
3120.00 83.32
3130.00 83.32
3140.00 83.33
3150.00 83.33
3160.00 83.34
3170.00 83.34
3180.00 83.35
3190.00 83.36
3200.00 83.36
3210.00 83.37
3220.00 83.37
3230.00 83.38
3240.00 83.38
3250.00 83.39
3260.00 83.39
3270.00 83.40
3280.00 83.41
3290.00 83.41
3300.00 83.41
3310.00 83.42
3320.00 83.43
3330.00 83.43
3340.00 83.44
3350.00 83.44
3360.00 83.45
3370.00 83.45
3380.00 83.46
3390.00 83.46
3400.00 83.47
3410.00 83.47
3420.00 83.48
3430.00 83.48
3440.00 83.49
3450.00 83.49
3460.00 83.50
3470.00 83.50
3480.00 83.51
3490.00 83.51
3500.00 83.52
3510.00 83.52
3520.00 83.53
3530.00 83.53
3540.00 83.54
3550.00 83.54
3560.00 83.55
3570.00 83.55
3580.00 83.56
3590.00 83.57
3600.00 83.57
3610.00 83.57
3620.00 83.58
3630.00 83.58
3640.00 83.59
3650.00 83.59
3660.00 83.60
3670.00 83.60
3680.00 83.61
3690.00 83.61
3700.00 83.62
3710.00 83.62
3720.00 83.63
3730.00 83.63
3740.00 83.63
3750.00 83.64
3760.00 83.64
3770.00 83.65
3780.00 83.65
3790.00 83.65
3800.00 83.66
3810.00 83.66
3820.00 83.67
3830.00 83.67
3840.00 83.68
3850.00 83.68
3860.00 83.69
3870.00 83.69
3880.00 83.70
3890.00 83.70
3900.00 83.70
3910.00 83.71
3920.00 83.71
3930.00 83.72
3940.00 83.72
3950.00 83.73
3960.00 83.73
3970.00 83.74
3980.00 83.74
3990.00 83.74
4000.00 83.75
4010.00 83.75
4020.00 83.76
4030.00 83.76
4040.00 83.76
4050.00 83.77
4060.00 83.77
4070.00 83.77
4080.00 83.78
4090.00 83.79
4100.00 83.79
4110.00 83.79
4120.00 83.80
4130.00 83.80
4140.00 83.80
4150.00 83.81
4160.00 83.81
4170.00 83.82
4180.00 83.82
4190.00 83.82
4200.00 83.83
4210.00 83.83
4220.00 83.84
4230.00 83.84
4240.00 83.84
4250.00 83.85
4260.00 83.85
4270.00 83.85
4280.00 83.86
4290.00 83.86
4300.00 83.86
4310.00 83.87
4320.00 83.87
4330.00 83.88
4340.00 83.88
4350.00 83.88
4360.00 83.89
4370.00 83.89
4380.00 83.89
4390.00 83.90
4400.00 83.90
4410.00 83.90
4420.00 83.91
4430.00 83.91
4440.00 83.92
4450.00 83.92
4460.00 83.92
4470.00 83.93
4480.00 83.93
4490.00 83.93
4500.00 83.94
4510.00 83.94
4520.00 83.94
4530.00 83.95
4540.00 83.95
4550.00 83.95
4560.00 83.96
4570.00 83.96
4580.00 83.96
4590.00 83.97
4600.00 83.97
4610.00 83.97
4620.00 84.58
4630.00 84.08
4640.00 84.08
4650.00 84.59
4660.00 84.59
4670.00 85.19
4680.00 86.20
4690.00 85.70
4700.00 86.70
4710.00 87.80
4720.00 87.31
4730.00 88.81
4740.00 90.42
4750.00 90.42
4760.00 91.42
4770.00 90.92
4780.00 93.53
4790.00 95.63
4800.00 96.13
4810.00 99.33
4820.00 103.44
4830.00 103.94
4840.00 110.74
4850.00 114.95
4860.00 114.45
4870.00 116.55
4880.00 118.55
4890.00 118.56
4900.00 122.26
4910.00 122.26
4920.00 125.86
4930.00 129.57
4940.00 127.97
4950.00 129.07
4960.00 126.48
4970.00 126.48
4980.00 129.58
4990.00 133.79
5000.00 130.09
5010.00 135.29
5020.00 135.29
5030.00 131.69
5040.00 134.30
5050.00 134.30
5060.00 139.50
5070.00 148.91
5080.00 152.01
5090.00 159.31
5100.00 169.71
5110.00 173.41
5120.00 186.92
5130.00 197.92
5140.00 197.92
5150.00 210.42
5160.00 219.83
5170.00 217.73
5180.00 225.53
5190.00 222.93
5200.00 225.54
5210.00 223.44
5220.00 223.44
5230.00 222.94
5240.00 221.35
5250.00 215.15
5260.00 217.75
5270.00 213.55
5280.00 210.95
5290.00 208.36
5300.00 203.66
5310.00 203.66
5320.00 193.26
5330.00 193.26
5340.00 188.57
5350.00 185.47
5360.00 182.27
5370.00 176.07
5380.00 171.88
5390.00 171.88
5400.00 169.28
5410.00 168.78
5420.00 164.58
5430.00 168.78
5440.00 171.39
5450.00 169.29
5460.00 171.39
5470.00 170.89
5480.00 172.39
5490.00 174.00
5500.00 173.00
5510.00 174.00
5520.00 176.60
5530.00 174.50
5540.00 174.50
5550.00 174.51
5560.00 174.51
5570.00 175.01
5580.00 177.11
5590.00 175.01
5600.00 177.12
5610.00 177.12
5620.00 177.12
5630.00 177.62
5640.00 176.12
5650.00 178.22
5660.00 180.83
5670.00 181.83
5680.00 183.43
5690.00 185.53
5700.00 183.43
5710.00 185.03
5720.00 187.03
5730.00 187.03
5740.00 188.14
5750.00 187.64
5760.00 183.44
5770.00 179.74
5780.00 179.74
5790.00 180.84
5800.00 180.35
5810.00 178.25
5820.00 179.25
5830.00 179.75
5840.00 176.65
5850.00 174.55
5860.00 175.05
5870.00 171.95
5880.00 169.86
5890.00 167.26
5900.00 167.26
5910.00 165.16
5920.00 162.56
5930.00 163.16
5940.00 162.56
5950.00 162.56
5960.00 165.16
5970.00 172.47
5980.00 175.07
5990.00 174.57
6000.00 177.17
6010.00 177.17
6020.00 179.27
6030.00 181.87
6040.00 181.87
6050.00 184.47
6060.00 183.47
6070.00 185.58
6080.00 188.18
6090.00 188.68
6100.00 190.78
6110.00 192.38
6120.00 192.38
6130.00 193.88
6140.00 195.18
6150.00 195.08
6160.00 195.08
6170.00 195.09
6180.00 193.19
6190.00 190.79
6200.00 190.79
6210.00 187.39
6220.00 183.39
6230.00 183.09
6240.00 182.19
6250.00 179.69
6260.00 177.89
6270.00 174.79
6280.00 171.79
6290.00 171.79
6300.00 168.69
6310.00 165.29
6320.00 162.59
6330.00 161.00
6340.00 156.70
6350.00 152.10
6360.00 148.80
6370.00 148.80
6380.00 146.30
6390.00 145.40
6400.00 147.20
6410.00 148.50
6420.00 147.50
6430.00 148.50
6440.00 147.20
6450.00 145.40
6460.00 145.40
6470.00 145.10
6480.00 143.90
6490.00 141.40
6500.00 133.10
6510.00 135.30
6520.00 124.90
6530.00 113.50
6540.00 113.50
6550.00 121.50
6560.00 123.30
6570.00 114.70
6580.00 119.60
6590.00 119.30
6600.00 116.00
6610.00 113.50
6620.00 109.80
6630.00 111.10
6640.00 110.70
6650.00 108.30
6660.00 106.10
6670.00 107.10
6680.00 104.30
6690.00 103.10
6700.00 103.70
6710.00 103.70
6720.00 103.10
6730.00 99.40
6740.00 96.90
6750.00 96.30
6760.00 96.30
6770.00 95.40
6780.00 94.80
6790.00 94.20
6800.00 95.40
6810.00 95.40
6820.00 94.20
6830.00 92.90
6840.00 92.90
6850.00 91.40
6860.00 89.60
6870.00 88.40
6880.00 88.40
6890.00 87.70
6900.00 86.80
6910.00 85.90
6920.00 85.60
6930.00 85.60
6940.00 85.00
6950.00 84.70
6960.00 84.40
6970.00 84.40
6980.00 84.40
6990.00 84.30
7000.00 84.29
7010.00 84.30
7020.00 84.29
7030.00 84.29
7040.00 84.29
7050.00 84.29
7060.00 84.29
7070.00 84.29
7080.00 84.29
7090.00 84.29
7100.00 84.29
7110.00 84.29
7120.00 84.29
7130.00 84.29
7140.00 84.29
7150.00 84.29
7160.00 84.28
7170.00 84.28
7180.00 84.28
7190.00 84.28
7200.00 84.28
7210.00 84.28
7220.00 84.28
7230.00 84.28
7240.00 84.28
7250.00 84.28
7260.00 84.28
7270.00 84.28
7280.00 84.27
7290.00 84.27
7300.00 84.27
7310.00 84.27
7320.00 84.27
7330.00 84.27
7340.00 84.27
7350.00 84.27
7360.00 84.27
7370.00 84.26
7380.00 84.26
7390.00 84.26
7400.00 84.26
7410.00 84.26
7420.00 84.26
7430.00 84.26
7440.00 84.26
7450.00 84.26
7460.00 84.25
7470.00 84.25
7480.00 84.25
7490.00 84.25
7500.00 84.25
7510.00 84.25
7520.00 84.25
7530.00 84.25
7540.00 84.24
7550.00 84.24
7560.00 84.24
7570.00 84.24
7580.00 84.24
7590.00 84.24
7600.00 84.23
7610.00 84.23
7620.00 84.23
7630.00 84.23
7640.00 84.23
7650.00 84.23
7660.00 84.23
7670.00 84.22
7680.00 84.22
7690.00 84.22
7700.00 84.22
7710.00 84.22
7720.00 84.22
7730.00 84.21
7740.00 84.21
7750.00 84.21
7760.00 84.21
7770.00 84.21
7780.00 84.21
7790.00 84.20
7800.00 84.20
7810.00 84.20
7820.00 84.20
7830.00 84.20
7840.00 84.20
7850.00 84.19
7860.00 84.19
7870.00 84.19
7880.00 84.19
7890.00 84.19
7900.00 84.18
7910.00 84.18
7920.00 84.18
7930.00 84.18
7940.00 84.18
7950.00 84.17
7960.00 84.17
7970.00 84.17
7980.00 84.17
7990.00 84.17
8000.00 84.16
8010.00 84.16
8020.00 84.16
8030.00 84.16
8040.00 84.16
8050.00 84.15
8060.00 84.15
8070.00 84.15
8080.00 84.15
8090.00 84.14
8100.00 84.14
8110.00 84.14
8120.00 84.14
8130.00 84.14
8140.00 84.13
8150.00 84.13
8160.00 84.13
8170.00 84.13
8180.00 84.12
8190.00 84.12
8200.00 84.12
8210.00 84.12
8220.00 84.11
8230.00 84.11
8240.00 84.11
8250.00 84.11
8260.00 84.10
8270.00 84.10
8280.00 84.10
8290.00 84.10
8300.00 84.09
8310.00 84.09
8320.00 84.09
8330.00 84.09
8340.00 84.08
8350.00 84.08
8360.00 84.08
8370.00 84.07
8380.00 84.07
8390.00 84.07
8400.00 84.07
8410.00 84.06
8420.00 84.06
8430.00 84.06
8440.00 84.06
8450.00 84.05
8460.00 84.05
8470.00 84.05
8480.00 84.04
8490.00 84.04
8500.00 84.04
8510.00 84.04
8520.00 84.03
8530.00 84.03
8540.00 84.03
8550.00 84.03
8560.00 84.02
8570.00 84.02
8580.00 84.01
8590.00 84.01
8600.00 84.01
8610.00 84.01
8620.00 84.00
8630.00 84.00
8640.00 84.00
8650.00 83.99
8660.00 83.99
8670.00 83.99
8680.00 83.99
8690.00 83.98
8700.00 83.98
8710.00 83.97
8720.00 83.97
8730.00 83.97
8740.00 83.96
8750.00 83.96
8760.00 83.96
8770.00 83.96
8780.00 83.95
8790.00 83.95
8800.00 83.95
8810.00 83.94
8820.00 83.94
8830.00 83.93
8840.00 83.93
8850.00 83.93
8860.00 83.92
8870.00 83.92
8880.00 83.92
8890.00 83.92
8900.00 83.91
8910.00 83.91
8920.00 83.90
8930.00 83.90
8940.00 83.90
8950.00 83.89
8960.00 83.89
8970.00 83.89
8980.00 83.88
8990.00 83.88
9000.00 83.87
9010.00 83.87
9020.00 83.87
9030.00 83.86
9040.00 83.86
9050.00 83.86
9060.00 83.85
9070.00 83.85
9080.00 83.84
9090.00 83.84
9100.00 83.84
9110.00 83.83
9120.00 83.83
9130.00 83.83
9140.00 83.82
9150.00 83.82
9160.00 83.81
9170.00 83.81
9180.00 83.81
9190.00 83.80
9200.00 83.80
9210.00 83.79
9220.00 83.79
9230.00 83.79
9240.00 83.78
9250.00 83.78
9260.00 83.77
9270.00 83.77
9280.00 83.77
9290.00 83.76
9300.00 83.76
9310.00 83.76
9320.00 83.75
9330.00 83.75
9340.00 83.74
9350.00 83.74
9360.00 83.73
9370.00 83.73
9380.00 83.72
9390.00 83.72
9400.00 83.72
9410.00 83.71
9420.00 83.71
9430.00 83.70
9440.00 83.70
9450.00 83.79
9460.00 83.69
9470.00 83.68
9480.00 83.68
9490.00 83.68
9500.00 83.67
9510.00 83.67
9520.00 83.66
9530.00 83.66
9540.00 83.66
9550.00 83.75
9560.00 83.74
9570.00 83.74
9580.00 83.74
9590.00 83.63
9600.00 83.63
9610.00 83.62
9620.00 84.32
9630.00 84.61
9640.00 84.91
9650.00 84.30
9660.00 84.90
9670.00 83.99
9680.00 83.69
9690.00 83.98
9700.00 84.88
9710.00 83.98
9720.00 83.67
9730.00 83.66
9740.00 83.66
9750.00 83.56
9760.00 83.55
9770.00 83.55
9780.00 83.54
9790.00 83.54
9800.00 83.53
9810.00 83.53
9820.00 83.52
9830.00 83.52
9840.00 83.51
9850.00 83.51
9860.00 83.50
9870.00 83.50
9880.00 83.49
9890.00 83.49
9900.00 83.48
9910.00 83.48
9920.00 83.57
9930.00 83.47
9940.00 83.46
9950.00 83.46
9960.00 83.45
9970.00 83.45
9980.00 84.14
9990.00 85.33
10000.00 85.03
10010.00 86.22
10020.00 86.22
10030.00 86.21
10040.00 86.21
10050.00 86.21
10060.00 86.20
10070.00 84.99
10080.00 86.19
10090.00 84.98
10100.00 84.08
10110.00 83.77
10120.00 84.07
10130.00 83.36
10140.00 83.36
10150.00 83.35
10160.00 83.34
10170.00 83.34
10180.00 83.33
10190.00 83.33
10200.00 83.32
10210.00 83.32
10220.00 83.31
10230.00 83.30
10240.00 83.30
10250.00 83.30
10260.00 83.29
10270.00 83.28
10280.00 83.28
10290.00 83.27
10300.00 83.27
10310.00 83.26
10320.00 83.25
10330.00 83.25
10340.00 83.24
10350.00 83.24
10360.00 83.23
10370.00 83.22
10380.00 83.22
10390.00 83.22
10400.00 83.21
10410.00 83.20
10420.00 83.20
10430.00 83.19
10440.00 83.19
10450.00 83.18
10460.00 83.17
10470.00 83.17
10480.00 83.16
10490.00 83.15
10500.00 83.15
10510.00 83.14
10520.00 83.14
10530.00 83.13
10540.00 83.12
10550.00 83.12
10560.00 83.11
10570.00 83.10
10580.00 83.10
10590.00 83.80
10600.00 84.69
10610.00 84.68
10620.00 85.87
10630.00 84.07
10640.00 84.07
10650.00 84.36
10660.00 83.15
10670.00 84.04
10680.00 84.94
10690.00 84.93
10700.00 85.52
10710.00 85.82
10720.00 85.82
10730.00 84.01
10740.00 84.30
10750.00 83.39
10760.00 84.29
10770.00 83.38
10780.00 82.97
10790.00 82.97
10800.00 82.96
10810.00 82.96
10820.00 82.95
10830.00 82.94
10840.00 82.93
10850.00 82.93
10860.00 82.92
10870.00 82.91
10880.00 82.91
10890.00 82.91
10900.00 82.90
10910.00 82.89
10920.00 82.88
10930.00 82.88
10940.00 82.87
10950.00 82.86
10960.00 82.85
10970.00 82.85
10980.00 82.84
10990.00 82.83
11000.00 82.83
11010.00 82.82
11020.00 82.82
11030.00 82.81
11040.00 82.80
11050.00 82.79
11060.00 82.79
11070.00 82.78
11080.00 82.77
11090.00 82.77
11100.00 82.76
11110.00 82.76
11120.00 82.75
11130.00 82.74
11140.00 82.73
11150.00 82.73
11160.00 82.72
11170.00 82.71
11180.00 82.70
11190.00 82.70
11200.00 82.69
11210.00 82.68
11220.00 82.67
11230.00 82.67
11240.00 82.66
11250.00 82.65
11260.00 82.64
11270.00 82.63
11280.00 82.63
11290.00 82.62
11300.00 82.61
11310.00 82.61
11320.00 82.60
11330.00 82.59
11340.00 82.59
11350.00 82.58
11360.00 82.57
11370.00 82.57
11380.00 82.56
11390.00 82.55
11400.00 82.55
11410.00 82.54
11420.00 82.53
11430.00 82.52
11440.00 82.51
11450.00 82.51
11460.00 82.50
11470.00 82.49
11480.00 82.48
11490.00 82.48
11500.00 82.47
11510.00 82.46
11520.00 82.45
11530.00 82.45
11540.00 82.44
11550.00 82.43
11560.00 82.42
11570.00 82.42
11580.00 82.41
11590.00 82.40
11600.00 82.39
11610.00 82.38
11620.00 82.38
11630.00 82.37
11640.00 82.36
11650.00 82.35
11660.00 82.35
11670.00 82.34
11680.00 82.33
11690.00 82.32
11700.00 82.32
11710.00 82.31
11720.00 82.30
11730.00 82.29
11740.00 82.28
11750.00 82.27
11760.00 82.27
11770.00 82.26
11780.00 82.24
11790.00 82.24
11800.00 82.23
11810.00 82.23
11820.00 82.22
11830.00 82.21
11840.00 82.20
11850.00 82.19
11860.00 82.18
11870.00 82.18
11880.00 82.17
11890.00 82.16
11900.00 82.15
11910.00 82.15
11920.00 82.14
11930.00 82.13
11940.00 82.12
11950.00 82.11
11960.00 82.11
11970.00 82.09
11980.00 82.09
11990.00 82.08
12000.00 82.07
12010.00 82.06
12020.00 82.05
12030.00 82.04
12040.00 82.04
12050.00 82.03
12060.00 82.02
12070.00 82.01
12080.00 82.00
12090.00 82.00
12100.00 81.99
12110.00 81.97
12120.00 81.97
12130.00 81.96
12140.00 81.95
12150.00 81.94
12160.00 81.93
12170.00 81.93
12180.00 81.92
12190.00 81.91
12200.00 81.89
12210.00 81.89
12220.00 81.88
12230.00 81.87
12240.00 81.86
12250.00 81.85
12260.00 81.85
12270.00 81.84
12280.00 81.83
12290.00 81.82
12300.00 81.81
12310.00 81.80
12320.00 81.79
12330.00 81.78
12340.00 81.78
12350.00 81.77
12360.00 81.76
12370.00 81.74
12380.00 81.74
12390.00 81.73
12400.00 81.72
12410.00 81.71
12420.00 81.70
12430.00 81.70
12440.00 81.69
12450.00 81.67
12460.00 81.67
12470.00 81.66
12480.00 81.65
12490.00 81.64
12500.00 81.63
12510.00 81.62
12520.00 81.61
12530.00 81.60
12540.00 81.59
12550.00 81.59
12560.00 81.58
12570.00 81.57
12580.00 81.56
12590.00 81.54
12600.00 81.54
12610.00 81.53
12620.00 81.52
12630.00 81.51
12640.00 81.50
12650.00 81.49
12660.00 81.48
12670.00 81.47
12680.00 81.47
12690.00 81.46
12700.00 81.44
12710.00 81.43
12720.00 81.43
12730.00 81.42
12740.00 81.41
12750.00 81.39
12760.00 81.38
12770.00 81.38
12780.00 81.37
12790.00 81.35
12800.00 81.35
12810.00 81.34
12820.00 81.33
12830.00 81.32
12840.00 81.31
12850.00 81.31
12860.00 81.29
12870.00 81.28
12880.00 81.27
12890.00 81.26
12900.00 81.25
12910.00 81.24
12920.00 81.23
12930.00 81.22
12940.00 81.22
12950.00 81.20
12960.00 81.19
12970.00 81.18
12980.00 81.17
12990.00 81.17
13000.00 81.15
13010.00 81.14
13020.00 81.14
13030.00 81.12
13040.00 81.11
13050.00 81.10
13060.00 81.09
13070.00 81.08
13080.00 81.07
13090.00 81.06
13100.00 81.05
13110.00 81.05
13120.00 81.03
13130.00 81.02
13140.00 81.01
13150.00 81.00
13160.00 81.00
13170.00 80.98
13180.00 80.97
13190.00 80.97
13200.00 80.95
13210.00 80.94
13220.00 80.93
13230.00 80.92
13240.00 80.92
13250.00 80.90
13260.00 80.89
13270.00 80.88
13280.00 80.87
13290.00 80.86
13300.00 80.85
13310.00 80.83
13320.00 80.83
13330.00 80.82
13340.00 80.80
13350.00 80.79
13360.00 80.79
13370.00 80.78
13380.00 80.77
13390.00 80.75
13400.00 80.74
13410.00 80.74
13420.00 80.72
13430.00 80.71
13440.00 80.70
13450.00 80.69
13460.00 80.68
13470.00 80.67
13480.00 80.65
13490.00 80.65
13500.00 80.64
13510.00 80.62
13520.00 80.61
13530.00 80.61
13540.00 80.59
13550.00 80.59
13560.00 80.57
13570.00 80.55
13580.00 80.55
13590.00 80.54
13600.00 80.52
13610.00 80.52
13620.00 80.51
13630.00 80.49
13640.00 80.49
13650.00 80.47
13660.00 80.46
13670.00 80.45
13680.00 80.44
13690.00 80.43
13700.00 80.41
13710.00 80.41
13720.00 80.40
13730.00 80.38
13740.00 80.37
13750.00 80.37
13760.00 80.35
13770.00 80.34
13780.00 80.33
13790.00 80.32
13800.00 80.31
13810.00 80.30
13820.00 80.28
13830.00 80.28
13840.00 80.26
13850.00 80.25
13860.00 80.24
13870.00 80.22
13880.00 80.22
13890.00 80.21
13900.00 80.19
13910.00 80.18
13920.00 80.18
13930.00 80.16
13940.00 80.14
13950.00 80.14
13960.00 80.13
13970.00 80.12
13980.00 80.10
13990.00 80.09
14000.00 80.09
14010.00 80.07
14020.00 80.05
14030.00 80.05
14040.00 80.03
14050.00 80.02
14060.00 80.01
14070.00 80.00
14080.00 79.98
14090.00 79.98
14100.00 79.96
14110.00 79.95
14120.00 79.94
14130.00 79.93
14140.00 79.92
14150.00 79.91
14160.00 79.89
14170.00 79.89
14180.00 79.87
14190.00 79.86
14200.00 79.85
14210.00 79.83
14220.00 79.82
14230.00 79.81
14240.00 79.80
14250.00 79.79
14260.00 79.78
14270.00 79.76
14280.00 79.75
14290.00 79.74
14300.00 79.73
14310.00 79.72
14320.00 79.70
14330.00 79.69
14340.00 79.69
14350.00 79.67
14360.00 79.65
14370.00 79.64
14380.00 79.63
14390.00 79.63
14400.00 79.61
14410.00 79.59
14420.00 79.58
14430.00 79.57
14440.00 79.56
14450.00 79.55
14460.00 79.53
14470.00 79.52
14480.00 79.51
14490.00 79.50
14500.00 79.48
14510.00 79.47
14520.00 79.46
14530.00 79.45
14540.00 79.43
14550.00 79.42
14560.00 79.42
14570.00 79.40
14580.00 79.38
14590.00 79.37
14600.00 79.36
14610.00 79.35
14620.00 79.34
14630.00 79.32
14640.00 79.31
14650.00 79.30
14660.00 79.28
14670.00 79.27
14680.00 79.26
14690.00 79.25
14700.00 79.24
14710.00 79.22
14720.00 79.20
14730.00 79.20
14740.00 79.19
14750.00 79.17
14760.00 79.16
14770.00 79.15
14780.00 79.13
14790.00 79.12
14800.00 79.10
14810.00 79.10
14820.00 79.09
14830.00 79.07
14840.00 79.06
14850.00 79.04
14860.00 79.03
14870.00 79.02
14880.00 79.00
14890.00 78.99
14900.00 78.99
14910.00 78.97
14920.00 78.95
14930.00 78.94
14940.00 78.93
14950.00 78.91
14960.00 78.90
14970.00 78.88
14980.00 78.88
14990.00 78.87
15000.00 78.85
15010.00 78.84
15020.00 78.82
15030.00 78.81
15040.00 78.80
15050.00 78.78
15060.00 78.76
15070.00 78.76
15080.00 78.75
15090.00 78.73
15100.00 78.72
15110.00 78.71
15120.00 78.70
15130.00 78.68
15140.00 78.66
15150.00 78.66
15160.00 78.64
15170.00 78.62
15180.00 78.61
15190.00 78.59
15200.00 78.59
15210.00 78.57
15220.00 78.56
15230.00 78.54
15240.00 78.54
15250.00 78.52
15260.00 78.51
15270.00 78.49
15280.00 78.48
15290.00 78.47
15300.00 78.45
15310.00 78.43
15320.00 78.42
15330.00 78.41
15340.00 78.39
15350.00 78.38
15360.00 78.36
15370.00 78.36
15380.00 78.34
15390.00 78.33
15400.00 78.31
15410.00 78.31
15420.00 78.29
15430.00 78.28
15440.00 78.26
15450.00 78.25
15460.00 78.24
15470.00 78.22
15480.00 78.20
15490.00 78.19
15500.00 78.18
15510.00 78.16
15520.00 78.15
15530.00 78.13
15540.00 78.13
15550.00 78.11
15560.00 78.09
15570.00 78.08
15580.00 78.07
15590.00 78.05
15600.00 78.04
15610.00 78.02
15620.00 78.01
15630.00 78.00
15640.00 77.98
15650.00 77.96
15660.00 77.95
15670.00 77.94
15680.00 77.92
15690.00 77.91
15700.00 77.89
15710.00 77.89
15720.00 77.87
15730.00 77.85
15740.00 77.84
15750.00 77.83
15760.00 77.81
15770.00 77.80
15780.00 77.78
15790.00 77.77
15800.00 77.76
15810.00 77.74
15820.00 77.72
15830.00 77.71
15840.00 77.70
15850.00 77.69
15860.00 77.67
15870.00 77.65
15880.00 77.65
15890.00 77.63
15900.00 77.60
15910.00 77.59
15920.00 77.58
15930.00 77.56
15940.00 77.55
15950.00 77.53
15960.00 77.52
15970.00 77.51
15980.00 77.49
15990.00 77.48
16000.00 77.46
16010.00 77.45
16020.00 77.44
16030.00 77.42
16040.00 77.40
16050.00 77.40
16060.00 77.38
16070.00 77.36
16080.00 77.34
16090.00 77.34
16100.00 77.31
16110.00 77.30
16120.00 77.28
16130.00 77.27
16140.00 77.26
16150.00 77.24
16160.00 77.23
16170.00 77.21
16180.00 77.20
16190.00 77.19
16200.00 77.17
16210.00 77.14
16220.00 77.14
16230.00 77.12
16240.00 77.10
16250.00 77.09
16260.00 77.08
16270.00 77.07
16280.00 77.05
16290.00 77.03
16300.00 77.01
16310.00 77.01
16320.00 76.98
16330.00 76.97
16340.00 76.95
16350.00 76.94
16360.00 76.93
16370.00 76.91
16380.00 76.89
16390.00 76.89
16400.00 76.87
16410.00 76.85
16420.00 76.83
16430.00 76.82
16440.00 76.81
16450.00 76.79
16460.00 76.77
16470.00 76.75
16480.00 76.75
16490.00 76.72
16500.00 76.71
16510.00 76.69
16520.00 76.68
16530.00 76.67
16540.00 76.65
16550.00 76.63
16560.00 76.62
16570.00 76.60
16580.00 76.59
16590.00 76.57
16600.00 76.56
16610.00 76.55
16620.00 76.52
16630.00 76.50
16640.00 76.49
16650.00 76.48
16660.00 76.46
16670.00 76.45
16680.00 76.42
16690.00 76.42
16700.00 76.40
16710.00 76.38
16720.00 76.37
16730.00 76.36
16740.00 76.34
16750.00 76.32
16760.00 76.30
16770.00 76.29
16780.00 76.28
16790.00 76.26
16800.00 76.23
16810.00 76.22
16820.00 76.21
16830.00 76.19
16840.00 76.18
16850.00 76.15
16860.00 76.15
16870.00 76.13
16880.00 76.11
16890.00 76.10
16900.00 76.09
16910.00 76.06
16920.00 76.05
16930.00 76.03
16940.00 76.01
16950.00 76.01
16960.00 75.98
16970.00 75.96
16980.00 75.95
16990.00 75.94
17000.00 75.92
17010.00 75.90
17020.00 75.88
17030.00 75.88
17040.00 75.86
17050.00 75.83
17060.00 75.82
17070.00 75.81
17080.00 75.79
17090.00 75.77
17100.00 75.75
17110.00 75.73
17120.00 75.73
17130.00 75.71
17140.00 75.69
17150.00 75.67
17160.00 75.66
17170.00 75.65
17180.00 75.62
17190.00 75.60
17200.00 75.60
17210.00 75.58
17220.00 75.55
17230.00 75.54
17240.00 75.53
17250.00 75.51
17260.00 75.49
17270.00 75.47
17280.00 75.46
17290.00 75.45
17300.00 75.42
17310.00 75.41
17320.00 75.39
17330.00 75.38
17340.00 75.36
17350.00 75.34
17360.00 75.32
17370.00 75.32
17380.00 75.29
17390.00 75.27
17400.00 75.26
17410.00 75.25
17420.00 75.23
17430.00 75.21
17440.00 75.18
17450.00 75.17
17460.00 75.16
17470.00 75.14
17480.00 75.12
17490.00 75.10
17500.00 75.09
17510.00 75.08
17520.00 75.05
17530.00 75.03
17540.00 75.03
17550.00 75.00
17560.00 74.99
17570.00 74.97
17580.00 74.96
17590.00 74.94
17600.00 74.92
17610.00 74.89
17620.00 74.88
17630.00 74.87
17640.00 74.85
17650.00 74.83
17660.00 74.81
17670.00 74.80
17680.00 74.78
17690.00 74.76
17700.00 74.75
17710.00 74.74
17720.00 74.71
17730.00 74.70
17740.00 74.67
17750.00 74.65
17760.00 74.65
17770.00 74.62
17780.00 74.60
17790.00 74.59
17800.00 74.58
17810.00 74.55
17820.00 74.54
17830.00 74.51
17840.00 74.51
17850.00 74.49
17860.00 74.46
17870.00 74.45
17880.00 74.44
17890.00 74.41
17900.00 74.40
17910.00 74.37
17920.00 74.35
17930.00 74.35
17940.00 74.32
17950.00 74.30
17960.00 74.29
17970.00 74.28
17980.00 74.25
17990.00 74.24
18000.00 74.21
18010.00 74.21
18020.00 74.19
18030.00 74.16
18040.00 74.15
18050.00 74.14
18060.00 74.11
18070.00 74.10
18080.00 74.07
18090.00 74.05
18100.00 74.05
18110.00 74.02
18120.00 74.00
18130.00 73.98
18140.00 73.97
18150.00 73.96
18160.00 73.93
18170.00 73.91
18180.00 73.91
18190.00 73.88
18200.00 73.86
18210.00 73.84
18220.00 73.83
18230.00 73.80
18240.00 73.79
18250.00 73.76
18260.00 73.74
18270.00 73.74
18280.00 73.71
18290.00 73.70
18300.00 73.67
18310.00 73.66
18320.00 73.65
18330.00 73.62
18340.00 73.60
18350.00 73.60
18360.00 73.57
18370.00 73.54
18380.00 73.53
18390.00 73.52
18400.00 73.49
18410.00 73.48
18420.00 73.45
18430.00 73.44
18440.00 73.43
18450.00 73.40
18460.00 73.39
18470.00 73.36
18480.00 73.35
18490.00 73.33
18500.00 73.31
18510.00 73.28
18520.00 73.28
18530.00 73.26
18540.00 73.23
18550.00 73.21
18560.00 73.19
18570.00 73.19
18580.00 73.16
18590.00 73.14
18600.00 73.12
18610.00 73.11
18620.00 73.08
18630.00 73.07
18640.00 73.04
18650.00 73.03
18660.00 73.02
18670.00 72.99
18680.00 72.96
18690.00 72.96
18700.00 72.94
18710.00 72.92
18720.00 72.89
18730.00 72.87
18740.00 72.87
18750.00 72.84
18760.00 72.81
18770.00 72.80
18780.00 72.79
18790.00 72.76
18800.00 72.75
18810.00 72.72
18820.00 72.71
18830.00 72.69
18840.00 72.67
18850.00 72.65
18860.00 72.64
18870.00 72.61
18880.00 72.60
18890.00 72.57
18900.00 72.54
18910.00 72.54
18920.00 72.52
18930.00 72.49
18940.00 72.47
18950.00 72.46
18960.00 72.43
18970.00 72.42
18980.00 72.39
18990.00 72.38
19000.00 72.37
19010.00 72.34
19020.00 72.32
19030.00 72.31
19040.00 72.28
19050.00 72.27
19060.00 72.24
19070.00 72.21
19080.00 72.21
19090.00 72.19
19100.00 72.16
19110.00 72.14
19120.00 72.13
19130.00 72.10
19140.00 72.09
19150.00 72.06
19160.00 72.06
19170.00 72.03
19180.00 72.01
19190.00 71.99
19200.00 71.96
19210.00 71.95
19220.00 71.93
19230.00 71.91
19240.00 71.88
19250.00 71.88
19260.00 71.85
19270.00 71.82
19280.00 71.81
19290.00 71.80
19300.00 71.78
19310.00 71.75
19320.00 71.72
19330.00 71.72
19340.00 71.70
19350.00 71.67
19360.00 71.65
19370.00 71.63
19380.00 71.61
19390.00 71.60
19400.00 71.57
19410.00 71.54
19420.00 71.54
19430.00 71.51
19440.00 71.50
19450.00 71.47
19460.00 71.46
19470.00 71.44
19480.00 71.41
19490.00 71.38
19500.00 71.38
19510.00 71.36
19520.00 71.33
19530.00 71.31
19540.00 71.28
19550.00 71.27
19560.00 71.25
19570.00 71.23
19580.00 71.21
19590.00 71.20
19600.00 71.17
19610.00 71.15
19620.00 71.12
19630.00 71.11
19640.00 71.10
19650.00 71.07
19660.00 71.04
19670.00 71.04
19680.00 71.01
19690.00 70.98
19700.00 70.97
19710.00 70.94
19720.00 70.94
19730.00 70.91
19740.00 70.88
19750.00 70.86
19760.00 70.85
19770.00 70.82
19780.00 70.81
19790.00 70.78
19800.00 70.76
19810.00 70.75
19820.00 70.72
19830.00 70.69
19840.00 70.69
19850.00 70.66
19860.00 70.64
19870.00 70.61
19880.00 70.59
19890.00 70.59
19900.00 70.56
19910.00 70.53
19920.00 70.51
19930.00 70.50
19940.00 70.47
19950.00 70.45
19960.00 70.42
19970.00 70.41
19980.00 70.39
19990.00 70.36
20000.00 70.35
20010.00 70.32
20020.00 70.31
20030.00 70.29
20040.00 70.26
20050.00 70.23
20060.00 70.23
20070.00 70.20
20080.00 70.17
20090.00 70.15
20100.00 70.14
20110.00 70.11
20120.00 70.10
20130.00 70.07
20140.00 70.05
20150.00 70.04
20160.00 70.01
20170.00 69.99
20180.00 69.96
20190.00 69.95
20200.00 69.93
20210.00 69.90
20220.00 69.87
20230.00 69.87
20240.00 69.84
20250.00 69.81
20260.00 69.79
20270.00 69.78
20280.00 69.75
20290.00 69.73
20300.00 69.70
20310.00 69.70
20320.00 69.67
20330.00 69.64
20340.00 69.63
20350.00 69.60
20360.00 69.58
20370.00 69.57
20380.00 69.54
20390.00 69.51
20400.00 69.51
20410.00 69.47
20420.00 69.44
20430.00 69.43
20440.00 69.41
20450.00 69.40
20460.00 69.37
20470.00 69.34
20480.00 69.34
20490.00 69.31
20500.00 69.28
20510.00 69.26
20520.00 69.23
20530.00 69.21
20540.00 69.20
20550.00 69.17
20560.00 69.14
20570.00 69.14
20580.00 69.11
20590.00 69.09
20600.00 69.06
20610.00 69.04
20620.00 69.03
20630.00 69.00
20640.00 68.96
20650.00 68.96
20660.00 68.93
20670.00 68.90
20680.00 68.89
20690.00 68.85
20700.00 68.84
20710.00 68.82
20720.00 68.79
20730.00 68.78
20740.00 68.76
20750.00 68.73
20760.00 68.71
20770.00 68.68
20780.00 68.67
20790.00 68.65
20800.00 68.62
20810.00 68.59
20820.00 68.57
20830.00 68.56
20840.00 68.53
20850.00 68.51
20860.00 68.48
20870.00 68.48
20880.00 68.45
20890.00 68.42
20900.00 68.40
20910.00 68.38
20920.00 68.35
20930.00 68.33
20940.00 68.30
20950.00 68.29
20960.00 68.27
20970.00 68.24
20980.00 68.21
20990.00 68.19
21000.00 68.18
21010.00 68.16
21020.00 68.13
21030.00 68.10
21040.00 68.10
21050.00 68.06
21060.00 68.03
21070.00 68.01
21080.00 68.00
21090.00 67.97
21100.00 67.95
21110.00 67.92
21120.00 67.91
21130.00 67.89
21140.00 67.86
21150.00 67.84
21160.00 67.81
21170.00 67.79
21180.00 67.77
21190.00 67.74
21200.00 67.71
21210.00 67.71
21220.00 67.68
21230.00 67.65
21240.00 67.63
21250.00 67.61
21260.00 67.58
21270.00 67.56
21280.00 67.53
21290.00 67.52
21300.00 67.50
21310.00 67.47
21320.00 67.45
21330.00 67.42
21340.00 67.40
21350.00 67.38
21360.00 67.35
21370.00 67.32
21380.00 67.32
21390.00 67.29
21400.00 67.25
21410.00 67.24
21420.00 67.22
21430.00 67.19
21440.00 67.17
21450.00 67.14
21460.00 67.14
21470.00 67.11
21480.00 67.07
21490.00 67.05
21500.00 67.02
21510.00 67.01
21520.00 66.99
21530.00 66.96
21540.00 66.92
21550.00 66.92
21560.00 66.89
21570.00 66.86
21580.00 66.84
21590.00 66.82
21600.00 66.81
21610.00 66.77
21620.00 66.74
21630.00 66.72
21640.00 66.71
21650.00 66.67
21660.00 66.66
21670.00 66.62
21680.00 66.61
21690.00 66.59
21700.00 66.56
21710.00 66.52
21720.00 66.52
21730.00 66.49
21740.00 66.47
21750.00 66.44
21760.00 66.42
21770.00 66.40
21780.00 66.37
21790.00 66.34
21800.00 66.32
21810.00 66.30
21820.00 66.27
21830.00 66.25
21840.00 66.22
21850.00 66.20
21860.00 66.19
21870.00 66.15
21880.00 66.13
21890.00 66.12
21900.00 66.09
21910.00 66.07
21920.00 66.03
21930.00 66.02
21940.00 66.00
21950.00 65.97
21960.00 65.93
21970.00 65.91
21980.00 65.90
21990.00 65.86
22000.00 65.84
22010.00 65.81
22020.00 65.81
22030.00 65.78
22040.00 65.74
22050.00 65.72
22060.00 65.71
22070.00 65.68
22080.00 65.66
22090.00 65.62
22100.00 65.61
22110.00 65.59
22120.00 65.55
22130.00 65.52
22140.00 65.50
22150.00 65.49
22160.00 65.47
22170.00 65.43
22180.00 65.40
22190.00 65.40
22200.00 65.36
22210.00 65.33
22220.00 65.31
22230.00 65.30
22240.00 65.26
22250.00 65.24
22260.00 65.21
22270.00 65.19
22280.00 65.17
22290.00 65.14
22300.00 65.10
22310.00 65.09
22320.00 65.07
22330.00 65.05
22340.00 65.02
22350.00 64.98
22360.00 64.98
22370.00 64.95
22380.00 64.91
22390.00 64.89
22400.00 64.88
22410.00 64.84
22420.00 64.82
22430.00 64.79
22440.00 64.75
22450.00 64.75
22460.00 64.72
22470.00 64.70
22480.00 64.66
22490.00 64.65
22500.00 64.63
22510.00 64.59
22520.00 64.56
22530.00 64.56
22540.00 64.52
22550.00 64.49
22560.00 64.47
22570.00 64.45
22580.00 64.42
22590.00 64.40
22600.00 64.36
22610.00 64.35
22620.00 64.33
22630.00 64.29
22640.00 64.27
22650.00 64.24
22660.00 64.22
22670.00 64.20
22680.00 64.17
22690.00 64.13
22700.00 64.13
22710.00 64.10
22720.00 64.06
22730.00 64.04
22740.00 64.03
22750.00 64.01
22760.00 63.97
22770.00 63.94
22780.00 63.92
22790.00 63.90
22800.00 63.87
22810.00 63.85
22820.00 63.81
22830.00 63.79
22840.00 63.77
22850.00 63.74
22860.00 63.70
22870.00 63.70
22880.00 63.67
22890.00 63.65
22900.00 63.61
22910.00 63.60
22920.00 63.58
22930.00 63.54
22940.00 63.50
22950.00 63.48
22960.00 63.47
22970.00 63.43
22980.00 63.41
22990.00 63.38
23000.00 63.36
23010.00 63.34
23020.00 63.30
23030.00 63.28
23040.00 63.27
23050.00 63.23
23060.00 63.21
23070.00 63.18
23080.00 63.16
23090.00 63.14
23100.00 63.10
23110.00 63.07
23120.00 63.05
23130.00 63.03
23140.00 62.99
23150.00 62.97
23160.00 62.94
23170.00 62.94
23180.00 62.90
23190.00 62.86
23200.00 62.84
23210.00 62.83
23220.00 62.79
23230.00 62.77
23240.00 62.73
23250.00 62.70
23260.00 62.70
23270.00 62.66
23280.00 62.62
23290.00 62.60
23300.00 62.59
23310.00 62.57
23320.00 62.53
23330.00 62.49
23340.00 62.49
23350.00 62.46
23360.00 62.42
23370.00 62.40
23380.00 62.38
23390.00 62.35
23400.00 62.33
23410.00 62.29
23420.00 62.25
23430.00 62.25
23440.00 62.22
23450.00 62.18
23460.00 62.16
23470.00 62.14
23480.00 62.12
23490.00 62.08
23500.00 62.05
23510.00 62.05
23520.00 62.01
23530.00 61.97
23540.00 61.95
23550.00 61.93
23560.00 61.90
23570.00 61.88
23580.00 61.84
23590.00 61.80
23600.00 61.80
23610.00 61.76
23620.00 61.74
23630.00 61.71
23640.00 61.69
23650.00 61.67
23660.00 61.63
23670.00 61.59
23680.00 61.59
23690.00 61.56
23700.00 61.52
23710.00 61.50
23720.00 61.48
23730.00 61.44
23740.00 61.42
23750.00 61.38
23760.00 61.36
23770.00 61.35
23780.00 61.31
23790.00 61.29
23800.00 61.25
23810.00 61.23
23820.00 61.21
23830.00 61.17
23840.00 61.14
23850.00 61.14
23860.00 61.10
23870.00 61.06
23880.00 61.04
23890.00 61.02
23900.00 61.00
23910.00 60.96
23920.00 60.93
23930.00 60.90
23940.00 60.89
23950.00 60.85
23960.00 60.83
23970.00 60.79
23980.00 60.77
23990.00 60.75
24000.00 60.71
24010.00 60.68
24020.00 60.68
24030.00 60.64
24040.00 60.62
24050.00 60.58
24060.00 60.54
24070.00 60.54
24080.00 60.50
24090.00 60.46
24100.00 60.44
24110.00 60.42
24120.00 60.39
24130.00 60.36
24140.00 60.33
24150.00 60.31
24160.00 60.29
24170.00 60.25
24180.00 60.23
24190.00 60.21
24200.00 60.17
24210.00 60.15
24220.00 60.11
24230.00 60.07
24240.00 60.07
24250.00 60.03
24260.00 59.99
24270.00 59.97
24280.00 59.96
24290.00 59.92
24300.00 59.89
24310.00 59.86
24320.00 59.86
24330.00 59.82
24340.00 59.78
24350.00 59.76
24360.00 59.74
24370.00 59.70
24380.00 59.68
24390.00 59.64
24400.00 59.60
24410.00 59.60
24420.00 59.56
24430.00 59.52
24440.00 59.50
24450.00 59.48
24460.00 59.46
24470.00 59.42
24480.00 59.38
24490.00 59.38
24500.00 59.34
24510.00 59.30
24520.00 59.28
24530.00 59.26
24540.00 59.22
24550.00 59.20
24560.00 59.16
24570.00 59.12
24580.00 59.12
24590.00 59.08
24600.00 59.04
24610.00 59.02
24620.00 59.00
24630.00 58.98
24640.00 58.94
24650.00 58.90
24660.00 58.90
24670.00 58.86
24680.00 58.82
24690.00 58.80
24700.00 58.78
24710.00 58.74
24720.00 58.72
24730.00 58.68
24740.00 58.64
24750.00 58.64
24760.00 58.60
24770.00 58.58
24780.00 58.54
24790.00 58.52
24800.00 58.50
24810.00 58.46
24820.00 58.42
24830.00 58.42
24840.00 58.38
24850.00 58.34
24860.00 58.32
24870.00 58.28
24880.00 58.26
24890.00 58.24
24900.00 58.20
24910.00 58.17
24920.00 58.16
24930.00 58.12
24940.00 58.09
24950.00 58.05
24960.00 58.04
24970.00 58.01
24980.00 57.97
24990.00 57.93
25000.00 57.93
25010.00 57.89
25020.00 57.85
25030.00 57.83
25040.00 57.79
25050.00 57.79
25060.00 57.75
25070.00 57.71
25080.00 57.68
25090.00 57.67
25100.00 57.63
25110.00 57.60
25120.00 57.56
25130.00 57.54
25140.00 57.52
25150.00 57.48
25160.00 57.44
25170.00 57.44
25180.00 57.40
25190.00 57.38
25200.00 57.34
25210.00 57.29
25220.00 57.29
25230.00 57.25
25240.00 57.21
25250.00 57.19
25260.00 57.17
25270.00 57.13
25280.00 57.11
25290.00 57.07
25300.00 57.05
25310.00 57.03
25320.00 56.98
25330.00 56.96
25340.00 56.94
25350.00 56.90
25360.00 56.88
25370.00 56.84
25380.00 56.80
25390.00 56.80
25400.00 56.76
25410.00 56.71
25420.00 56.69
25430.00 56.67
25440.00 56.63
25450.00 56.61
25460.00 56.57
25470.00 56.57
25480.00 56.53
25490.00 56.48
25500.00 56.46
25510.00 56.44
25520.00 56.40
25530.00 56.38
25540.00 56.34
25550.00 56.29
25560.00 56.29
25570.00 56.25
25580.00 56.21
25590.00 56.19
25600.00 56.17
25610.00 56.13
25620.00 56.10
25630.00 56.06
25640.00 56.06
25650.00 56.02
25660.00 55.98
25670.00 55.95
25680.00 55.91
25690.00 55.89
25700.00 55.87
25710.00 55.83
25720.00 55.79
25730.00 55.79
25740.00 55.74
25750.00 55.70
25760.00 55.68
25770.00 55.66
25780.00 55.64
25790.00 55.59
25800.00 55.55
25810.00 55.55
25820.00 55.51
25830.00 55.47
25840.00 55.44
25850.00 55.40
25860.00 55.38
25870.00 55.36
25880.00 55.32
25890.00 55.28
25900.00 55.28
25910.00 55.23
25920.00 55.21
25930.00 55.17
25940.00 55.15
25950.00 55.12
25960.00 55.08
25970.00 55.04
25980.00 55.04
25990.00 55.00
26000.00 54.95
26010.00 54.93
26020.00 54.89
26030.00 54.87
26040.00 54.84
26050.00 54.80
26060.00 54.78
26070.00 54.76
26080.00 54.72
26090.00 54.69
26100.00 54.65
26110.00 54.63
26120.00 54.61
26130.00 54.56
26140.00 54.52
26150.00 54.52
26160.00 54.48
26170.00 54.43
26180.00 54.41
26190.00 54.37
26200.00 54.37
26210.00 54.32
26220.00 54.28
26230.00 54.26
26240.00 54.24
26250.00 54.19
26260.00 54.17
26270.00 54.13
26280.00 54.11
26290.00 54.08
26300.00 54.04
26310.00 54.00
26320.00 54.00
26330.00 53.95
26340.00 53.93
26350.00 53.89
26360.00 53.84
26370.00 53.84
26380.00 53.80
26390.00 53.76
26400.00 53.73
26410.00 53.71
26420.00 53.67
26430.00 53.64
26440.00 53.60
26450.00 53.58
26460.00 53.56
26470.00 53.51
26480.00 53.49
26490.00 53.45
26500.00 53.43
26510.00 53.40
26520.00 53.36
26530.00 53.31
26540.00 53.31
26550.00 53.27
26560.00 53.23
26570.00 53.20
26580.00 53.18
26590.00 53.14
26600.00 53.11
26610.00 53.07
26620.00 53.07
26630.00 53.03
26640.00 52.98
26650.00 52.96
26660.00 52.91
26670.00 52.89
26680.00 52.87
26690.00 52.83
26700.00 52.78
26710.00 52.78
26720.00 52.74
26730.00 52.69
26740.00 52.67
26750.00 52.65
26760.00 52.60
26770.00 52.58
26780.00 52.53
26790.00 52.53
26800.00 52.49
26810.00 52.45
26820.00 52.42
26830.00 52.38
26840.00 52.36
26850.00 52.33
26860.00 52.29
26870.00 52.24
26880.00 52.24
26890.00 52.20
26900.00 52.15
26910.00 52.13
26920.00 52.11
26930.00 52.08
26940.00 52.04
26950.00 51.99
26960.00 51.99
26970.00 51.95
26980.00 51.91
26990.00 51.88
27000.00 51.84
27010.00 51.82
27020.00 51.79
27030.00 51.75
27040.00 51.70
27050.00 51.70
27060.00 51.66
27070.00 51.63
27080.00 51.59
27090.00 51.57
27100.00 51.54
27110.00 51.50
27120.00 51.45
27130.00 51.45
27140.00 51.40
27150.00 51.36
27160.00 51.33
27170.00 51.29
27180.00 51.27
27190.00 51.24
27200.00 51.20
27210.00 51.17
27220.00 51.15
27230.00 51.11
27240.00 51.08
27250.00 51.04
27260.00 51.02
27270.00 50.99
27280.00 50.95
27290.00 50.90
27300.00 50.88
27310.00 50.86
27320.00 50.81
27330.00 50.78
27340.00 50.74
27350.00 50.74
27360.00 50.69
27370.00 50.65
27380.00 50.62
27390.00 50.60
27400.00 50.56
27410.00 50.53
27420.00 50.48
27430.00 50.46
27440.00 50.44
27450.00 50.39
27460.00 50.35
27470.00 50.32
27480.00 50.30
27490.00 50.28
27500.00 50.23
27510.00 50.18
27520.00 50.18
27530.00 50.14
27540.00 50.09
27550.00 50.07
27560.00 50.05
27570.00 50.00
27580.00 49.97
27590.00 49.93
27600.00 49.91
27610.00 49.88
27620.00 49.84
27630.00 49.81
27640.00 49.76
27650.00 49.74
27660.00 49.72
27670.00 49.67
27680.00 49.62
27690.00 49.62
27700.00 49.58
27710.00 49.53
27720.00 49.51
27730.00 49.49
27740.00 49.44
27750.00 49.41
27760.00 49.37
27770.00 49.35
27780.00 49.32
27790.00 49.27
27800.00 49.25
27810.00 49.20
27820.00 49.18
27830.00 49.15
27840.00 49.11
27850.00 49.06
27860.00 49.06
27870.00 49.01
27880.00 48.97
27890.00 48.94
27900.00 48.92
27910.00 48.87
27920.00 48.85
27930.00 48.80
27940.00 48.80
27950.00 48.75
27960.00 48.71
27970.00 48.68
27980.00 48.63
27990.00 48.61
28000.00 48.59
28010.00 48.54
28020.00 48.49
28030.00 48.49
28040.00 48.44
28050.00 48.40
28060.00 48.37
28070.00 48.35
28080.00 48.32
28090.00 48.28
28100.00 48.23
28110.00 48.20
28120.00 48.18
28130.00 48.13
28140.00 48.11
28150.00 48.06
28160.00 48.04
28170.00 48.01
28180.00 47.97
28190.00 47.92
28200.00 47.92
28210.00 47.87
28220.00 47.84
28230.00 47.80
28240.00 47.78
28250.00 47.75
28260.00 47.70
28270.00 47.65
28280.00 47.63
28290.00 47.61
28300.00 47.56
28310.00 47.53
28320.00 47.48
28330.00 47.46
28340.00 47.44
28350.00 47.39
28360.00 47.36
28370.00 47.34
28380.00 47.29
28390.00 47.27
28400.00 47.22
28410.00 47.20
28420.00 47.17
28430.00 47.12
28440.00 47.07
28450.00 47.05
28460.00 47.03
28470.00 46.98
28480.00 46.95
28490.00 46.90
28500.00 46.90
28510.00 46.85
28520.00 46.81
28530.00 46.78
28540.00 46.76
28550.00 46.71
28560.00 46.68
28570.00 46.63
28580.00 46.61
28590.00 46.59
28600.00 46.54
28610.00 46.49
28620.00 46.46
28630.00 46.44
28640.00 46.41
28650.00 46.37
28660.00 46.32
28670.00 46.32
28680.00 46.27
28690.00 46.22
28700.00 46.19
28710.00 46.17
28720.00 46.12
28730.00 46.10
28740.00 46.05
28750.00 46.03
28760.00 46.00
28770.00 45.95
28780.00 45.92
28790.00 45.87
28800.00 45.85
28810.00 45.82
28820.00 45.78
28830.00 45.73
28840.00 45.73
28850.00 45.68
28860.00 45.63
28870.00 45.60
28880.00 45.58
28890.00 45.53
28900.00 45.50
28910.00 45.45
28920.00 45.41
28930.00 45.41
28940.00 45.36
28950.00 45.33
28960.00 45.28
28970.00 45.26
28980.00 45.23
28990.00 45.18
29000.00 45.13
29010.00 45.13
29020.00 45.08
29030.00 45.03
29040.00 45.01
29050.00 44.98
29060.00 44.93
29070.00 44.91
29080.00 44.86
29090.00 44.83
29100.00 44.81
29110.00 44.76
29120.00 44.73
29130.00 44.68
29140.00 44.66
29150.00 44.63
29160.00 44.58
29170.00 44.53
29180.00 44.53
29190.00 44.48
29200.00 44.43
29210.00 44.41
29220.00 44.38
29230.00 44.36
29240.00 44.31
29250.00 44.26
29260.00 44.23
29270.00 44.21
29280.00 44.16
29290.00 44.13
29300.00 44.08
29310.00 44.06
29320.00 44.03
29330.00 43.98
29340.00 43.93
29350.00 43.93
29360.00 43.88
29370.00 43.85
29380.00 43.80
29390.00 43.78
29400.00 43.75
29410.00 43.70
29420.00 43.65
29430.00 43.62
29440.00 43.60
29450.00 43.55
29460.00 43.52
29470.00 43.47
29480.00 43.45
29490.00 43.42
29500.00 43.37
29510.00 43.34
29520.00 43.32
29530.00 43.27
29540.00 43.24
29550.00 43.19
29560.00 43.17
29570.00 43.14
29580.00 43.09
29590.00 43.04
29600.00 43.01
29610.00 42.99
29620.00 42.94
29630.00 42.91
29640.00 42.86
29650.00 42.86
29660.00 42.81
29670.00 42.76
29680.00 42.73
29690.00 42.71
29700.00 42.66
29710.00 42.63
29720.00 42.58
29730.00 42.53
29740.00 42.53
29750.00 42.48
29760.00 42.42
29770.00 42.40
29780.00 42.37
29790.00 42.35
29800.00 42.29
29810.00 42.24
29820.00 42.24
29830.00 42.19
29840.00 42.14
29850.00 42.11
29860.00 42.09
29870.00 42.04
29880.00 42.01
29890.00 41.96
29900.00 41.91
29910.00 41.91
29920.00 41.86
29930.00 41.83
29940.00 41.78
29950.00 41.75
29960.00 41.72
29970.00 41.67
29980.00 41.62
29990.00 41.62
30000.00 41.57
30010.00 41.52
30020.00 41.49
30030.00 41.47
30040.00 41.42
30050.00 41.39
30060.00 41.34
30070.00 41.28
30080.00 41.28
30090.00 41.23
30100.00 41.20
30110.00 41.15
30120.00 41.13
30130.00 41.10
30140.00 41.05
30150.00 41.00
30160.00 41.00
30170.00 40.94
30180.00 40.89
30190.00 40.86
30200.00 40.84
30210.00 40.79
30220.00 40.76
30230.00 40.71
30240.00 40.68
30250.00 40.66
30260.00 40.60
30270.00 40.57
30280.00 40.52
30290.00 40.50
30300.00 40.47
30310.00 40.42
30320.00 40.37
30330.00 40.37
30340.00 40.31
30350.00 40.26
30360.00 40.23
30370.00 40.21
30380.00 40.18
30390.00 40.13
30400.00 40.08
30410.00 40.05
30420.00 40.02
30430.00 39.97
30440.00 39.94
30450.00 39.89
30460.00 39.87
30470.00 39.84
30480.00 39.78
30490.00 39.73
30500.00 39.73
30510.00 39.68
30520.00 39.65
30530.00 39.60
30540.00 39.54
30550.00 39.54
30560.00 39.49
30570.00 39.44
30580.00 39.41
30590.00 39.39
30600.00 39.33
30610.00 39.30
30620.00 39.25
30630.00 39.23
30640.00 39.20
30650.00 39.15
30660.00 39.12
30670.00 39.09
30680.00 39.04
30690.00 39.01
30700.00 38.96
30710.00 38.90
30720.00 38.90
30730.00 38.85
30740.00 38.80
30750.00 38.77
30760.00 38.74
30770.00 38.69
30780.00 38.66
30790.00 38.61
30800.00 38.61
30810.00 38.56
30820.00 38.50
30830.00 38.47
30840.00 38.45
30850.00 38.40
30860.00 38.37
30870.00 38.31
30880.00 38.26
30890.00 38.26
30900.00 38.21
30910.00 38.15
30920.00 38.12
30930.00 38.10
30940.00 38.07
30950.00 38.01
30960.00 37.96
30970.00 37.96
30980.00 37.91
30990.00 37.85
31000.00 37.82
31010.00 37.80
31020.00 37.75
31030.00 37.72
31040.00 37.66
31050.00 37.61
31060.00 37.61
31070.00 37.56
31080.00 37.50
31090.00 37.47
31100.00 37.45
31110.00 37.42
31120.00 37.36
31130.00 37.31
31140.00 37.31
31150.00 37.26
31160.00 37.20
31170.00 37.17
31180.00 37.15
31190.00 37.09
31200.00 37.06
31210.00 37.01
31220.00 36.95
31230.00 36.95
31240.00 36.90
31250.00 36.87
31260.00 36.82
31270.00 36.79
31280.00 36.76
31290.00 36.71
31300.00 36.65
31310.00 36.65
31320.00 36.60
31330.00 36.54
31340.00 36.51
31350.00 36.46
31360.00 36.44
31370.00 36.41
31380.00 36.35
31390.00 36.32
31400.00 36.30
31410.00 36.24
31420.00 36.21
31430.00 36.16
31440.00 36.13
31450.00 36.10
31460.00 36.05
31470.00 35.99
31480.00 35.99
31490.00 35.94
31500.00 35.88
31510.00 35.85
31520.00 35.80
31530.00 35.80
31540.00 35.74
31550.00 35.69
31560.00 35.66
31570.00 35.63
31580.00 35.58
31590.00 35.55
31600.00 35.49
31610.00 35.47
31620.00 35.44
31630.00 35.38
31640.00 35.33
31650.00 35.33
31660.00 35.27
31670.00 35.24
31680.00 35.19
31690.00 35.13
31700.00 35.13
31710.00 35.08
31720.00 35.02
31730.00 34.99
31740.00 34.96
31750.00 34.91
31760.00 34.88
31770.00 34.82
31780.00 34.80
31790.00 34.77
31800.00 34.71
31810.00 34.68
31820.00 34.66
31830.00 34.60
31840.00 34.57
31850.00 34.52
31860.00 34.46
31870.00 34.46
31880.00 34.40
31890.00 34.35
31900.00 34.32
31910.00 34.29
31920.00 34.24
31930.00 34.21
31940.00 34.15
31950.00 34.15
31960.00 34.09
31970.00 34.04
31980.00 34.01
31990.00 33.98
32000.00 33.93
32010.00 33.90
32020.00 33.84
32030.00 33.78
32040.00 33.78
32050.00 33.73
32060.00 33.67
32070.00 33.64
32080.00 33.62
32090.00 33.58
32100.00 33.53
32110.00 33.47
32120.00 33.47
32130.00 33.42
32140.00 33.36
32150.00 33.33
32160.00 33.27
32170.00 33.25
32180.00 33.22
32190.00 33.16
32200.00 33.10
32210.00 33.10
32220.00 33.05
32230.00 32.99
32240.00 32.96
32250.00 32.93
32260.00 32.90
32270.00 32.85
32280.00 32.79
32290.00 32.79
32300.00 32.73
32310.00 32.68
32320.00 32.65
32330.00 32.59
32340.00 32.56
32350.00 32.53
32360.00 32.48
32370.00 32.42
32380.00 32.42
32390.00 32.36
32400.00 32.33
32410.00 32.27
32420.00 32.25
32430.00 32.22
32440.00 32.16
32450.00 32.10
32460.00 32.10
32470.00 32.05
32480.00 31.99
32490.00 31.96
32500.00 31.90
32510.00 31.87
32520.00 31.84
32530.00 31.79
32540.00 31.75
32550.00 31.73
32560.00 31.67
32570.00 31.64
32580.00 31.58
32590.00 31.56
32600.00 31.53
32610.00 31.47
32620.00 31.41
32630.00 31.41
32640.00 31.35
32650.00 31.30
32660.00 31.26
32670.00 31.21
32680.00 31.21
32690.00 31.15
32700.00 31.09
32710.00 31.06
32720.00 31.03
32730.00 30.98
32740.00 30.95
32750.00 30.89
32760.00 30.86
32770.00 30.83
32780.00 30.77
32790.00 30.71
32800.00 30.68
32810.00 30.66
32820.00 30.63
32830.00 30.57
32840.00 30.51
32850.00 30.51
32860.00 30.45
32870.00 30.39
32880.00 30.36
32890.00 30.34
32900.00 30.28
32910.00 30.25
32920.00 30.19
32930.00 30.16
32940.00 30.13
32950.00 30.07
32960.00 30.04
32970.00 29.98
32980.00 29.96
32990.00 29.92
33000.00 29.87
33010.00 29.81
33020.00 29.81
33030.00 29.75
33040.00 29.69
33050.00 29.66
33060.00 29.63
33070.00 29.57
33080.00 29.54
33090.00 29.48
33100.00 29.48
33110.00 29.43
33120.00 29.37
33130.00 29.33
33140.00 29.28
33150.00 29.25
33160.00 29.22
33170.00 29.16
33180.00 29.10
33190.00 29.10
33200.00 29.04
33210.00 28.98
33220.00 28.95
33230.00 28.93
33240.00 28.89
33250.00 28.83
33260.00 28.78
33270.00 28.78
33280.00 28.72
33290.00 28.66
33300.00 28.63
33310.00 28.57
33320.00 28.54
33330.00 28.51
33340.00 28.45
33350.00 28.39
33360.00 28.39
33370.00 28.33
33380.00 28.27
33390.00 28.24
33400.00 28.21
33410.00 28.18
33420.00 28.12
33430.00 28.06
33440.00 28.06
33450.00 28.00
33460.00 27.94
33470.00 27.91
33480.00 27.85
33490.00 27.83
33500.00 27.79
33510.00 27.73
33520.00 27.67
33530.00 27.67
33540.00 27.61
33550.00 27.58
33560.00 27.52
33570.00 27.50
33580.00 27.46
33590.00 27.40
33600.00 27.34
33610.00 27.31
33620.00 27.28
33630.00 27.23
33640.00 27.19
33650.00 27.13
33660.00 27.11
33670.00 27.07
33680.00 27.01
33690.00 26.98
33700.00 26.95
33710.00 26.89
33720.00 26.86
33730.00 26.80
33740.00 26.77
33750.00 26.74
33760.00 26.68
33770.00 26.62
33780.00 26.59
33790.00 26.56
33800.00 26.50
33810.00 26.47
33820.00 26.41
33830.00 26.41
33840.00 26.35
33850.00 26.29
33860.00 26.26
33870.00 26.23
33880.00 26.17
33890.00 26.14
33900.00 26.08
33910.00 26.05
33920.00 26.02
33930.00 25.96
33940.00 25.90
33950.00 25.86
33960.00 25.84
33970.00 25.80
33980.00 25.74
33990.00 25.68
34000.00 25.68
34010.00 25.62
34020.00 25.56
34030.00 25.53
34040.00 25.50
34050.00 25.44
34060.00 25.41
34070.00 25.35
34080.00 25.32
34090.00 25.28
34100.00 25.22
34110.00 25.19
34120.00 25.13
34130.00 25.10
34140.00 25.07
34150.00 25.01
34160.00 24.95
34170.00 24.95
34180.00 24.89
34190.00 24.83
34200.00 24.79
34210.00 24.77
34220.00 24.71
34230.00 24.67
34240.00 24.61
34250.00 24.61
34260.00 24.55
34270.00 24.49
34280.00 24.46
34290.00 24.39
34300.00 24.37
34310.00 24.33
34320.00 24.27
34330.00 24.21
34340.00 24.21
34350.00 24.15
34360.00 24.09
34370.00 24.05
34380.00 24.03
34390.00 23.97
34400.00 23.93
34410.00 23.87
34420.00 23.84
34430.00 23.81
34440.00 23.75
34450.00 23.71
34460.00 23.65
34470.00 23.63
34480.00 23.59
34490.00 23.53
34500.00 23.47
34510.00 23.47
34520.00 23.41
34530.00 23.35
34540.00 23.31
34550.00 23.28
34560.00 23.25
34570.00 23.19
34580.00 23.13
34590.00 23.09
34600.00 23.07
34610.00 23.00
34620.00 22.97
34630.00 22.91
34640.00 22.88
34650.00 22.85
34660.00 22.78
34670.00 22.72
34680.00 22.72
34690.00 22.66
34700.00 22.63
34710.00 22.56
34720.00 22.54
34730.00 22.50
34740.00 22.44
34750.00 22.38
34760.00 22.34
34770.00 22.32
34780.00 22.25
34790.00 22.22
34800.00 22.16
34810.00 22.13
34820.00 22.10
34830.00 22.03
34840.00 22.00
34850.00 21.97
34860.00 21.91
34870.00 21.88
34880.00 21.81
34890.00 21.78
34900.00 21.75
34910.00 21.69
34920.00 21.63
34930.00 21.59
34940.00 21.56
34950.00 21.50
34960.00 21.47
34970.00 21.40
34980.00 21.40
34990.00 21.34
35000.00 21.28
35010.00 21.24
35020.00 21.22
35030.00 21.15
35040.00 21.12
35050.00 21.06
35060.00 21.03
35070.00 20.99
35080.00 20.93
35090.00 20.87
35100.00 20.83
35110.00 20.81
35120.00 20.77
35130.00 20.71
35140.00 20.64
35150.00 20.64
35160.00 20.58
35170.00 20.52
35180.00 20.48
35190.00 20.46
35200.00 20.39
35210.00 20.36
35220.00 20.30
35230.00 20.23
35240.00 20.23
35250.00 20.17
35260.00 20.13
35270.00 20.07
35280.00 20.04
35290.00 20.01
35300.00 19.94
35310.00 19.88
35320.00 19.88
35330.00 19.82
35340.00 19.75
35350.00 19.72
35360.00 19.69
35370.00 19.63
35380.00 19.59
35390.00 19.53
35400.00 19.49
35410.00 19.47
35420.00 19.40
35430.00 19.37
35440.00 19.30
35450.00 19.28
35460.00 19.24
35470.00 19.18
35480.00 19.11
35490.00 19.11
35500.00 19.05
35510.00 18.99
35520.00 18.95
35530.00 18.92
35540.00 18.86
35550.00 18.82
35560.00 18.76
35570.00 18.72
35580.00 18.70
35590.00 18.63
35600.00 18.60
35610.00 18.53
35620.00 18.50
35630.00 18.47
35640.00 18.40
35650.00 18.34
35660.00 18.34
35670.00 18.28
35680.00 18.21
35690.00 18.18
35700.00 18.15
35710.00 18.11
35720.00 18.05
35730.00 17.98
35740.00 17.95
35750.00 17.92
35760.00 17.86
35770.00 17.82
35780.00 17.76
35790.00 17.73
35800.00 17.69
35810.00 17.63
35820.00 17.56
35830.00 17.56
35840.00 17.50
35850.00 17.46
35860.00 17.40
35870.00 17.37
35880.00 17.33
35890.00 17.27
35900.00 17.21
35910.00 17.17
35920.00 17.14
35930.00 17.08
35940.00 17.04
35950.00 16.98
35960.00 16.95
35970.00 16.91
35980.00 16.85
35990.00 16.81
36000.00 16.78
36010.00 16.72
36020.00 16.68
36030.00 16.62
36040.00 16.55
36050.00 16.55
36060.00 16.49
36070.00 16.42
36080.00 16.39
36090.00 16.36
36100.00 16.29
36110.00 16.26
36120.00 16.19
36130.00 16.19
36140.00 16.13
36150.00 16.06
36160.00 16.02
36170.00 16.00
36180.00 15.93
36190.00 15.89
36200.00 15.83
36210.00 15.76
36220.00 15.76
36230.00 15.70
36240.00 15.63
36250.00 15.60
36260.00 15.57
36270.00 15.53
36280.00 15.47
36290.00 15.40
36300.00 15.40
36310.00 15.34
36320.00 15.27
36330.00 15.23
36340.00 15.20
36350.00 15.14
36360.00 15.10
36370.00 15.04
36380.00 14.97
36390.00 14.97
36400.00 14.91
36410.00 14.87
36420.00 14.80
36430.00 14.77
36440.00 14.74
36450.00 14.67
36460.00 14.61
36470.00 14.61
36480.00 14.54
36490.00 14.48
36500.00 14.44
36510.00 14.41
36520.00 14.34
36530.00 14.31
36540.00 14.24
36550.00 14.20
36560.00 14.18
36570.00 14.11
36580.00 14.07
36590.00 14.01
36600.00 13.98
36610.00 13.94
36620.00 13.87
36630.00 13.81
36640.00 13.81
36650.00 13.74
36660.00 13.68
36670.00 13.64
36680.00 13.61
36690.00 13.54
36700.00 13.51
36710.00 13.44
36720.00 13.40
36730.00 13.37
36740.00 13.31
36750.00 13.27
36760.00 13.20
36770.00 13.17
36780.00 13.14
36790.00 13.07
36800.00 13.00
36810.00 13.00
36820.00 12.94
36830.00 12.87
36840.00 12.83
36850.00 12.77
36860.00 12.77
36870.00 12.70
36880.00 12.63
36890.00 12.60
36900.00 12.57
36910.00 12.50
36920.00 12.46
36930.00 12.40
36940.00 12.37
36950.00 12.33
36960.00 12.26
36970.00 12.20
36980.00 12.20
36990.00 12.13
37000.00 12.09
37010.00 12.03
37020.00 11.96
37030.00 11.96
37040.00 11.89
37050.00 11.83
37060.00 11.79
37070.00 11.76
37080.00 11.69
37090.00 11.65
37100.00 11.59
37110.00 11.56
37120.00 11.52
37130.00 11.45
37140.00 11.41
37150.00 11.38
37160.00 11.32
37170.00 11.28
37180.00 11.21
37190.00 11.15
37200.00 11.15
37210.00 11.08
37220.00 11.01
37230.00 10.97
37240.00 10.94
37250.00 10.88
37260.00 10.84
37270.00 10.77
37280.00 10.77
37290.00 10.70
37300.00 10.64
37310.00 10.60
37320.00 10.57
37330.00 10.50
37340.00 10.46
37350.00 10.39
37360.00 10.33
37370.00 10.33
37380.00 10.26
37390.00 10.19
37400.00 10.15
37410.00 10.12
37420.00 10.09
37430.00 10.02
37440.00 9.95
37450.00 9.95
37460.00 9.88
37470.00 9.81
37480.00 9.78
37490.00 9.75
37500.00 9.68
37510.00 9.64
37520.00 9.57
37530.00 9.50
37540.00 9.50
37550.00 9.44
37560.00 9.40
37570.00 9.33
37580.00 9.30
37590.00 9.26
37600.00 9.19
37610.00 9.13
37620.00 9.13
37630.00 9.06
37640.00 8.99
37650.00 8.95
37660.00 8.88
37670.00 8.85
37680.00 8.81
37690.00 8.75
37700.00 8.68
37710.00 8.68
37720.00 8.61
37730.00 8.57
37740.00 8.50
37750.00 8.47
37760.00 8.43
37770.00 8.36
37780.00 8.30
37790.00 8.30
37800.00 8.23
37810.00 8.16
37820.00 8.12
37830.00 8.05
37840.00 8.02
37850.00 7.98
37860.00 7.91
37870.00 7.88
37880.00 7.84
37890.00 7.78
37900.00 7.74
37910.00 7.67
37920.00 7.64
37930.00 7.60
37940.00 7.53
37950.00 7.46
37960.00 7.46
37970.00 7.39
37980.00 7.32
37990.00 7.29
38000.00 7.22
38010.00 7.22
38020.00 7.15
38030.00 7.08
38040.00 7.04
38050.00 7.01
38060.00 6.94
38070.00 6.90
38080.00 6.83
38090.00 6.80
38100.00 6.76
38110.00 6.69
38120.00 6.62
38130.00 6.62
38140.00 6.55
38150.00 6.52
38160.00 6.45
38170.00 6.38
38180.00 6.38
38190.00 6.31
38200.00 6.24
38210.00 6.20
38220.00 6.17
38230.00 6.10
38240.00 6.06
38250.00 5.99
38260.00 5.96
38270.00 5.92
38280.00 5.85
38290.00 5.81
38300.00 5.78
38310.00 5.71
38320.00 5.67
38330.00 5.60
38340.00 5.53
38350.00 5.53
38360.00 5.46
38370.00 5.39
38380.00 5.35
38390.00 5.32
38400.00 5.25
38410.00 5.21
38420.00 5.14
38430.00 5.14
38440.00 5.07
38450.00 5.00
38460.00 4.96
38470.00 4.89
38480.00 4.86
38490.00 4.82
38500.00 4.75
38510.00 4.68
38520.00 4.68
38530.00 4.61
38540.00 4.54
38550.00 4.50
38560.00 4.47
38570.00 4.43
38580.00 4.36
38590.00 4.29
38600.00 4.29
38610.00 4.22
38620.00 4.15
38630.00 4.11
38640.00 4.04
38650.00 4.01
38660.00 3.97
38670.00 3.90
38680.00 3.83
38690.00 3.83
38700.00 3.76
38710.00 3.72
38720.00 3.65
38730.00 3.62
38740.00 3.58
38750.00 3.51
38760.00 3.44
38770.00 3.44
38780.00 3.37
38790.00 3.29
38800.00 3.25
38810.00 3.18
38820.00 3.15
38830.00 3.11
38840.00 3.04
38850.00 2.97
38860.00 2.97
38870.00 2.90
38880.00 2.86
38890.00 2.79
38900.00 2.76
38910.00 2.72
38920.00 2.65
38930.00 2.58
38940.00 2.58
38950.00 2.50
38960.00 2.43
38970.00 2.39
38980.00 2.32
38990.00 2.29
39000.00 2.25
39010.00 2.18
39020.00 2.14
39030.00 2.11
39040.00 2.04
39050.00 2.00
39060.00 1.93
39070.00 1.89
39080.00 1.85
39090.00 1.78
39100.00 1.71
39110.00 1.71
39120.00 1.64
39130.00 1.57
39140.00 1.53
39150.00 1.46
39160.00 1.46
39170.00 1.38
39180.00 1.31
39190.00 1.27
39200.00 1.24
39210.00 1.17
39220.00 1.13
39230.00 1.06
39240.00 1.03
39250.00 0.99
39260.00 0.91
39270.00 0.84
39280.00 0.80
39290.00 0.77
39300.00 0.73
39310.00 0.66
39320.00 0.59
39330.00 0.59
39340.00 0.51
39350.00 0.44
39360.00 0.40
39370.00 0.37
39380.00 0.30
39390.00 0.26
39400.00 0.18
39410.00 0.15
39420.00 0.11
39430.00 0.04
39440.00 0.00
39450.00 3.43
39460.00 3.40
39470.00 12.16
39480.00 19.88
39490.00 25.31
39500.00 25.31
39510.00 30.14
39520.00 36.07
39530.00 42.03
39540.00 42.29
39550.00 48.42
39560.00 55.18
39570.00 65.01
39580.00 65.01
39590.00 78.43
39600.00 95.76
39610.00 104.02
39620.00 110.75
39630.00 110.72
39640.00 114.08
39650.00 117.10
39660.00 120.93
39670.00 120.93
39680.00 124.76
39690.00 128.28
39700.00 129.84
39710.00 129.81
39720.00 129.77
39730.00 132.00
39740.00 132.23
39750.00 132.23
39760.00 129.55
39770.00 126.08
39780.00 125.54
39790.00 122.87
39800.00 119.73
39810.00 119.69
39820.00 119.02
39830.00 119.75
39840.00 119.75
39850.00 119.97
39860.00 120.93
39870.00 122.16
39880.00 120.83
39890.00 122.09
39900.00 122.51
39910.00 123.24
39920.00 123.24
39930.00 123.97
39940.00 124.39
39950.00 125.95
39960.00 128.48
39970.00 125.55
39980.00 128.40
39990.00 128.33
40000.00 126.96
40010.00 126.96
40020.00 126.08
40030.00 126.84
40040.00 126.47
40050.00 125.14
40060.00 126.20
40070.00 124.52
40080.00 123.45
40090.00 123.91
40100.00 121.47
40110.00 119.90
40120.00 119.86
40130.00 117.39
40140.00 115.05
40150.00 115.01
40160.00 113.14
40170.00 113.30
40180.00 110.96
40190.00 107.99
40200.00 107.75
40210.00 105.07
40220.00 104.24
40230.00 105.00
40240.00 105.13
40250.00 104.35
40260.00 106.91
40270.00 103.48
40280.00 102.30
40290.00 104.36
40300.00 93.89
40310.00 93.89
40320.00 87.11
40330.00 83.64
40340.00 83.30
40350.00 81.17
40360.00 79.79
40370.00 80.35
40380.00 78.68
40390.00 77.04
40400.00 76.50
40410.00 74.33
40420.00 72.25
40430.00 71.61
40440.00 70.28
40450.00 70.04
40460.00 68.36
40470.00 66.99
40480.00 66.99
40490.00 65.11
40500.00 63.44
40510.00 62.70
40520.00 60.56
40530.00 56.79
40540.00 55.25
40550.00 53.07
40560.00 52.74
40570.00 51.90
40580.00 51.82
40590.00 51.78
40600.00 51.71
40610.00 51.67
40620.00 51.63
40630.00 51.56
40640.00 51.48
40650.00 51.48
40660.00 51.41
40670.00 51.33
40680.00 51.29
40690.00 51.26
40700.00 51.18
40710.00 51.14
40720.00 51.06
40730.00 51.06
40740.00 50.99
40750.00 50.91
40760.00 50.87
40770.00 50.80
40780.00 50.76
40790.00 50.72
40800.00 50.65
40810.00 50.57
40820.00 50.57
40830.00 50.50
40840.00 50.42
40850.00 50.38
40860.00 50.34
40870.00 50.90
40880.00 51.33
40890.00 52.25
40900.00 52.71
40910.00 52.98
40920.00 53.70
40930.00 54.46
40940.00 55.38
40950.00 55.65
40960.00 56.41
40970.00 57.33
40980.00 58.06
40990.00 58.06
41000.00 58.18
41010.00 59.40
41020.00 60.46
41030.00 60.43
41040.00 61.39
41050.00 60.51
41060.00 62.53
41070.00 62.99
41080.00 64.76
41090.00 67.38
41100.00 68.34
41110.00 70.36
41120.00 72.13
41130.00 71.79
41140.00 73.31
41150.00 74.54
41160.00 74.54
41170.00 75.76
41180.00 77.02
41190.00 77.94
41200.00 78.51
41210.00 79.17
41220.00 80.39
41230.00 81.61
41240.00 82.37
41250.00 82.84
41260.00 84.06
41270.00 85.12
41280.00 86.34
41290.00 87.11
41300.00 87.57
41310.00 88.79
41320.00 88.95
41330.00 89.41
41340.00 90.94
41350.00 90.89
41360.00 90.82
41370.00 90.78
41380.00 90.74
41390.00 90.66
41400.00 90.59
41410.00 90.54
41420.00 90.51
41430.00 90.43
41440.00 88.29
41450.00 88.21
41460.00 88.21
41470.00 88.14
41480.00 88.06
41490.00 88.02
41500.00 87.98
41510.00 87.91
41520.00 87.86
41530.00 87.79
41540.00 87.75
41550.00 88.81
41560.00 89.53
41570.00 90.96
41580.00 92.71
41590.00 92.98
41600.00 95.04
41610.00 97.06
41620.00 98.28
41630.00 98.28
41640.00 97.40
41650.00 97.33
41660.00 97.28
41670.00 99.35
41680.00 99.27
41690.00 99.23
41700.00 99.15
41710.00 96.98
41720.00 96.98
41730.00 96.90
41740.00 96.86
41750.00 96.78
41760.00 96.74
41770.00 96.70
41780.00 98.72
41790.00 98.65
41800.00 98.65
41810.00 98.57
41820.00 98.49
41830.00 98.45
41840.00 98.41
41850.00 97.03
41860.00 96.69
41870.00 95.31
41880.00 94.47
41890.00 92.94
41900.00 90.46
41910.00 89.12
41920.00 87.24
41930.00 86.70
41940.00 86.66
41950.00 85.48
41960.00 85.40
41970.00 85.40
41980.00 84.33
41990.00 84.55
42000.00 85.21
42010.00 85.17
42020.00 87.53
42030.00 91.05
42040.00 95.67
42050.00 98.73
42060.00 100.79
42070.00 105.61
42080.00 108.77
42090.00 113.89
42100.00 115.16
42110.00 116.91
42120.00 114.74
42130.00 114.66
42140.00 114.66
42150.00 114.58
42160.00 114.50
42170.00 114.46
42180.00 115.72
42190.00 115.88
42200.00 117.20
42210.00 118.92
42220.00 119.68
42230.00 120.64
42240.00 122.67
42250.00 123.42
42260.00 125.94
42270.00 126.91
42280.00 128.97
42290.00 132.99
42300.00 137.61
42310.00 137.61
42320.00 141.43
42330.00 143.99
42340.00 146.01
42350.00 147.27
42360.00 148.23
42370.00 150.15
42380.00 151.27
42390.00 152.53
42400.00 157.39
42410.00 163.81
42420.00 165.07
42430.00 164.99
42440.00 164.95
42450.00 162.81
42460.00 162.73
42470.00 162.69
42480.00 162.65
42490.00 162.57
42500.00 162.53
42510.00 162.45
42520.00 162.37
42530.00 162.37
42540.00 162.29
42550.00 162.21
42560.00 162.17
42570.00 162.13
42580.00 162.05
42590.00 162.01
42600.00 161.93
42610.00 161.93
42620.00 161.65
42630.00 161.77
42640.00 161.73
42650.00 161.69
42660.00 161.61
42670.00 163.37
42680.00 165.69
42690.00 164.51
42700.00 164.51
42710.00 166.33
42720.00 171.35
42730.00 175.51
42740.00 178.87
42750.00 182.73
42760.00 184.95
42770.00 187.27
42780.00 187.27
42790.00 191.29
42800.00 196.21
42810.00 198.97
42820.00 200.03
42830.00 203.35
42840.00 205.31
42850.00 208.63
42860.00 210.95
42870.00 210.95
42880.00 212.37
42890.00 213.92
42900.00 212.74
42910.00 212.21
42920.00 212.16
42930.00 212.08
