0.00 332.76 0.00 332.76
22.59 333.69 22.59 331.65
45.19 334.02 45.17 331.14
67.78 334.26 67.76 330.73
90.37 334.44 90.35 330.37
112.96 334.59 112.94 330.04
135.55 334.71 135.53 329.74
158.14 334.82 158.12 329.45
180.73 334.92 180.71 329.18
203.32 335.00 203.30 328.92
225.91 335.08 225.89 328.67
248.50 335.14 248.48 328.42
271.09 335.20 271.07 328.18
293.68 335.25 293.66 327.95
316.27 335.30 316.25 327.73
338.87 335.34 338.83 327.51
361.46 335.38 361.42 327.29
384.05 335.41 384.01 327.08
406.64 335.44 406.60 326.87
429.23 335.47 429.19 326.67
451.82 335.49 451.78 326.47
474.41 335.51 474.37 326.27
497.00 335.53 496.96 326.08
519.59 335.54 519.55 325.88
542.18 335.55 542.14 325.69
564.77 335.56 564.73 325.50
587.36 335.57 587.32 325.32
609.95 335.58 609.91 325.13
632.54 335.58 632.50 324.95
655.13 335.58 655.09 324.77
677.72 335.58 677.68 324.59
700.31 335.58 700.27 324.42
722.90 335.58 722.86 324.24
745.49 335.58 745.45 324.07
768.08 335.57 768.04 323.89
790.67 335.56 790.63 323.72
813.26 335.56 813.22 323.55
835.85 335.55 835.81 323.38
858.44 335.54 858.40 323.22
881.03 335.52 880.99 323.05
903.62 335.51 903.58 322.89
926.22 335.50 926.16 322.72
948.81 335.48 948.75 322.56
971.40 335.47 971.34 322.40
993.99 335.45 993.93 322.23
1016.58 335.43 1016.52 322.07
1039.17 335.41 1039.11 321.92
1061.76 335.39 1061.70 321.76
1084.35 335.37 1084.29 321.60
1106.94 335.35 1106.88 321.44
1129.53 335.33 1129.47 321.29
1152.12 335.31 1152.06 321.13
1174.71 335.28 1174.65 320.98
1197.30 335.26 1197.24 320.82
1219.89 335.23 1219.83 320.67
1242.48 335.21 1242.42 320.52
1265.07 335.18 1265.01 320.37
1287.66 335.15 1287.60 320.22
1310.25 335.13 1310.19 320.06
1332.84 335.10 1332.78 319.92
1355.43 335.07 1355.37 319.77
1378.02 335.04 1377.96 319.62
1400.61 335.01 1400.55 319.47
1423.20 334.98 1423.14 319.32
1445.79 334.95 1445.73 319.18
1468.38 334.91 1468.32 319.03
1490.97 334.88 1490.91 318.88
1513.56 334.85 1513.50 318.74
1536.15 334.81 1536.09 318.59
1558.74 334.78 1558.68 318.45
1581.33 334.75 1581.27 318.31
1603.92 334.71 1603.86 318.16
1626.51 334.68 1626.45 318.02
1649.10 334.64 1649.04 317.88
1671.69 334.60 1671.63 317.74
1694.28 334.57 1694.22 317.60
1716.87 334.53 1716.81 317.45
1739.46 334.49 1739.40 317.31
1762.05 334.45 1761.99 317.17
1784.64 334.41 1784.58 317.03
1807.23 334.38 1807.17 316.90
1829.82 334.34 1829.76 316.76
1852.41 334.30 1852.35 316.62
1875.01 334.26 1874.93 316.48
1897.60 334.22 1897.52 316.34
1920.19 334.18 1920.11 316.21
1942.78 334.13 1942.70 316.07
1965.37 334.09 1965.29 315.93
1987.96 334.05 1987.88 315.80
2010.55 334.01 2010.47 315.66
2033.14 333.96 2033.06 315.53
2055.73 333.92 2055.65 315.39
2078.32 333.88 2078.24 315.26
2100.91 333.83 2100.83 315.12
2123.50 333.79 2123.42 314.99
2146.09 333.75 2146.01 314.85
2168.68 333.70 2168.60 314.72
2191.27 333.66 2191.19 314.59
2213.86 333.61 2213.78 314.45
2236.45 333.57 2236.37 314.32
2259.04 333.52 2258.96 314.19
2281.63 333.47 2281.55 314.06
2304.22 333.43 2304.14 313.93
2326.81 333.38 2326.73 313.79
2349.40 333.33 2349.32 313.66
2371.99 333.29 2371.91 313.53
2394.58 333.24 2394.50 313.40
2417.17 333.19 2417.09 313.27
2439.76 333.14 2439.68 313.14
2462.35 333.09 2462.27 313.01
2484.94 333.04 2484.86 312.88
2507.53 332.99 2507.45 312.75
2530.12 332.95 2530.04 312.63
2552.71 332.90 2552.63 312.50
2575.30 332.85 2575.22 312.37
2597.89 332.80 2597.81 312.24
2620.48 332.75 2620.40 312.11
2643.07 332.70 2642.99 311.99
2665.66 332.64 2665.58 311.86
2688.25 332.59 2688.17 311.73
2710.84 332.54 2710.76 311.60
2733.43 332.49 2733.35 311.48
2756.02 332.44 2755.94 311.35
2778.61 332.39 2778.53 311.22
2801.20 332.33 2801.12 311.10
2823.79 332.28 2823.71 310.97
2846.38 332.23 2846.30 310.85
2868.97 332.18 2868.89 310.72
2891.56 332.12 2891.48 310.60
2914.15 332.07 2914.07 310.47
2936.74 332.02 2936.66 310.35
2959.33 331.96 2959.25 310.22
2981.92 331.91 2981.84 310.10
3004.51 331.86 3004.43 309.98
3027.10 331.80 3027.02 309.85
3049.69 331.75 3049.61 309.73
3072.28 331.69 3072.20 309.60
3094.87 331.64 3094.79 309.48
3117.46 331.58 3117.38 309.36
3140.05 331.53 3139.97 309.24
3162.64 331.47 3162.56 309.11
3185.23 331.41 3185.15 308.99
3207.82 331.36 3207.74 308.87
3230.41 331.30 3230.33 308.75
3253.00 331.25 3252.92 308.62
3275.59 331.19 3275.51 308.50
3298.18 331.13 3298.10 308.38
3320.77 331.08 3320.69 308.26
3343.37 331.02 3343.27 308.14
3365.96 330.96 3365.86 308.02
3388.55 330.90 3388.45 307.90
3411.14 330.85 3411.04 307.78
3433.73 330.79 3433.63 307.66
3456.32 330.73 3456.22 307.54
3478.91 330.67 3478.81 307.42
3501.50 330.61 3501.40 307.30
3524.09 330.56 3523.99 307.18
3546.68 330.50 3546.58 307.06
3569.27 330.44 3569.17 306.94
3591.86 330.38 3591.76 306.82
3614.45 330.32 3614.35 306.70
3637.04 330.26 3636.94 306.58
3659.63 330.20 3659.53 306.46
3682.22 330.14 3682.12 306.34
3704.81 330.08 3704.71 306.23
3727.40 330.02 3727.30 306.11
3749.99 329.96 3749.89 305.99
3772.58 329.90 3772.48 305.87
3795.17 329.84 3795.07 305.75
3817.76 329.78 3817.66 305.64
3840.35 329.72 3840.25 305.52
3862.94 329.66 3862.84 305.40
3885.53 329.60 3885.43 305.28
3908.12 329.54 3908.02 305.17
3930.71 329.48 3930.61 305.05
3953.30 329.42 3953.20 304.93
3975.89 329.35 3975.79 304.82
3998.48 329.29 3998.38 304.70
4021.07 329.23 4020.97 304.58
4043.66 329.17 4043.56 304.47
4066.25 329.11 4066.15 304.35
4088.84 329.04 4088.74 304.24
4111.43 328.98 4111.33 304.12
4134.02 328.92 4133.92 304.00
4156.61 328.86 4156.51 303.89
4179.20 328.79 4179.10 303.77
4201.79 328.73 4201.69 303.66
4224.38 328.67 4224.28 303.54
4246.97 328.60 4246.87 303.43
4269.56 328.54 4269.46 303.31
4292.15 328.48 4292.05 303.20
4314.74 328.41 4314.64 303.09
4337.33 328.35 4337.23 302.97
4359.92 328.29 4359.82 302.86
4382.51 328.22 4382.41 302.74
4405.10 328.16 4405.00 302.63
4427.69 328.09 4427.59 302.51
4450.28 328.03 4450.18 302.40
4472.87 327.96 4472.77 302.29
4495.46 327.90 4495.36 302.17
4518.05 327.83 4517.95 302.06
4540.64 327.77 4540.54 301.95
4563.23 327.70 4563.13 301.83
4585.82 327.64 4585.72 301.72
4608.41 327.57 4608.31 301.61
4631.00 327.51 4630.90 301.50
4653.59 327.44 4653.49 301.38
4676.18 327.38 4676.08 301.27
4698.77 327.31 4698.67 301.16
4721.36 327.24 4721.26 301.05
4743.95 327.18 4743.85 300.93
4766.54 327.11 4766.44 300.82
4789.13 327.05 4789.03 300.71
4811.72 326.98 4811.62 300.60
4834.31 326.91 4834.21 300.49
4856.90 326.85 4856.80 300.38
4879.49 326.78 4879.39 300.26
4902.08 326.71 4901.98 300.15
4924.67 326.65 4924.57 300.04
4947.26 326.58 4947.16 299.93
4969.85 326.51 4969.75 299.82
4992.44 326.44 4992.34 299.71
5015.03 326.38 5014.93 299.60
5037.62 326.31 5037.52 299.49
5060.21 326.24 5060.11 299.38
5082.80 326.17 5082.70 299.27
5105.39 326.11 5105.29 299.16
5127.98 326.04 5127.88 299.05
5150.57 325.97 5150.47 298.94
5173.16 325.90 5173.06 298.83
5195.75 325.83 5195.65 298.72
5218.34 325.76 5218.24 298.61
5240.93 325.70 5240.83 298.50
5263.52 325.63 5263.42 298.39
5286.11 325.56 5286.01 298.28
5308.70 325.49 5308.60 298.17
5331.29 325.42 5331.19 298.06
5353.88 325.35 5353.78 297.95
5376.47 325.28 5376.37 297.84
5399.06 325.21 5398.96 297.73
5421.65 325.14 5421.55 297.63
5444.24 325.07 5444.14 297.52
5466.83 325.00 5466.73 297.41
5489.42 324.94 5489.32 297.30
5512.01 324.87 5511.91 297.19
5534.60 324.80 5534.50 297.08
5557.19 324.73 5557.09 296.98
5579.78 324.66 5579.68 296.87
5602.37 324.58 5602.27 296.76
5624.96 324.51 5624.86 296.65
5647.56 324.44 5647.44 296.54
5670.15 324.37 5670.03 296.44
5692.74 324.30 5692.62 296.33
5715.33 324.23 5715.21 296.22
5737.92 324.16 5737.80 296.11
5760.51 324.09 5760.39 296.01
5783.10 324.02 5782.98 295.90
5805.69 323.95 5805.57 295.79
5828.28 323.88 5828.16 295.69
5850.87 323.81 5850.75 295.58
5873.46 323.73 5873.34 295.47
5896.05 323.66 5895.93 295.37
5918.64 323.59 5918.52 295.26
5941.23 323.52 5941.11 295.15
5963.82 323.45 5963.70 295.05
5986.41 323.38 5986.29 294.94
6009.00 323.30 6008.88 294.83
6031.59 323.23 6031.47 294.73
6054.18 323.16 6054.06 294.62
6076.77 323.09 6076.65 294.52
6099.36 323.02 6099.24 294.41
6121.95 322.94 6121.83 294.30
6144.54 322.87 6144.42 294.20
6167.13 322.80 6167.01 294.09
6189.72 322.73 6189.60 293.99
6212.31 322.65 6212.19 293.88
6234.90 322.58 6234.78 293.78
6257.49 322.51 6257.37 293.67
6280.08 322.43 6279.96 293.57
6302.67 322.36 6302.55 293.46
6325.26 322.29 6325.14 293.36
6347.85 322.21 6347.73 293.25
6370.44 322.14 6370.32 293.15
6393.03 322.07 6392.91 293.04
6415.62 321.99 6415.50 292.94
6438.21 321.92 6438.09 292.83
6460.80 321.85 6460.68 292.73
6483.39 321.77 6483.27 292.63
6505.98 321.70 6505.86 292.52
6528.57 321.62 6528.45 292.42
6551.16 321.55 6551.04 292.31
6573.75 321.48 6573.63 292.21
6596.34 321.40 6596.22 292.11
6618.93 321.33 6618.81 292.00
6641.52 321.25 6641.40 291.90
6664.11 321.18 6663.99 291.79
6686.70 321.10 6686.58 291.69
6709.29 321.03 6709.17 291.59
6731.88 320.95 6731.76 291.48
6754.47 320.88 6754.35 291.38
6777.06 320.80 6776.94 291.28
6799.65 320.73 6799.53 291.17
6822.24 320.65 6822.12 291.07
6844.83 320.58 6844.71 290.97
6867.42 320.50 6867.30 290.87
6890.01 320.43 6889.89 290.76
6912.60 320.35 6912.48 290.66
6935.19 320.28 6935.07 290.56
6957.78 320.20 6957.66 290.45
6980.37 320.13 6980.25 290.35
7002.96 320.05 7002.84 290.25
7025.55 319.97 7025.43 290.15
7048.14 319.90 7048.02 290.05
7070.73 319.82 7070.61 289.94
7093.32 319.75 7093.20 289.84
7115.91 319.67 7115.79 289.74
7138.50 319.59 7138.38 289.64
7161.09 319.52 7160.97 289.54
7183.68 319.44 7183.56 289.43
7206.27 319.36 7206.15 289.33
7228.86 319.29 7228.74 289.23
7251.45 319.21 7251.33 289.13
7274.04 319.13 7273.92 289.03
7296.63 319.06 7296.51 288.93
7319.22 318.98 7319.10 288.83
7341.81 318.90 7341.69 288.72
7364.40 318.83 7364.28 288.62
7386.99 318.75 7386.87 288.52
7409.58 318.67 7409.46 288.42
7432.17 318.59 7432.05 288.32
7454.76 318.52 7454.64 288.22
7477.35 318.44 7477.23 288.12
7499.94 318.36 7499.82 288.02
7522.53 318.28 7522.41 287.92
7545.12 318.21 7545.00 287.82
7567.71 318.13 7567.59 287.72
7590.30 318.05 7590.18 287.62
7612.89 317.97 7612.77 287.52
7635.48 317.90 7635.36 287.42
7658.07 317.82 7657.95 287.32
7680.66 317.74 7680.54 287.22
7703.25 317.66 7703.13 287.12
7725.84 317.58 7725.72 287.02
7748.43 317.50 7748.31 286.92
7771.02 317.43 7770.90 286.82
7793.61 317.35 7793.49 286.72
7816.20 317.27 7816.08 286.62
7838.79 317.19 7838.67 286.52
7861.38 317.11 7861.26 286.42
7883.97 317.03 7883.85 286.32
7906.56 316.95 7906.44 286.22
7929.15 316.87 7929.03 286.12
7951.74 316.80 7951.62 286.02
7974.33 316.72 7974.21 285.92
7996.92 316.64 7996.80 285.82
8019.51 316.56 8019.39 285.73
8042.10 316.48 8041.98 285.63
8064.69 316.40 8064.57 285.53
8087.28 316.32 8087.16 285.43
8109.87 316.24 8109.75 285.33
8132.46 316.16 8132.34 285.23
8155.05 316.08 8154.93 285.13
8177.64 316.00 8177.52 285.04
8200.23 315.92 8200.11 284.94
8222.82 315.84 8222.70 284.84
8245.41 315.76 8245.29 284.74
8268.00 315.68 8267.88 284.64
8290.59 315.60 8290.47 284.55
8313.18 315.52 8313.06 284.45
8335.77 315.44 8335.65 284.35
8358.36 315.36 8358.24 284.25
8380.95 315.28 8380.83 284.15
8403.54 315.20 8403.42 284.06
8426.13 315.12 8426.01 283.96
8448.72 315.04 8448.60 283.86
8471.31 314.96 8471.19 283.76
8493.90 314.88 8493.78 283.67
8516.49 314.80 8516.37 283.57
8539.08 314.71 8538.96 283.47
8561.67 314.63 8561.55 283.37
8584.26 314.55 8584.14 283.28
8606.85 314.47 8606.73 283.18
8629.44 314.39 8629.32 283.08
8652.03 314.31 8651.91 282.99
8674.62 314.23 8674.50 282.89
8697.21 314.15 8697.09 282.79
8719.80 314.06 8719.68 282.70
8742.39 313.98 8742.27 282.60
8764.98 313.90 8764.86 282.50
8787.57 313.82 8787.45 282.41
8810.16 313.74 8810.04 282.31
8832.75 313.66 8832.63 282.21
8855.34 313.57 8855.22 282.12
8877.93 313.49 8877.81 282.02
8900.52 313.41 8900.40 281.93
8923.11 313.33 8922.99 281.83
8945.70 313.25 8945.58 281.73
8968.29 313.16 8968.17 281.64
8990.88 313.08 8990.76 281.54
9013.47 313.00 9013.35 281.45
9036.06 312.92 9035.94 281.35
9058.65 312.83 9058.53 281.26
9081.24 312.75 9081.12 281.16
9103.83 312.67 9103.71 281.06
9126.42 312.59 9126.30 280.97
9149.01 312.50 9148.89 280.87
9171.60 312.42 9171.48 280.78
9194.19 312.34 9194.07 280.68
9216.78 312.25 9216.66 280.59
9239.37 312.17 9239.25 280.49
9261.96 312.09 9261.84 280.40
9284.55 312.01 9284.43 280.30
9307.14 311.92 9307.02 280.21
9329.73 311.84 9329.61 280.11
9352.32 311.75 9352.20 280.02
9374.91 311.67 9374.79 279.92
9397.50 311.59 9397.38 279.83
9420.09 311.50 9419.97 279.73
9442.68 311.42 9442.56 279.64
9465.27 311.34 9465.15 279.55
9487.86 311.25 9487.74 279.45
9510.45 311.17 9510.33 279.36
9533.04 311.09 9532.92 279.26
9555.63 311.00 9555.51 279.17
9578.22 310.92 9578.10 279.08
9600.81 310.83 9600.69 278.98
9623.40 310.75 9623.28 278.89
9645.99 310.66 9645.87 278.79
9668.58 310.58 9668.46 278.70
9691.17 310.50 9691.05 278.61
9713.76 310.41 9713.64 278.51
9736.35 310.33 9736.23 278.42
9758.94 310.24 9758.82 278.33
9781.53 310.16 9781.41 278.23
9804.12 310.07 9804.00 278.14
9826.71 309.99 9826.59 278.04
9849.30 309.90 9849.18 277.95
9871.89 309.82 9871.77 277.86
9894.48 309.73 9894.36 277.77
9917.07 309.65 9916.95 277.67
9939.66 309.56 9939.54 277.58
9962.25 309.48 9962.13 277.49
9984.84 309.39 9984.72 277.39
10007.43 309.31 10007.31 277.30
10030.02 309.22 10029.90 277.21
10052.61 309.14 10052.49 277.12
10075.20 309.05 10075.08 277.02
10097.79 308.97 10097.67 276.93
10120.38 308.88 10120.26 276.84
10142.97 308.79 10142.85 276.75
10165.56 308.71 10165.44 276.65
10188.15 308.62 10188.03 276.56
10210.74 308.54 10210.62 276.47
10233.33 308.45 10233.21 276.38
10255.92 308.36 10255.80 276.28
10278.51 308.28 10278.39 276.19
10301.10 308.19 10300.98 276.10
10323.69 308.11 10323.57 276.01
10346.28 308.02 10346.16 275.92
10368.87 307.93 10368.75 275.82
10391.46 307.85 10391.34 275.73
10414.05 307.76 10413.93 275.64
10436.64 307.67 10436.52 275.55
10459.23 307.59 10459.11 275.46
10481.82 307.50 10481.70 275.37
10504.41 307.41 10504.29 275.28
10527.00 307.33 10526.88 275.18
10549.59 307.24 10549.47 275.09
10572.18 307.15 10572.06 275.00
10594.77 307.07 10594.65 274.91
10617.36 306.98 10617.24 274.82
10639.95 306.89 10639.83 274.73
10662.54 306.80 10662.42 274.64
10685.13 306.72 10685.01 274.55
10707.72 306.63 10707.60 274.46
10730.31 306.54 10730.19 274.37
10752.90 306.45 10752.78 274.27
10775.49 306.37 10775.37 274.18
10798.08 306.28 10797.96 274.09
10820.67 306.19 10820.55 274.00
10843.26 306.10 10843.14 273.91
10865.85 306.02 10865.73 273.82
10888.44 305.93 10888.32 273.73
10911.03 305.84 10910.91 273.64
10933.62 305.75 10933.50 273.55
10956.21 305.66 10956.09 273.46
10978.80 305.58 10978.68 273.37
11001.39 305.49 11001.27 273.28
11023.98 305.40 11023.86 273.19
11046.57 305.31 11046.45 273.10
11069.16 305.22 11069.04 273.01
11091.75 305.13 11091.63 272.92
11114.34 305.05 11114.22 272.83
11136.93 304.96 11136.81 272.74
11159.52 304.87 11159.40 272.65
11182.11 304.78 11181.99 272.56
11204.70 304.69 11204.58 272.48
11227.29 304.60 11227.17 272.39
11249.88 304.51 11249.76 272.30
11272.47 304.42 11272.35 272.21
11295.06 304.34 11294.94 272.12
11317.65 304.25 11317.53 272.03
11340.24 304.16 11340.12 271.94
11362.83 304.07 11362.71 271.85
11385.42 303.98 11385.30 271.76
11408.01 303.89 11407.89 271.67
11430.60 303.80 11430.48 271.59
11453.19 303.71 11453.07 271.50
11475.78 303.62 11475.66 271.41
11498.37 303.53 11498.25 271.32
11520.96 303.44 11520.84 271.23
11543.55 303.35 11543.43 271.14
11566.14 303.26 11566.02 271.05
11588.73 303.17 11588.61 270.97
11611.32 303.08 11611.20 270.88
11633.91 302.99 11633.79 270.79
11656.50 302.90 11656.38 270.70
11679.09 302.81 11678.97 270.61
11701.68 302.72 11701.56 270.53
11724.27 302.63 11724.15 270.44
11746.86 302.54 11746.74 270.35
11769.45 302.45 11769.33 270.26
11792.04 302.36 11791.92 270.17
11814.63 302.27 11814.51 270.09
11837.22 302.18 11837.10 270.00
11859.81 302.09 11859.69 269.91
11882.40 302.00 11882.28 269.82
11904.99 301.91 11904.87 269.74
11927.58 301.82 11927.46 269.65
11950.17 301.73 11950.05 269.56
11972.76 301.63 11972.64 269.48
11995.35 301.54 11995.23 269.39
12017.94 301.45 12017.82 269.30
12040.53 301.36 12040.41 269.21
12063.12 301.27 12063.00 269.13
12085.71 301.18 12085.59 269.04
12108.30 301.09 12108.18 268.95
12130.89 301.00 12130.77 268.87
12153.48 300.90 12153.36 268.78
12176.07 300.81 12175.95 268.69
12198.66 300.72 12198.54 268.61
12221.25 300.63 12221.13 268.52
12243.84 300.54 12243.72 268.43
12266.43 300.45 12266.31 268.35
12289.02 300.35 12288.90 268.26
12311.61 300.26 12311.49 268.18
12334.20 300.17 12334.08 268.09
12356.79 300.08 12356.67 268.00
12379.38 299.99 12379.26 267.92
12401.97 299.89 12401.85 267.83
12424.56 299.80 12424.44 267.75
12447.15 299.71 12447.03 267.66
12469.74 299.62 12469.62 267.57
12492.33 299.52 12492.21 267.49
12514.92 299.43 12514.80 267.40
12537.51 299.34 12537.39 267.32
12560.10 299.25 12559.98 267.23
12582.69 299.15 12582.57 267.15
12605.28 299.06 12605.16 267.06
12627.87 298.97 12627.75 266.98
12650.46 298.87 12650.34 266.89
12673.05 298.78 12672.93 266.81
12695.64 298.69 12695.52 266.72
12718.23 298.60 12718.11 266.64
12740.82 298.50 12740.70 266.55
12763.41 298.41 12763.29 266.47
12786.00 298.32 12785.88 266.38
12808.59 298.22 12808.47 266.30
12831.18 298.13 12831.06 266.21
12853.77 298.04 12853.65 266.13
12876.36 297.94 12876.24 266.04
12898.95 297.85 12898.83 265.96
12921.54 297.75 12921.42 265.87
12944.13 297.66 12944.01 265.79
12966.72 297.57 12966.60 265.71
12989.31 297.47 12989.19 265.62
13011.90 297.38 13011.78 265.54
13034.49 297.28 13034.37 265.45
13057.08 297.19 13056.96 265.37
13079.67 297.10 13079.55 265.28
13102.26 297.00 13102.14 265.20
13124.85 296.91 13124.73 265.12
13147.44 296.81 13147.32 265.03
13170.03 296.72 13169.91 264.95
13192.62 296.62 13192.50 264.87
13215.21 296.53 13215.09 264.78
13237.80 296.44 13237.68 264.70
13260.39 296.34 13260.27 264.62
13282.98 296.25 13282.86 264.53
13305.57 296.15 13305.45 264.45
13328.16 296.06 13328.04 264.37
13350.75 295.96 13350.63 264.28
13373.34 295.87 13373.22 264.20
13395.93 295.77 13395.81 264.12
13418.52 295.68 13418.40 264.03
13441.11 295.58 13440.99 263.95
13463.70 295.48 13463.58 263.87
13486.29 295.39 13486.17 263.79
13508.88 295.29 13508.76 263.70
13531.47 295.20 13531.35 263.62
13554.06 295.10 13553.94 263.54
13576.65 295.01 13576.53 263.45
13599.24 294.91 13599.12 263.37
13621.83 294.82 13621.71 263.29
13644.42 294.72 13644.30 263.21
13667.01 294.62 13666.89 263.13
13689.60 294.53 13689.48 263.04
13712.19 294.43 13712.07 262.96
13734.78 294.34 13734.66 262.88
13757.37 294.24 13757.25 262.80
13779.96 294.14 13779.84 262.72
13802.55 294.05 13802.43 262.63
13825.14 293.95 13825.02 262.55
13847.73 293.85 13847.61 262.47
13870.32 293.76 13870.20 262.39
13892.91 293.66 13892.79 262.31
13915.50 293.56 13915.38 262.23
13938.09 293.47 13937.97 262.14
13960.68 293.37 13960.56 262.06
13983.27 293.27 13983.15 261.98
14005.86 293.18 14005.74 261.90
14028.45 293.08 14028.33 261.82
14051.04 292.98 14050.92 261.74
14073.63 292.88 14073.51 261.66
14096.22 292.79 14096.10 261.58
14118.81 292.69 14118.69 261.50
14141.40 292.59 14141.28 261.42
14163.99 292.50 14163.87 261.34
14186.58 292.40 14186.46 261.25
14209.17 292.30 14209.05 261.17
14231.76 292.20 14231.64 261.09
14254.35 292.10 14254.23 261.01
14276.94 292.01 14276.82 260.93
14299.53 291.91 14299.41 260.85
14322.12 291.81 14322.00 260.77
14344.71 291.71 14344.59 260.69
14367.30 291.61 14367.18 260.61
14389.89 291.52 14389.77 260.53
14412.48 291.42 14412.36 260.45
14435.07 291.32 14434.95 260.37
14457.66 291.22 14457.54 260.29
14480.25 291.12 14480.13 260.21
14502.84 291.02 14502.72 260.13
14525.43 290.93 14525.31 260.05
14548.02 290.83 14547.90 259.98
14570.61 290.73 14570.49 259.90
14593.20 290.63 14593.08 259.82
14615.79 290.53 14615.67 259.74
14638.38 290.43 14638.26 259.66
14660.97 290.33 14660.85 259.58
14683.56 290.23 14683.44 259.50
14706.15 290.13 14706.03 259.42
14728.74 290.03 14728.62 259.34
14751.33 289.93 14751.21 259.26
14773.92 289.84 14773.80 259.19
14796.51 289.74 14796.39 259.11
14819.10 289.64 14818.98 259.03
14841.69 289.54 14841.57 258.95
14864.28 289.44 14864.16 258.87
14886.87 289.34 14886.75 258.79
14909.46 289.24 14909.34 258.71
14932.05 289.14 14931.93 258.64
14954.64 289.04 14954.52 258.56
14977.23 288.94 14977.11 258.48
14999.82 288.84 14999.70 258.40
15022.41 288.74 15022.29 258.32
15045.00 288.64 15044.88 258.25
15067.59 288.54 15067.47 258.17
15090.18 288.44 15090.06 258.09
15112.77 288.33 15112.65 258.01
15135.36 288.23 15135.24 257.94
15157.95 288.13 15157.83 257.86
15180.54 288.03 15180.42 257.78
15203.13 287.93 15203.01 257.70
15225.72 287.83 15225.60 257.63
15248.31 287.73 15248.19 257.55
15270.90 287.63 15270.78 257.47
15293.49 287.53 15293.37 257.40
15316.08 287.43 15315.96 257.32
15338.67 287.32 15338.55 257.24
15361.26 287.22 15361.14 257.17
15383.85 287.12 15383.73 257.09
15406.44 287.02 15406.32 257.01
15429.03 286.92 15428.91 256.94
15451.62 286.82 15451.50 256.86
15474.21 286.71 15474.09 256.78
15496.80 286.61 15496.68 256.71
15519.39 286.51 15519.27 256.63
15541.98 286.41 15541.86 256.56
15564.57 286.31 15564.45 256.48
15587.16 286.20 15587.04 256.40
15609.75 286.10 15609.63 256.33
15632.34 286.00 15632.22 256.25
15654.93 285.90 15654.81 256.18
15677.52 285.79 15677.40 256.10
15700.11 285.69 15699.99 256.03
15722.70 285.59 15722.58 255.95
15745.29 285.49 15745.17 255.88
15767.88 285.38 15767.76 255.80
15790.47 285.28 15790.35 255.72
15813.06 285.18 15812.94 255.65
15835.65 285.07 15835.53 255.57
15858.24 284.97 15858.12 255.50
15880.83 284.87 15880.71 255.43
15903.42 284.76 15903.30 255.35
15926.01 284.66 15925.89 255.28
15948.60 284.56 15948.48 255.20
15971.19 284.45 15971.07 255.13
15993.78 284.35 15993.66 255.05
16016.37 284.25 16016.25 254.98
16038.96 284.14 16038.84 254.90
16061.55 284.04 16061.43 254.83
16084.14 283.93 16084.02 254.76
16106.73 283.83 16106.61 254.68
16129.32 283.72 16129.20 254.61
16151.91 283.62 16151.79 254.53
16174.50 283.52 16174.38 254.46
16197.09 283.41 16196.97 254.39
16219.68 283.31 16219.56 254.31
16242.27 283.20 16242.15 254.24
16264.86 283.10 16264.74 254.17
16287.45 282.99 16287.33 254.09
16310.04 282.89 16309.92 254.02
16332.63 282.78 16332.51 253.95
16355.22 282.68 16355.10 253.87
16377.81 282.57 16377.69 253.80
16400.40 282.47 16400.28 253.73
16422.99 282.36 16422.87 253.66
16445.58 282.26 16445.46 253.58
16468.17 282.15 16468.05 253.51
16490.76 282.04 16490.64 253.44
16513.35 281.94 16513.23 253.37
16535.94 281.83 16535.82 253.29
16558.53 281.73 16558.41 253.22
16581.12 281.62 16581.00 253.15
16603.71 281.51 16603.59 253.08
16626.30 281.41 16626.18 253.01
16648.89 281.30 16648.77 252.93
16671.48 281.19 16671.36 252.86
16694.07 281.09 16693.95 252.79
16716.66 280.98 16716.54 252.72
16739.25 280.87 16739.13 252.65
16761.84 280.77 16761.72 252.58
16784.43 280.66 16784.31 252.51
16807.02 280.55 16806.90 252.43
16829.61 280.45 16829.49 252.36
16852.20 280.34 16852.08 252.29
16874.79 280.23 16874.67 252.22
16897.38 280.13 16897.26 252.15
16919.97 280.02 16919.85 252.08
16942.56 279.91 16942.44 252.01
16965.14 279.80 16965.04 251.94
16987.73 279.69 16987.63 251.87
17010.32 279.59 17010.22 251.80
17032.91 279.48 17032.81 251.73
17055.50 279.37 17055.40 251.66
17078.09 279.26 17077.99 251.59
17100.68 279.15 17100.58 251.52
17123.27 279.05 17123.17 251.45
17145.86 278.94 17145.76 251.38
17168.45 278.83 17168.35 251.31
17191.04 278.72 17190.94 251.24
17213.63 278.61 17213.53 251.17
17236.22 278.50 17236.12 251.10
17258.81 278.39 17258.71 251.03
17281.40 278.28 17281.30 250.96
17303.99 278.17 17303.89 250.90
17326.58 278.06 17326.48 250.83
17349.17 277.96 17349.07 250.76
17371.76 277.85 17371.66 250.69
17394.35 277.74 17394.25 250.62
17416.94 277.63 17416.84 250.55
17439.53 277.52 17439.43 250.48
17462.12 277.41 17462.02 250.42
17484.71 277.30 17484.61 250.35
17507.30 277.19 17507.20 250.28
17529.89 277.08 17529.79 250.21
17552.48 276.97 17552.38 250.14
17575.07 276.85 17574.97 250.08
17597.66 276.74 17597.56 250.01
17620.25 276.63 17620.15 249.94
17642.84 276.52 17642.74 249.87
17665.43 276.41 17665.33 249.81
17688.02 276.30 17687.92 249.74
17710.61 276.19 17710.51 249.67
17733.20 276.08 17733.10 249.61
17755.79 275.97 17755.69 249.54
17778.38 275.85 17778.28 249.47
17800.97 275.74 17800.87 249.41
17823.56 275.63 17823.46 249.34
17846.15 275.52 17846.05 249.28
17868.74 275.41 17868.64 249.21
17891.33 275.29 17891.23 249.14
17913.92 275.18 17913.82 249.08
17936.51 275.07 17936.41 249.01
17959.10 274.96 17959.00 248.95
17981.69 274.84 17981.59 248.88
18004.28 274.73 18004.18 248.82
18026.87 274.62 18026.77 248.75
18049.46 274.51 18049.36 248.68
18072.05 274.39 18071.95 248.62
18094.64 274.28 18094.54 248.55
18117.23 274.17 18117.13 248.49
18139.82 274.05 18139.72 248.43
18162.41 273.94 18162.31 248.36
18185.00 273.83 18184.90 248.30
18207.59 273.71 18207.49 248.23
18230.18 273.60 18230.08 248.17
18252.77 273.48 18252.67 248.10
18275.36 273.37 18275.26 248.04
18297.95 273.25 18297.85 247.98
18320.54 273.14 18320.44 247.91
18343.13 273.02 18343.03 247.85
18365.72 272.91 18365.62 247.79
18388.31 272.80 18388.21 247.72
18410.90 272.68 18410.80 247.66
18433.49 272.56 18433.39 247.60
18456.08 272.45 18455.98 247.54
18478.67 272.33 18478.57 247.47
18501.26 272.22 18501.16 247.41
18523.85 272.10 18523.75 247.35
18546.44 271.99 18546.34 247.29
18569.03 271.87 18568.93 247.22
18591.62 271.75 18591.52 247.16
18614.21 271.64 18614.11 247.10
18636.80 271.52 18636.70 247.04
18659.39 271.40 18659.29 246.98
18681.98 271.29 18681.88 246.92
18704.57 271.17 18704.47 246.85
18727.16 271.05 18727.06 246.79
18749.75 270.94 18749.65 246.73
18772.34 270.82 18772.24 246.67
18794.93 270.70 18794.83 246.61
18817.52 270.58 18817.42 246.55
18840.11 270.47 18840.01 246.49
18862.70 270.35 18862.60 246.43
18885.29 270.23 18885.19 246.37
18907.88 270.11 18907.78 246.31
18930.47 269.99 18930.37 246.25
18953.06 269.87 18952.96 246.19
18975.65 269.75 18975.55 246.13
18998.24 269.64 18998.14 246.07
19020.83 269.52 19020.73 246.01
19043.42 269.40 19043.32 245.96
19066.01 269.28 19065.91 245.90
19088.60 269.16 19088.50 245.84
19111.19 269.04 19111.09 245.78
19133.78 268.92 19133.68 245.72
19156.37 268.80 19156.27 245.66
19178.96 268.68 19178.86 245.61
19201.55 268.56 19201.45 245.55
19224.14 268.44 19224.04 245.49
19246.73 268.31 19246.63 245.43
19269.31 268.19 19269.23 245.38
19291.90 268.07 19291.82 245.32
19314.49 267.95 19314.41 245.26
19337.08 267.83 19337.00 245.21
19359.67 267.71 19359.59 245.15
19382.26 267.59 19382.18 245.10
19404.85 267.46 19404.77 245.04
19427.44 267.34 19427.36 244.98
19450.03 267.22 19449.95 244.93
19472.62 267.10 19472.54 244.87
19495.21 266.97 19495.13 244.82
19517.80 266.85 19517.72 244.76
19540.39 266.73 19540.31 244.71
19562.98 266.60 19562.90 244.65
19585.57 266.48 19585.49 244.60
19608.16 266.35 19608.08 244.54
19630.75 266.23 19630.67 244.49
19653.34 266.11 19653.26 244.44
19675.93 265.98 19675.85 244.38
19698.52 265.86 19698.44 244.33
19721.11 265.73 19721.03 244.28
19743.70 265.61 19743.62 244.22
19766.29 265.48 19766.21 244.17
19788.88 265.36 19788.80 244.12
19811.47 265.23 19811.39 244.07
19834.06 265.10 19833.98 244.02
19856.65 264.98 19856.57 243.96
19879.24 264.85 19879.16 243.91
19901.83 264.72 19901.75 243.86
19924.42 264.60 19924.34 243.81
19947.01 264.47 19946.93 243.76
19969.60 264.34 19969.52 243.71
19992.19 264.21 19992.11 243.66
20014.78 264.09 20014.70 243.61
20037.37 263.96 20037.29 243.56
20059.96 263.83 20059.88 243.51
20082.55 263.70 20082.47 243.46
20105.14 263.57 20105.06 243.41
20127.73 263.44 20127.65 243.36
20150.32 263.31 20150.24 243.31
20172.91 263.18 20172.83 243.26
20195.50 263.05 20195.42 243.22
20218.09 262.92 20218.01 243.17
20240.68 262.79 20240.60 243.12
20263.27 262.66 20263.19 243.07
20285.86 262.53 20285.78 243.03
20308.45 262.40 20308.37 242.98
20331.04 262.26 20330.96 242.93
20353.63 262.13 20353.55 242.89
20376.22 262.00 20376.14 242.84
20398.81 261.87 20398.73 242.80
20421.40 261.73 20421.32 242.75
20443.99 261.60 20443.91 242.71
20466.58 261.47 20466.50 242.66
20489.17 261.33 20489.09 242.62
20511.76 261.20 20511.68 242.58
20534.35 261.06 20534.27 242.53
20556.94 260.93 20556.86 242.49
20579.53 260.79 20579.45 242.45
20602.12 260.66 20602.04 242.40
20624.71 260.52 20624.63 242.36
20647.30 260.38 20647.22 242.32
20669.89 260.25 20669.81 242.28
20692.48 260.11 20692.40 242.24
20715.07 259.97 20714.99 242.20
20737.65 259.84 20737.59 242.16
20760.24 259.70 20760.18 242.12
20782.83 259.56 20782.77 242.08
20805.42 259.42 20805.36 242.04
20828.01 259.28 20827.95 242.00
20850.60 259.14 20850.54 241.96
20873.19 259.00 20873.13 241.92
20895.78 258.86 20895.72 241.89
20918.37 258.72 20918.31 241.85
20940.96 258.58 20940.90 241.81
20963.55 258.43 20963.49 241.78
20986.14 258.29 20986.08 241.74
21008.73 258.15 21008.67 241.71
21031.32 258.00 21031.26 241.67
21053.91 257.86 21053.85 241.64
21076.50 257.72 21076.44 241.61
21099.09 257.57 21099.03 241.57
21121.68 257.42 21121.62 241.54
21144.27 257.28 21144.21 241.51
21166.86 257.13 21166.80 241.48
21189.45 256.98 21189.39 241.45
21212.04 256.84 21211.98 241.42
21234.63 256.69 21234.57 241.39
21257.22 256.54 21257.16 241.36
21279.81 256.39 21279.75 241.33
21302.40 256.24 21302.34 241.30
21324.99 256.09 21324.93 241.27
21347.58 255.94 21347.52 241.25
21370.17 255.78 21370.11 241.22
21392.76 255.63 21392.70 241.20
21415.35 255.48 21415.29 241.17
21437.94 255.32 21437.88 241.15
21460.53 255.17 21460.47 241.12
21483.12 255.01 21483.06 241.10
21505.71 254.85 21505.65 241.08
21528.30 254.70 21528.24 241.06
21550.89 254.54 21550.83 241.04
21573.48 254.38 21573.42 241.02
21596.07 254.22 21596.01 241.00
21618.66 254.06 21618.60 240.99
21641.25 253.90 21641.19 240.97
21663.84 253.73 21663.78 240.96
21686.42 253.57 21686.38 240.94
21709.01 253.40 21708.97 240.93
21731.60 253.24 21731.56 240.92
21754.19 253.07 21754.15 240.91
21776.78 252.90 21776.74 240.90
21799.37 252.73 21799.33 240.89
21821.96 252.56 21821.92 240.88
21844.55 252.39 21844.51 240.88
21867.14 252.21 21867.10 240.87
21889.73 252.04 21889.69 240.87
21912.32 251.86 21912.28 240.87
21934.91 251.68 21934.87 240.87
21957.50 251.50 21957.46 240.87
21980.09 251.32 21980.05 240.88
22002.68 251.14 22002.64 240.88
22025.27 250.95 22025.23 240.89
22047.86 250.76 22047.82 240.90
22070.45 250.57 22070.41 240.91
22093.04 250.38 22093.00 240.93
22115.63 250.18 22115.59 240.94
22138.22 249.98 22138.18 240.96
22160.81 249.78 22160.77 240.99
22183.40 249.58 22183.36 241.01
22205.99 249.37 22205.95 241.04
22228.58 249.16 22228.54 241.08
22251.17 248.94 22251.13 241.11
22273.75 248.72 22273.73 241.15
22296.34 248.50 22296.32 241.20
22318.93 248.27 22318.91 241.25
22341.52 248.03 22341.50 241.31
22364.11 247.79 22364.09 241.38
22386.70 247.54 22386.68 241.45
22409.29 247.28 22409.27 241.54
22431.88 247.00 22431.86 241.63
22454.47 246.72 22454.45 241.74
22477.06 246.41 22477.04 241.87
22499.65 246.08 22499.63 242.02
22522.24 245.72 22522.22 242.20
22544.83 245.31 22544.81 242.43
22567.41 244.80 22567.41 242.76
22590.00 243.69 22590.00 243.69
