0.00 236.53 0.00 236.53
45.12 237.92 45.12 235.04
90.24 238.46 90.24 234.40
135.36 238.87 135.36 233.89
180.48 239.20 180.48 233.46
225.60 239.49 225.60 233.07
270.72 239.74 270.72 232.71
315.84 239.97 315.84 232.38
360.96 240.18 360.96 232.07
406.08 240.38 406.08 231.78
451.21 240.56 451.19 231.50
496.33 240.73 496.31 231.23
541.45 240.88 541.43 230.97
586.57 241.03 586.55 230.72
631.69 241.18 631.67 230.48
676.81 241.31 676.79 230.24
721.93 241.44 721.91 230.01
767.05 241.56 767.03 229.79
812.17 241.68 812.15 229.57
857.29 241.79 857.27 229.36
902.41 241.90 902.39 229.15
947.53 242.00 947.51 228.95
992.65 242.10 992.63 228.74
1037.77 242.20 1037.75 228.55
1082.89 242.29 1082.87 228.35
1128.01 242.38 1127.99 228.16
1173.13 242.47 1173.11 227.98
1218.25 242.55 1218.23 227.79
1263.37 242.63 1263.35 227.61
1308.49 242.71 1308.47 227.43
1353.61 242.79 1353.59 227.25
1398.73 242.86 1398.71 227.08
1443.85 242.93 1443.83 226.91
1488.97 243.00 1488.95 226.74
1534.09 243.07 1534.07 226.57
1579.21 243.14 1579.19 226.40
1624.33 243.20 1624.31 226.24
1669.45 243.26 1669.43 226.07
1714.57 243.32 1714.55 225.91
1759.69 243.38 1759.67 225.75
1804.81 243.44 1804.79 225.60
1849.93 243.50 1849.91 225.44
1895.05 243.55 1895.03 225.28
1940.17 243.60 1940.15 225.13
1985.29 243.65 1985.27 224.98
2030.41 243.70 2030.39 224.83
2075.53 243.75 2075.51 224.68
2120.65 243.80 2120.63 224.53
2165.77 243.85 2165.75 224.38
2210.89 243.89 2210.87 224.24
2256.01 243.94 2255.99 224.09
2301.13 243.98 2301.11 223.95
2346.25 244.02 2346.23 223.80
2391.37 244.06 2391.35 223.66
2436.49 244.10 2436.47 223.52
2481.61 244.14 2481.59 223.38
2526.73 244.18 2526.71 223.24
2571.85 244.22 2571.83 223.11
2616.97 244.25 2616.95 222.97
2662.09 244.29 2662.07 222.83
2707.21 244.32 2707.19 222.70
2752.33 244.36 2752.31 222.56
2797.45 244.39 2797.43 222.43
2842.57 244.42 2842.55 222.30
2887.69 244.45 2887.67 222.17
2932.81 244.48 2932.79 222.03
2977.93 244.51 2977.91 221.90
3023.05 244.54 3023.03 221.77
3068.17 244.57 3068.15 221.65
3113.29 244.60 3113.27 221.52
3158.41 244.62 3158.39 221.39
3203.53 244.65 3203.51 221.26
3248.65 244.68 3248.63 221.14
3293.77 244.70 3293.75 221.01
3338.89 244.72 3338.87 220.89
3384.01 244.75 3383.99 220.76
3429.13 244.77 3429.11 220.64
3474.25 244.79 3474.23 220.52
3519.37 244.81 3519.35 220.39
3564.49 244.84 3564.47 220.27
3609.61 244.86 3609.59 220.15
3654.73 244.88 3654.71 220.03
3699.85 244.90 3699.83 219.91
3744.97 244.91 3744.95 219.79
3790.09 244.93 3790.07 219.67
3835.21 244.95 3835.19 219.55
3880.33 244.97 3880.31 219.44
3925.45 244.98 3925.43 219.32
3970.57 245.00 3970.55 219.20
4015.69 245.02 4015.67 219.09
4060.81 245.03 4060.79 218.97
4105.93 245.05 4105.91 218.86
4151.05 245.06 4151.03 218.74
4196.17 245.07 4196.15 218.63
4241.29 245.09 4241.27 218.51
4286.41 245.10 4286.39 218.40
4331.53 245.11 4331.51 218.29
4376.66 245.12 4376.62 218.17
4421.78 245.14 4421.74 218.06
4466.90 245.15 4466.86 217.95
4512.02 245.16 4511.98 217.84
4557.14 245.17 4557.10 217.73
4602.26 245.18 4602.22 217.62
4647.38 245.19 4647.34 217.51
4692.50 245.20 4692.46 217.40
4737.62 245.20 4737.58 217.29
4782.74 245.21 4782.70 217.18
4827.86 245.22 4827.82 217.07
4872.98 245.23 4872.94 216.96
4918.10 245.23 4918.06 216.86
4963.22 245.24 4963.18 216.75
5008.34 245.25 5008.30 216.64
5053.46 245.25 5053.42 216.54
5098.58 245.26 5098.54 216.43
5143.70 245.26 5143.66 216.32
5188.82 245.27 5188.78 216.22
5233.94 245.27 5233.90 216.11
5279.06 245.28 5279.02 216.01
5324.18 245.28 5324.14 215.90
5369.30 245.28 5369.26 215.80
5414.42 245.29 5414.38 215.70
5459.54 245.29 5459.50 215.59
5504.66 245.29 5504.62 215.49
5549.78 245.29 5549.74 215.39
5594.90 245.30 5594.86 215.28
5640.02 245.30 5639.98 215.18
5685.14 245.30 5685.10 215.08
5730.26 245.30 5730.22 214.98
5775.38 245.30 5775.34 214.88
5820.50 245.30 5820.46 214.78
5865.62 245.30 5865.58 214.68
5910.74 245.30 5910.70 214.58
5955.86 245.30 5955.82 214.48
6000.98 245.30 6000.94 214.38
6046.10 245.30 6046.06 214.28
6091.22 245.30 6091.18 214.18
6136.34 245.29 6136.30 214.08
6181.46 245.29 6181.42 213.98
6226.58 245.29 6226.54 213.88
6271.70 245.29 6271.66 213.78
6316.82 245.28 6316.78 213.69
6361.94 245.28 6361.90 213.59
6407.06 245.28 6407.02 213.49
6452.18 245.27 6452.14 213.39
6497.30 245.27 6497.26 213.30
6542.42 245.26 6542.38 213.20
6587.54 245.26 6587.50 213.11
6632.66 245.26 6632.62 213.01
6677.78 245.25 6677.74 212.91
6722.90 245.24 6722.86 212.82
6768.02 245.24 6767.98 212.72
6813.14 245.23 6813.10 212.63
6858.26 245.23 6858.22 212.53
6903.38 245.22 6903.34 212.44
6948.50 245.21 6948.46 212.35
6993.62 245.21 6993.58 212.25
7038.74 245.20 7038.70 212.16
7083.86 245.19 7083.82 212.07
7128.98 245.19 7128.94 211.97
7174.10 245.18 7174.06 211.88
7219.22 245.17 7219.18 211.79
7264.34 245.16 7264.30 211.69
7309.46 245.15 7309.42 211.60
7354.58 245.14 7354.54 211.51
7399.70 245.14 7399.66 211.42
7444.82 245.13 7444.78 211.33
7489.94 245.12 7489.90 211.24
7535.06 245.11 7535.02 211.14
7580.18 245.10 7580.14 211.05
7625.30 245.09 7625.26 210.96
7670.42 245.08 7670.38 210.87
7715.54 245.07 7715.50 210.78
7760.66 245.06 7760.62 210.69
7805.78 245.05 7805.74 210.60
7850.90 245.03 7850.86 210.51
7896.02 245.02 7895.98 210.42
7941.14 245.01 7941.10 210.33
7986.26 245.00 7986.22 210.25
8031.38 244.99 8031.34 210.16
8076.50 244.98 8076.46 210.07
8121.62 244.96 8121.58 209.98
8166.74 244.95 8166.70 209.89
8211.86 244.94 8211.82 209.80
8256.98 244.93 8256.94 209.72
8302.10 244.91 8302.06 209.63
8347.22 244.90 8347.18 209.54
8392.34 244.89 8392.30 209.45
8437.46 244.87 8437.42 209.37
8482.58 244.86 8482.54 209.28
8527.70 244.84 8527.66 209.19
8572.82 244.83 8572.78 209.11
8617.94 244.82 8617.90 209.02
8663.06 244.80 8663.02 208.93
8708.18 244.79 8708.14 208.85
8753.30 244.77 8753.26 208.76
8798.42 244.76 8798.38 208.68
8843.54 244.74 8843.50 208.59
8888.66 244.73 8888.62 208.51
8933.78 244.71 8933.74 208.42
8978.90 244.69 8978.86 208.34
9024.02 244.68 9023.98 208.25
9069.14 244.66 9069.10 208.17
9114.26 244.64 9114.22 208.08
9159.38 244.63 9159.34 208.00
9204.50 244.61 9204.46 207.92
9249.62 244.59 9249.58 207.83
9294.74 244.58 9294.70 207.75
9339.86 244.56 9339.82 207.67
9384.98 244.54 9384.94 207.58
9430.10 244.52 9430.06 207.50
9475.22 244.51 9475.18 207.42
9520.34 244.49 9520.30 207.33
9565.46 244.47 9565.42 207.25
9610.58 244.45 9610.54 207.17
9655.70 244.43 9655.66 207.09
9700.82 244.42 9700.78 207.01
9745.94 244.40 9745.90 206.92
9791.06 244.38 9791.02 206.84
9836.18 244.36 9836.14 206.76
9881.30 244.34 9881.26 206.68
9926.42 244.32 9926.38 206.60
9971.54 244.30 9971.50 206.52
10016.66 244.28 10016.62 206.44
10061.78 244.26 10061.74 206.36
10106.90 244.24 10106.86 206.27
10152.02 244.22 10151.98 206.19
10197.14 244.20 10197.10 206.11
10242.26 244.18 10242.22 206.03
10287.38 244.16 10287.34 205.95
10332.50 244.14 10332.46 205.87
10377.62 244.12 10377.58 205.79
10422.74 244.10 10422.70 205.72
10467.86 244.07 10467.82 205.64
10512.98 244.05 10512.94 205.56
10558.10 244.03 10558.06 205.48
10603.22 244.01 10603.18 205.40
10648.34 243.99 10648.30 205.32
10693.46 243.96 10693.42 205.24
10738.58 243.94 10738.54 205.16
10783.70 243.92 10783.66 205.08
10828.82 243.90 10828.78 205.01
10873.94 243.87 10873.90 204.93
10919.06 243.85 10919.02 204.85
10964.18 243.83 10964.14 204.77
11009.30 243.81 11009.26 204.70
11054.42 243.78 11054.38 204.62
11099.54 243.76 11099.50 204.54
11144.66 243.74 11144.62 204.46
11189.78 243.71 11189.74 204.39
11234.90 243.69 11234.86 204.31
11280.02 243.66 11279.98 204.23
11325.14 243.64 11325.10 204.16
11370.26 243.62 11370.22 204.08
11415.38 243.59 11415.34 204.00
11460.50 243.57 11460.46 203.93
11505.62 243.54 11505.58 203.85
11550.74 243.52 11550.70 203.78
11595.86 243.49 11595.82 203.70
11640.98 243.47 11640.94 203.63
11686.10 243.44 11686.06 203.55
11731.22 243.42 11731.18 203.47
11776.34 243.39 11776.30 203.40
11821.46 243.37 11821.42 203.32
11866.58 243.34 11866.54 203.25
11911.70 243.31 11911.66 203.17
11956.82 243.29 11956.78 203.10
12001.94 243.26 12001.90 203.03
12047.06 243.24 12047.02 202.95
12092.18 243.21 12092.14 202.88
12137.30 243.18 12137.26 202.80
12182.42 243.16 12182.38 202.73
12227.54 243.13 12227.50 202.65
12272.66 243.10 12272.62 202.58
12317.78 243.08 12317.74 202.51
12362.90 243.05 12362.86 202.43
12408.02 243.02 12407.98 202.36
12453.14 242.99 12453.10 202.29
12498.26 242.97 12498.22 202.21
12543.38 242.94 12543.34 202.14
12588.50 242.91 12588.46 202.07
12633.62 242.88 12633.58 202.00
12678.74 242.85 12678.70 201.92
12723.86 242.83 12723.82 201.85
12768.98 242.80 12768.94 201.78
12814.10 242.77 12814.06 201.71
12859.22 242.74 12859.18 201.63
12904.34 242.71 12904.30 201.56
12949.46 242.68 12949.42 201.49
12994.58 242.65 12994.54 201.42
13039.70 242.63 13039.66 201.35
13084.82 242.60 13084.78 201.28
13129.94 242.57 13129.90 201.20
13175.06 242.54 13175.02 201.13
13220.18 242.51 13220.14 201.06
13265.30 242.48 13265.26 200.99
13310.42 242.45 13310.38 200.92
13355.54 242.42 13355.50 200.85
13400.66 242.39 13400.62 200.78
13445.78 242.36 13445.74 200.71
13490.90 242.33 13490.86 200.64
13536.02 242.30 13535.98 200.57
13581.14 242.27 13581.10 200.50
13626.26 242.24 13626.22 200.43
13671.38 242.21 13671.34 200.36
13716.50 242.17 13716.46 200.29
13761.62 242.14 13761.58 200.22
13806.74 242.11 13806.70 200.15
13851.86 242.08 13851.82 200.08
13896.98 242.05 13896.94 200.01
13942.10 242.02 13942.06 199.94
13987.22 241.99 13987.18 199.87
14032.34 241.96 14032.30 199.80
14077.46 241.92 14077.42 199.73
14122.58 241.89 14122.54 199.67
14167.70 241.86 14167.66 199.60
14212.82 241.83 14212.78 199.53
14257.94 241.80 14257.90 199.46
14303.06 241.76 14303.02 199.39
14348.18 241.73 14348.14 199.32
14393.30 241.70 14393.26 199.26
14438.42 241.67 14438.38 199.19
14483.54 241.63 14483.50 199.12
14528.66 241.60 14528.62 199.05
14573.78 241.57 14573.74 198.98
14618.90 241.53 14618.86 198.92
14664.02 241.50 14663.98 198.85
14709.14 241.47 14709.10 198.78
14754.26 241.43 14754.22 198.71
14799.38 241.40 14799.34 198.65
14844.50 241.37 14844.46 198.58
14889.62 241.33 14889.58 198.51
14934.74 241.30 14934.70 198.45
14979.86 241.26 14979.82 198.38
15024.98 241.23 15024.94 198.31
15070.10 241.20 15070.06 198.25
15115.22 241.16 15115.18 198.18
15160.34 241.13 15160.30 198.12
15205.46 241.09 15205.42 198.05
15250.58 241.06 15250.54 197.98
15295.70 241.02 15295.66 197.92
15340.82 240.99 15340.78 197.85
15385.94 240.95 15385.90 197.79
15431.06 240.92 15431.02 197.72
15476.18 240.88 15476.14 197.65
15521.30 240.85 15521.26 197.59
15566.42 240.81 15566.38 197.52
15611.54 240.78 15611.50 197.46
15656.66 240.74 15656.62 197.39
15701.78 240.71 15701.74 197.33
15746.90 240.67 15746.86 197.26
15792.02 240.63 15791.98 197.20
15837.14 240.60 15837.10 197.14
15882.26 240.56 15882.22 197.07
15927.38 240.52 15927.34 197.01
15972.50 240.49 15972.46 196.94
16017.62 240.45 16017.58 196.88
16062.74 240.42 16062.70 196.81
16107.86 240.38 16107.82 196.75
16152.98 240.34 16152.94 196.69
16198.10 240.30 16198.06 196.62
16243.22 240.27 16243.18 196.56
16288.34 240.23 16288.30 196.49
16333.46 240.19 16333.42 196.43
16378.58 240.16 16378.54 196.37
16423.70 240.12 16423.66 196.30
16468.82 240.08 16468.78 196.24
16513.94 240.04 16513.90 196.18
16559.06 240.01 16559.02 196.12
16604.18 239.97 16604.14 196.05
16649.30 239.93 16649.26 195.99
16694.42 239.89 16694.38 195.93
16739.54 239.85 16739.50 195.87
16784.66 239.82 16784.62 195.80
16829.78 239.78 16829.74 195.74
16874.90 239.74 16874.86 195.68
16920.02 239.70 16919.98 195.62
16965.14 239.66 16965.10 195.55
17010.26 239.62 17010.22 195.49
17055.38 239.58 17055.34 195.43
17100.50 239.55 17100.46 195.37
17145.62 239.51 17145.58 195.31
17190.74 239.47 17190.70 195.25
17235.86 239.43 17235.82 195.18
17280.98 239.39 17280.94 195.12
17326.10 239.35 17326.06 195.06
17371.22 239.31 17371.18 195.00
17416.34 239.27 17416.30 194.94
17461.46 239.23 17461.42 194.88
17506.58 239.19 17506.54 194.82
17551.70 239.15 17551.66 194.76
17596.82 239.11 17596.78 194.70
17641.94 239.07 17641.90 194.64
17687.06 239.03 17687.02 194.57
17732.18 238.99 17732.14 194.51
17777.30 238.95 17777.26 194.45
17822.42 238.91 17822.38 194.39
17867.54 238.87 17867.50 194.33
17912.66 238.83 17912.62 194.27
17957.78 238.79 17957.74 194.21
18002.90 238.75 18002.86 194.15
18048.02 238.71 18047.98 194.09
18093.14 238.66 18093.10 194.04
18138.26 238.62 18138.22 193.98
18183.38 238.58 18183.34 193.92
18228.50 238.54 18228.46 193.86
18273.62 238.50 18273.58 193.80
18318.74 238.46 18318.70 193.74
18363.86 238.42 18363.82 193.68
18408.98 238.37 18408.94 193.62
18454.10 238.33 18454.06 193.56
18499.22 238.29 18499.18 193.50
18544.34 238.25 18544.30 193.44
18589.46 238.21 18589.42 193.39
18634.59 238.16 18634.53 193.33
18679.71 238.12 18679.65 193.27
18724.83 238.08 18724.77 193.21
18769.95 238.04 18769.89 193.15
18815.07 237.99 18815.01 193.10
18860.19 237.95 18860.13 193.04
18905.31 237.91 18905.25 192.98
18950.43 237.87 18950.37 192.92
18995.55 237.82 18995.49 192.86
19040.67 237.78 19040.61 192.81
19085.79 237.74 19085.73 192.75
19130.91 237.69 19130.85 192.69
19176.03 237.65 19175.97 192.63
19221.15 237.61 19221.09 192.58
19266.27 237.56 19266.21 192.52
19311.39 237.52 19311.33 192.46
19356.51 237.48 19356.45 192.41
19401.63 237.43 19401.57 192.35
19446.75 237.39 19446.69 192.29
19491.87 237.34 19491.81 192.24
19536.99 237.30 19536.93 192.18
19582.11 237.26 19582.05 192.12
19627.23 237.21 19627.17 192.07
19672.35 237.17 19672.29 192.01
19717.47 237.12 19717.41 191.95
19762.59 237.08 19762.53 191.90
19807.71 237.03 19807.65 191.84
19852.83 236.99 19852.77 191.79
19897.95 236.94 19897.89 191.73
19943.07 236.90 19943.01 191.67
19988.19 236.85 19988.13 191.62
20033.31 236.81 20033.25 191.56
20078.43 236.76 20078.37 191.51
20123.55 236.72 20123.49 191.45
20168.67 236.67 20168.61 191.40
20213.79 236.63 20213.73 191.34
20258.91 236.58 20258.85 191.29
20304.03 236.54 20303.97 191.23
20349.15 236.49 20349.09 191.18
20394.27 236.44 20394.21 191.12
20439.39 236.40 20439.33 191.07
20484.51 236.35 20484.45 191.01
20529.63 236.31 20529.57 190.96
20574.75 236.26 20574.69 190.91
20619.87 236.21 20619.81 190.85
20664.99 236.17 20664.93 190.80
20710.11 236.12 20710.05 190.74
20755.23 236.07 20755.17 190.69
20800.35 236.03 20800.29 190.63
20845.47 235.98 20845.41 190.58
20890.59 235.93 20890.53 190.53
20935.71 235.89 20935.65 190.47
20980.83 235.84 20980.77 190.42
21025.95 235.79 21025.89 190.37
21071.07 235.74 21071.01 190.31
21116.19 235.70 21116.13 190.26
21161.31 235.65 21161.25 190.21
21206.43 235.60 21206.37 190.15
21251.55 235.55 21251.49 190.10
21296.67 235.51 21296.61 190.05
21341.79 235.46 21341.73 189.99
21386.91 235.41 21386.85 189.94
21432.03 235.36 21431.97 189.89
21477.15 235.31 21477.09 189.84
21522.27 235.27 21522.21 189.78
21567.39 235.22 21567.33 189.73
21612.51 235.17 21612.45 189.68
21657.63 235.12 21657.57 189.63
21702.75 235.07 21702.69 189.57
21747.87 235.02 21747.81 189.52
21792.99 234.98 21792.93 189.47
21838.11 234.93 21838.05 189.42
21883.23 234.88 21883.17 189.37
21928.35 234.83 21928.29 189.32
21973.47 234.78 21973.41 189.26
22018.59 234.73 22018.53 189.21
22063.71 234.68 22063.65 189.16
22108.83 234.63 22108.77 189.11
22153.95 234.58 22153.89 189.06
22199.07 234.53 22199.01 189.01
22244.19 234.48 22244.13 188.96
22289.31 234.43 22289.25 188.91
22334.43 234.38 22334.37 188.86
22379.55 234.33 22379.49 188.80
22424.67 234.28 22424.61 188.75
22469.79 234.23 22469.73 188.70
22514.91 234.18 22514.85 188.65
22560.03 234.13 22559.97 188.60
22605.15 234.08 22605.09 188.55
22650.27 234.03 22650.21 188.50
22695.39 233.98 22695.33 188.45
22740.51 233.93 22740.45 188.40
22785.63 233.88 22785.57 188.35
22830.75 233.83 22830.69 188.30
22875.87 233.78 22875.81 188.25
22920.99 233.73 22920.93 188.20
22966.11 233.68 22966.05 188.15
23011.23 233.63 23011.17 188.10
23056.35 233.57 23056.29 188.05
23101.47 233.52 23101.41 188.01
23146.59 233.47 23146.53 187.96
23191.71 233.42 23191.65 187.91
23236.83 233.37 23236.77 187.86
23281.95 233.32 23281.89 187.81
23327.07 233.26 23327.01 187.76
23372.19 233.21 23372.13 187.71
23417.31 233.16 23417.25 187.66
23462.43 233.11 23462.37 187.61
23507.55 233.06 23507.49 187.57
23552.67 233.00 23552.61 187.52
23597.79 232.95 23597.73 187.47
23642.91 232.90 23642.85 187.42
23688.03 232.85 23687.97 187.37
23733.15 232.79 23733.09 187.32
23778.27 232.74 23778.21 187.28
23823.39 232.69 23823.33 187.23
23868.51 232.64 23868.45 187.18
23913.63 232.58 23913.57 187.13
23958.75 232.53 23958.69 187.09
24003.87 232.48 24003.81 187.04
24048.99 232.42 24048.93 186.99
24094.11 232.37 24094.05 186.94
24139.23 232.32 24139.17 186.90
24184.35 232.26 24184.29 186.85
24229.47 232.21 24229.41 186.80
24274.59 232.15 24274.53 186.76
24319.71 232.10 24319.65 186.71
24364.83 232.05 24364.77 186.66
24409.95 231.99 24409.89 186.62
24455.07 231.94 24455.01 186.57
24500.19 231.88 24500.13 186.52
24545.31 231.83 24545.25 186.48
24590.43 231.78 24590.37 186.43
24635.55 231.72 24635.49 186.38
24680.67 231.67 24680.61 186.34
24725.79 231.61 24725.73 186.29
24770.91 231.56 24770.85 186.25
24816.03 231.50 24815.97 186.20
24861.15 231.45 24861.09 186.15
24906.27 231.39 24906.21 186.11
24951.39 231.34 24951.33 186.06
24996.51 231.28 24996.45 186.02
25041.63 231.23 25041.57 185.97
25086.75 231.17 25086.69 185.93
25131.87 231.12 25131.81 185.88
25176.99 231.06 25176.93 185.84
25222.11 231.00 25222.05 185.79
25267.23 230.95 25267.17 185.75
25312.35 230.89 25312.29 185.70
25357.47 230.84 25357.41 185.66
25402.59 230.78 25402.53 185.61
25447.71 230.73 25447.65 185.57
25492.83 230.67 25492.77 185.52
25537.95 230.61 25537.89 185.48
25583.07 230.56 25583.01 185.44
25628.19 230.50 25628.13 185.39
25673.31 230.44 25673.25 185.35
25718.43 230.39 25718.37 185.30
25763.55 230.33 25763.49 185.26
25808.67 230.27 25808.61 185.22
25853.79 230.22 25853.73 185.17
25898.91 230.16 25898.85 185.13
25944.03 230.10 25943.97 185.09
25989.15 230.04 25989.09 185.04
26034.27 229.99 26034.21 185.00
26079.39 229.93 26079.33 184.96
26124.51 229.87 26124.45 184.91
26169.63 229.81 26169.57 184.87
26214.75 229.76 26214.69 184.83
26259.87 229.70 26259.81 184.78
26304.99 229.64 26304.93 184.74
26350.11 229.58 26350.05 184.70
26395.23 229.52 26395.17 184.66
26440.35 229.47 26440.29 184.61
26485.47 229.41 26485.41 184.57
26530.58 229.35 26530.54 184.53
26575.70 229.29 26575.66 184.49
26620.82 229.23 26620.78 184.44
26665.94 229.17 26665.90 184.40
26711.06 229.11 26711.02 184.36
26756.18 229.06 26756.14 184.32
26801.30 229.00 26801.26 184.28
26846.42 228.94 26846.38 184.24
26891.54 228.88 26891.50 184.19
26936.66 228.82 26936.62 184.15
26981.78 228.76 26981.74 184.11
27026.90 228.70 27026.86 184.07
27072.02 228.64 27071.98 184.03
27117.14 228.58 27117.10 183.99
27162.26 228.52 27162.22 183.95
27207.38 228.46 27207.34 183.91
27252.50 228.40 27252.46 183.87
27297.62 228.34 27297.58 183.83
27342.74 228.28 27342.70 183.79
27387.86 228.22 27387.82 183.74
27432.98 228.16 27432.94 183.70
27478.10 228.10 27478.06 183.66
27523.22 228.04 27523.18 183.62
27568.34 227.98 27568.30 183.58
27613.46 227.92 27613.42 183.54
27658.58 227.86 27658.54 183.50
27703.70 227.80 27703.66 183.46
27748.82 227.74 27748.78 183.43
27793.94 227.67 27793.90 183.39
27839.06 227.61 27839.02 183.35
27884.18 227.55 27884.14 183.31
27929.30 227.49 27929.26 183.27
27974.42 227.43 27974.38 183.23
28019.54 227.37 28019.50 183.19
28064.66 227.31 28064.62 183.15
28109.78 227.24 28109.74 183.11
28154.90 227.18 28154.86 183.07
28200.02 227.12 28199.98 183.03
28245.14 227.06 28245.10 183.00
28290.26 227.00 28290.22 182.96
28335.38 226.93 28335.34 182.92
28380.50 226.87 28380.46 182.88
28425.62 226.81 28425.58 182.84
28470.74 226.75 28470.70 182.81
28515.86 226.68 28515.82 182.77
28560.98 226.62 28560.94 182.73
28606.10 226.56 28606.06 182.69
28651.22 226.49 28651.18 182.65
28696.34 226.43 28696.30 182.62
28741.46 226.37 28741.42 182.58
28786.58 226.30 28786.54 182.54
28831.70 226.24 28831.66 182.50
28876.82 226.18 28876.78 182.47
28921.94 226.11 28921.90 182.43
28967.06 226.05 28967.02 182.39
29012.18 225.99 29012.14 182.36
29057.30 225.92 29057.26 182.32
29102.42 225.86 29102.38 182.28
29147.54 225.79 29147.50 182.25
29192.66 225.73 29192.62 182.21
29237.78 225.66 29237.74 182.17
29282.90 225.60 29282.86 182.14
29328.02 225.54 29327.98 182.10
29373.14 225.47 29373.10 182.07
29418.26 225.41 29418.22 182.03
29463.38 225.34 29463.34 181.99
29508.50 225.28 29508.46 181.96
29553.62 225.21 29553.58 181.92
29598.74 225.15 29598.70 181.89
29643.86 225.08 29643.82 181.85
29688.98 225.02 29688.94 181.82
29734.10 224.95 29734.06 181.78
29779.22 224.88 29779.18 181.75
29824.34 224.82 29824.30 181.71
29869.46 224.75 29869.42 181.68
29914.58 224.69 29914.54 181.64
29959.70 224.62 29959.66 181.61
30004.82 224.55 30004.78 181.57
30049.94 224.49 30049.90 181.54
30095.06 224.42 30095.02 181.51
30140.18 224.35 30140.14 181.47
30185.30 224.29 30185.26 181.44
30230.42 224.22 30230.38 181.40
30275.54 224.15 30275.50 181.37
30320.66 224.09 30320.62 181.34
30365.78 224.02 30365.74 181.30
30410.90 223.95 30410.86 181.27
30456.02 223.89 30455.98 181.24
30501.14 223.82 30501.10 181.20
30546.26 223.75 30546.22 181.17
30591.38 223.68 30591.34 181.14
30636.50 223.62 30636.46 181.10
30681.62 223.55 30681.58 181.07
30726.74 223.48 30726.70 181.04
30771.86 223.41 30771.82 181.00
30816.98 223.34 30816.94 180.97
30862.10 223.28 30862.06 180.94
30907.22 223.21 30907.18 180.91
30952.34 223.14 30952.30 180.88
30997.46 223.07 30997.42 180.84
31042.58 223.00 31042.54 180.81
31087.70 222.93 31087.66 180.78
31132.82 222.86 31132.78 180.75
31177.94 222.79 31177.90 180.72
31223.06 222.73 31223.02 180.69
31268.18 222.66 31268.14 180.65
31313.30 222.59 31313.26 180.62
31358.42 222.52 31358.38 180.59
31403.54 222.45 31403.50 180.56
31448.66 222.38 31448.62 180.53
31493.78 222.31 31493.74 180.50
31538.90 222.24 31538.86 180.47
31584.02 222.17 31583.98 180.44
31629.14 222.10 31629.10 180.41
31674.26 222.03 31674.22 180.38
31719.38 221.96 31719.34 180.35
31764.50 221.89 31764.46 180.32
31809.62 221.82 31809.58 180.29
31854.74 221.74 31854.70 180.26
31899.86 221.67 31899.82 180.23
31944.98 221.60 31944.94 180.20
31990.10 221.53 31990.06 180.17
32035.22 221.46 32035.18 180.14
32080.34 221.39 32080.30 180.11
32125.46 221.32 32125.42 180.08
32170.58 221.24 32170.54 180.05
32215.70 221.17 32215.66 180.02
32260.82 221.10 32260.78 179.99
32305.94 221.03 32305.90 179.97
32351.06 220.96 32351.02 179.94
32396.18 220.88 32396.14 179.91
32441.30 220.81 32441.26 179.88
32486.42 220.74 32486.38 179.85
32531.54 220.67 32531.50 179.83
32576.66 220.59 32576.62 179.80
32621.78 220.52 32621.74 179.77
32666.90 220.45 32666.86 179.74
32712.02 220.37 32711.98 179.71
32757.14 220.30 32757.10 179.69
32802.26 220.23 32802.22 179.66
32847.38 220.15 32847.34 179.63
32892.50 220.08 32892.46 179.61
32937.62 220.01 32937.58 179.58
32982.74 219.93 32982.70 179.55
33027.86 219.86 33027.82 179.53
33072.98 219.78 33072.94 179.50
33118.10 219.71 33118.06 179.47
33163.22 219.64 33163.18 179.45
33208.34 219.56 33208.30 179.42
33253.46 219.49 33253.42 179.40
33298.58 219.41 33298.54 179.37
33343.70 219.34 33343.66 179.34
33388.82 219.26 33388.78 179.32
33433.94 219.19 33433.90 179.29
33479.06 219.11 33479.02 179.27
33524.18 219.03 33524.14 179.24
33569.30 218.96 33569.26 179.22
33614.42 218.88 33614.38 179.19
33659.54 218.81 33659.50 179.17
33704.66 218.73 33704.62 179.14
33749.78 218.65 33749.74 179.12
33794.90 218.58 33794.86 179.10
33840.02 218.50 33839.98 179.07
33885.14 218.43 33885.10 179.05
33930.26 218.35 33930.22 179.02
33975.38 218.27 33975.34 179.00
34020.50 218.19 34020.46 178.98
34065.62 218.12 34065.58 178.95
34110.74 218.04 34110.70 178.93
34155.86 217.96 34155.82 178.91
34200.98 217.88 34200.94 178.88
34246.10 217.81 34246.06 178.86
34291.22 217.73 34291.18 178.84
34336.34 217.65 34336.30 178.82
34381.46 217.57 34381.42 178.79
34426.58 217.49 34426.54 178.77
34471.70 217.42 34471.66 178.75
34516.82 217.34 34516.78 178.73
34561.94 217.26 34561.90 178.70
34607.06 217.18 34607.02 178.68
34652.18 217.10 34652.14 178.66
34697.30 217.02 34697.26 178.64
34742.42 216.94 34742.38 178.62
34787.54 216.86 34787.50 178.60
34832.66 216.78 34832.62 178.58
34877.78 216.70 34877.74 178.56
34922.90 216.62 34922.86 178.54
34968.02 216.54 34967.98 178.52
35013.14 216.46 35013.10 178.50
35058.26 216.38 35058.22 178.48
35103.38 216.30 35103.34 178.46
35148.50 216.22 35148.46 178.44
35193.62 216.14 35193.58 178.42
35238.74 216.06 35238.70 178.40
35283.86 215.98 35283.82 178.38
35328.98 215.89 35328.94 178.36
35374.10 215.81 35374.06 178.34
35419.22 215.73 35419.18 178.32
35464.34 215.65 35464.30 178.30
35509.46 215.57 35509.42 178.28
35554.58 215.48 35554.54 178.26
35599.70 215.40 35599.66 178.25
35644.82 215.32 35644.78 178.23
35689.94 215.24 35689.90 178.21
35735.06 215.15 35735.02 178.19
35780.18 215.07 35780.14 178.18
35825.30 214.99 35825.26 178.16
35870.42 214.90 35870.38 178.14
35915.54 214.82 35915.50 178.12
35960.66 214.74 35960.62 178.11
36005.78 214.65 36005.74 178.09
36050.90 214.57 36050.86 178.07
36096.02 214.48 36095.98 178.06
36141.14 214.40 36141.10 178.04
36186.26 214.31 36186.22 178.03
36231.38 214.23 36231.34 178.01
36276.50 214.14 36276.46 177.99
36321.62 214.06 36321.58 177.98
36366.74 213.97 36366.70 177.96
36411.86 213.89 36411.82 177.95
36456.98 213.80 36456.94 177.93
36502.10 213.71 36502.06 177.92
36547.22 213.63 36547.18 177.91
36592.34 213.54 36592.30 177.89
36637.46 213.46 36637.42 177.88
36682.58 213.37 36682.54 177.86
36727.70 213.28 36727.66 177.85
36772.82 213.19 36772.78 177.84
36817.94 213.11 36817.90 177.82
36863.06 213.02 36863.02 177.81
36908.18 212.93 36908.14 177.80
36953.30 212.84 36953.26 177.78
36998.42 212.76 36998.38 177.77
37043.54 212.67 37043.50 177.76
37088.66 212.58 37088.62 177.75
37133.78 212.49 37133.74 177.74
37178.90 212.40 37178.86 177.72
37224.02 212.31 37223.98 177.71
37269.14 212.22 37269.10 177.70
37314.26 212.13 37314.22 177.69
37359.38 212.04 37359.34 177.68
37404.50 211.95 37404.46 177.67
37449.62 211.86 37449.58 177.66
37494.74 211.77 37494.70 177.65
37539.86 211.68 37539.82 177.64
37584.98 211.59 37584.94 177.63
37630.10 211.50 37630.06 177.62
37675.22 211.41 37675.18 177.61
37720.34 211.32 37720.30 177.60
37765.46 211.23 37765.42 177.59
37810.58 211.13 37810.54 177.58
37855.70 211.04 37855.66 177.57
37900.82 210.95 37900.78 177.57
37945.94 210.86 37945.90 177.56
37991.06 210.76 37991.02 177.55
38036.18 210.67 38036.14 177.54
38081.30 210.58 38081.26 177.53
38126.42 210.48 38126.38 177.53
38171.54 210.39 38171.50 177.52
38216.66 210.30 38216.62 177.51
38261.78 210.20 38261.74 177.51
38306.90 210.11 38306.86 177.50
38352.02 210.01 38351.98 177.50
38397.14 209.92 38397.10 177.49
38442.26 209.82 38442.22 177.49
38487.38 209.73 38487.34 177.48
38532.50 209.63 38532.46 177.48
38577.62 209.53 38577.58 177.47
38622.74 209.44 38622.70 177.47
38667.86 209.34 38667.82 177.46
38712.98 209.24 38712.94 177.46
38758.10 209.15 38758.06 177.46
38803.22 209.05 38803.18 177.45
38848.34 208.95 38848.30 177.45
38893.46 208.85 38893.42 177.45
38938.58 208.76 38938.54 177.44
38983.70 208.66 38983.66 177.44
39028.82 208.56 39028.78 177.44
39073.94 208.46 39073.90 177.44
39119.06 208.36 39119.02 177.44
39164.18 208.26 39164.14 177.44
39209.30 208.16 39209.26 177.44
39254.42 208.06 39254.38 177.44
39299.54 207.96 39299.50 177.44
39344.66 207.86 39344.62 177.44
39389.78 207.76 39389.74 177.44
39434.90 207.66 39434.86 177.44
39480.02 207.55 39479.98 177.44
39525.14 207.45 39525.10 177.44
39570.26 207.35 39570.22 177.44
39615.38 207.25 39615.34 177.44
39660.50 207.14 39660.46 177.45
39705.62 207.04 39705.58 177.45
39750.74 206.94 39750.70 177.45
39795.86 206.83 39795.82 177.45
39840.98 206.73 39840.94 177.46
39886.10 206.62 39886.06 177.46
39931.22 206.52 39931.18 177.47
39976.34 206.41 39976.30 177.47
40021.46 206.31 40021.42 177.48
40066.58 206.20 40066.54 177.48
40111.70 206.09 40111.66 177.49
40156.82 205.99 40156.78 177.49
40201.94 205.88 40201.90 177.50
40247.06 205.77 40247.02 177.51
40292.18 205.66 40292.14 177.52
40337.30 205.56 40337.26 177.52
40382.42 205.45 40382.38 177.53
40427.54 205.34 40427.50 177.54
40472.66 205.23 40472.62 177.55
40517.78 205.12 40517.74 177.56
40562.90 205.01 40562.86 177.57
40608.02 204.90 40607.98 177.58
40653.14 204.79 40653.10 177.59
40698.26 204.67 40698.22 177.60
40743.38 204.56 40743.34 177.61
40788.49 204.45 40788.47 177.62
40833.61 204.34 40833.59 177.64
40878.73 204.22 40878.71 177.65
40923.85 204.11 40923.83 177.66
40968.97 203.99 40968.95 177.68
41014.09 203.88 41014.07 177.69
41059.21 203.76 41059.19 177.70
41104.33 203.65 41104.31 177.72
41149.45 203.53 41149.43 177.74
41194.57 203.42 41194.55 177.75
41239.69 203.30 41239.67 177.77
41284.81 203.18 41284.79 177.79
41329.93 203.06 41329.91 177.80
41375.05 202.94 41375.03 177.82
41420.17 202.82 41420.15 177.84
41465.29 202.70 41465.27 177.86
41510.41 202.58 41510.39 177.88
41555.53 202.46 41555.51 177.90
41600.65 202.34 41600.63 177.92
41645.77 202.22 41645.75 177.94
41690.89 202.10 41690.87 177.96
41736.01 201.97 41735.99 177.99
41781.13 201.85 41781.11 178.01
41826.25 201.72 41826.23 178.03
41871.37 201.60 41871.35 178.06
41916.49 201.47 41916.47 178.08
41961.61 201.34 41961.59 178.11
42006.73 201.22 42006.71 178.14
42051.85 201.09 42051.83 178.17
42096.97 200.96 42096.95 178.19
42142.09 200.83 42142.07 178.22
42187.21 200.70 42187.19 178.25
42232.33 200.57 42232.31 178.28
42277.45 200.44 42277.43 178.31
42322.57 200.31 42322.55 178.35
42367.69 200.17 42367.67 178.38
42412.81 200.04 42412.79 178.41
42457.93 199.90 42457.91 178.45
42503.05 199.77 42503.03 178.48
42548.17 199.63 42548.15 178.52
42593.29 199.49 42593.27 178.55
42638.41 199.35 42638.39 178.59
42683.53 199.21 42683.51 178.63
42728.65 199.07 42728.63 178.67
42773.77 198.93 42773.75 178.71
42818.89 198.79 42818.87 178.76
42864.01 198.64 42863.99 178.80
42909.13 198.50 42909.11 178.84
42954.25 198.35 42954.23 178.89
42999.37 198.21 42999.35 178.93
43044.49 198.06 43044.47 178.98
43089.61 197.91 43089.59 179.03
43134.73 197.76 43134.71 179.08
43179.85 197.61 43179.83 179.13
43224.97 197.45 43224.95 179.19
43270.09 197.30 43270.07 179.24
43315.21 197.14 43315.19 179.30
43360.33 196.98 43360.31 179.35
43405.45 196.82 43405.43 179.41
43450.57 196.66 43450.55 179.47
43495.69 196.50 43495.67 179.53
43540.81 196.33 43540.79 179.60
43585.93 196.17 43585.91 179.66
43631.05 196.00 43631.03 179.73
43676.17 195.83 43676.15 179.80
43721.29 195.66 43721.27 179.87
43766.41 195.48 43766.39 179.95
43811.53 195.30 43811.51 180.02
43856.65 195.13 43856.63 180.10
43901.77 194.94 43901.75 180.18
43946.89 194.76 43946.87 180.27
43992.01 194.57 43991.99 180.35
44037.13 194.38 44037.11 180.44
44082.25 194.19 44082.23 180.54
44127.37 193.99 44127.35 180.63
44172.49 193.79 44172.47 180.73
44217.61 193.59 44217.59 180.84
44262.73 193.38 44262.71 180.95
44307.85 193.16 44307.83 181.06
44352.97 192.95 44352.95 181.17
44398.09 192.72 44398.07 181.30
44443.21 192.49 44443.19 181.43
44488.33 192.26 44488.31 181.56
44533.45 192.02 44533.43 181.70
44578.57 191.77 44578.55 181.85
44623.69 191.51 44623.67 182.01
44668.81 191.24 44668.79 182.18
44713.92 190.96 44713.92 182.36
44759.04 190.66 44759.04 182.55
44804.16 190.35 44804.16 182.76
44849.28 190.02 44849.28 182.99
44894.40 189.67 44894.40 183.25
44939.52 189.28 44939.52 183.53
44984.64 188.85 44984.64 183.87
45029.76 188.34 45029.76 184.27
45074.88 187.69 45074.88 184.82
45120.00 186.21 45120.00 186.21
