0.00 233.53
10.00 232.36
20.00 233.62
30.00 231.35
40.00 228.38
50.00 224.90
60.00 220.13
70.00 216.06
80.00 212.48
90.00 209.01
100.00 205.44
110.00 202.56
120.00 200.83
130.00 198.46
140.00 196.18
150.00 193.21
160.00 189.73
170.00 185.56
180.00 181.49
190.00 177.31
200.00 172.64
210.00 167.41
220.00 162.73
230.00 159.76
240.00 157.48
250.00 155.11
260.00 153.34
270.00 150.46
280.00 144.49
290.00 136.91
300.00 130.94
310.00 125.71
320.00 120.43
330.00 116.36
340.00 114.59
350.00 111.61
360.00 107.54
370.00 103.46
380.00 99.89
390.00 96.92
400.00 94.68
410.00 93.51
420.00 92.33
430.00 91.76
440.00 91.19
450.00 90.61
460.00 90.64
470.00 90.66
480.00 91.29
490.00 92.51
500.00 92.58
510.00 95.01
520.00 95.03
530.00 95.66
540.00 96.88
550.00 96.31
560.00 95.14
570.00 93.36
580.00 90.99
590.00 83.95
600.00 79.28
610.00 74.60
620.00 69.33
630.00 63.96
640.00 59.88
650.00 55.81
660.00 51.63
670.00 46.36
680.00 41.68
690.00 35.25
700.00 32.27
710.00 30.50
720.00 28.82
730.00 28.25
740.00 27.68
750.00 27.10
760.00 27.13
770.00 26.55
780.00 24.82
790.00 23.14
800.00 23.17
810.00 23.19
820.00 23.22
830.00 23.24
840.00 23.27
850.00 23.29
860.00 23.32
870.00 23.34
880.00 23.41
890.00 23.44
900.00 25.76
910.00 26.99
920.00 27.61
930.00 27.64
940.00 28.26
950.00 28.29
960.00 28.91
970.00 30.18
980.00 30.20
990.00 30.73
1000.00 30.75
1010.00 31.38
1020.00 32.60
1030.00 34.43
1040.00 33.85
1050.00 33.88
1060.00 33.90
1070.00 33.97
1080.00 35.19
1090.00 37.02
1100.00 39.34
1110.00 42.37
1120.00 45.89
1130.00 50.71
1140.00 53.64
1150.00 53.66
1160.00 57.93
1170.00 60.25
1180.00 62.08
1190.00 64.50
1200.00 66.23
1210.00 68.05
1220.00 69.88
1230.00 72.20
1240.00 72.83
1250.00 74.65
1260.00 84.82
1270.00 86.54
1280.00 90.17
1290.00 94.89
1300.00 94.91
1310.00 92.04
1320.00 88.46
1330.00 87.89
1340.00 86.71
1350.00 87.38
1360.00 85.10
1370.00 84.53
1380.00 84.55
1390.00 84.57
1400.00 84.60
1410.00 86.32
1420.00 89.35
1430.00 95.27
1440.00 100.00
1450.00 107.76
1460.00 112.59
1470.00 116.71
1480.00 117.93
1490.00 117.96
1500.00 117.96
1510.00 117.98
1520.00 115.01
1530.00 115.03
1540.00 120.50
1550.00 123.42
1560.00 127.04
1570.00 129.97
1580.00 132.39
1590.00 133.62
1600.00 135.34
1610.00 138.36
1620.00 143.09
1630.00 147.31
1640.00 154.48
1650.00 158.00
1660.00 161.62
1670.00 163.95
1680.00 166.37
1690.00 167.00
1700.00 165.22
1710.00 159.34
1720.00 157.57
1730.00 164.73
1740.00 160.06
1750.00 157.08
1760.00 155.30
1770.00 157.13
1780.00 158.35
1790.00 164.27
1800.00 163.70
1810.00 162.52
1820.00 162.04
1830.00 163.21
1840.00 163.33
1850.00 163.36
1860.00 160.68
1870.00 157.90
1880.00 152.23
1890.00 148.25
1900.00 145.97
1910.00 144.20
1920.00 147.76
1930.00 146.09
1940.00 144.31
1950.00 142.63
1960.00 140.36
1970.00 136.98
1980.00 133.60
1990.00 130.73
2000.00 129.05
2010.00 128.47
2020.00 128.54
2030.00 126.86
2040.00 126.28
2050.00 124.01
2060.00 121.13
2070.00 118.35
2080.00 114.38
2090.00 106.90
2100.00 106.32
2110.00 106.99
2120.00 108.21
2130.00 108.23
2140.00 109.96
2150.00 112.78
2160.00 114.00
2170.00 113.43
2180.00 117.45
2190.00 118.07
2200.00 115.19
2210.00 116.46
2220.00 115.88
2230.00 114.20
2240.00 113.63
2250.00 112.55
2260.00 111.97
2270.00 110.30
2280.00 109.12
2290.00 108.64
2300.00 108.71
2310.00 107.53
2320.00 106.95
2330.00 106.47
2340.00 107.00
2350.00 107.62
2360.00 110.54
2370.00 111.07
2380.00 110.59
2390.00 107.71
2400.00 108.98
2410.00 107.20
2420.00 108.42
2430.00 107.84
2440.00 107.27
2450.00 106.19
2460.00 103.91
2470.00 101.03
2480.00 99.36
2490.00 100.02
2500.00 98.34
2510.00 97.16
2520.00 95.49
2530.00 94.91
2540.00 93.83
2550.00 93.25
2560.00 92.68
2570.00 92.70
2580.00 92.22
2590.00 94.49
2600.00 96.31
2610.00 96.83
2620.00 96.85
2630.00 96.37
2640.00 95.80
2650.00 94.62
2660.00 93.54
2670.00 93.56
2680.00 93.63
2690.00 93.65
2700.00 93.67
2710.00 93.69
2720.00 93.12
2730.00 93.14
2740.00 93.16
2750.00 93.18
2760.00 93.20
2770.00 93.23
2780.00 93.29
2790.00 93.31
2800.00 93.33
2810.00 93.36
2820.00 93.38
2830.00 93.40
2840.00 93.42
2850.00 93.44
2860.00 93.47
2870.00 93.53
2880.00 93.55
2890.00 93.57
2900.00 94.80
2910.00 98.22
2920.00 98.24
2930.00 99.46
2940.00 98.88
2950.00 99.50
2960.00 99.53
2970.00 101.29
2980.00 103.61
2990.00 107.03
3000.00 111.05
3010.00 115.08
3020.00 119.70
3030.00 123.72
3040.00 127.24
3050.00 130.06
3060.00 131.93
3070.00 131.95
3080.00 127.37
3090.00 127.39
3100.00 126.21
3110.00 125.73
3120.00 124.56
3130.00 123.98
3140.00 124.60
3150.00 125.22
3160.00 122.38
3170.00 122.40
3180.00 123.63
3190.00 123.65
3200.00 123.67
3210.00 123.69
3220.00 122.51
3230.00 122.53
3240.00 125.45
3250.00 123.22
3260.00 122.04
3270.00 120.36
3280.00 119.78
3290.00 122.70
3300.00 122.70
3310.00 129.62
3320.00 134.84
3330.00 141.67
3340.00 146.89
3350.00 149.85
3360.00 153.27
3370.00 156.19
3380.00 157.91
3390.00 159.03
3400.00 160.75
3410.00 159.68
3420.00 160.80
3430.00 163.22
3440.00 158.08
3450.00 159.80
3460.00 159.22
3470.00 160.94
3480.00 161.56
3490.00 158.18
3500.00 153.01
3510.00 150.73
3520.00 150.75
3530.00 151.97
3540.00 153.13
3550.00 152.65
3560.00 154.37
3570.00 158.99
3580.00 163.61
3590.00 166.43
3600.00 167.66
3610.00 166.48
3620.00 165.90
3630.00 161.36
3640.00 162.58
3650.00 164.30
3660.00 167.82
3670.00 170.64
3680.00 172.36
3690.00 172.98
3700.00 172.40
3710.00 171.32
3720.00 171.95
3730.00 167.41
3740.00 168.53
3750.00 168.55
3760.00 166.27
3770.00 166.29
3780.00 166.31
3790.00 165.83
3800.00 167.55
3810.00 170.97
3820.00 171.59
3830.00 171.65
3840.00 173.97
3850.00 173.99
3860.00 174.01
3870.00 172.83
3880.00 171.76
3890.00 171.18
3900.00 170.10
3910.00 170.12
3920.00 164.48
3930.00 164.50
3940.00 165.02
3950.00 163.34
3960.00 159.96
3970.00 157.08
3980.00 157.70
3990.00 156.52
4000.00 155.44
4010.00 153.76
4020.00 149.22
4030.00 147.54
4040.00 146.36
4050.00 146.38
4060.00 148.70
4070.00 149.32
4080.00 147.64
4090.00 147.06
4100.00 149.38
4110.00 142.54
4120.00 140.86
4130.00 142.58
4140.00 145.50
4150.00 147.22
4160.00 146.04
4170.00 146.66
4180.00 148.38
4190.00 150.10
4200.00 153.02
4210.00 151.98
4220.00 153.10
4230.00 154.82
4240.00 152.54
4250.00 153.76
4260.00 154.88
4270.00 156.70
4280.00 158.42
4290.00 161.24
4300.00 157.90
4310.00 157.32
4320.00 155.64
4330.00 151.66
4340.00 145.98
4350.00 141.40
4360.00 137.92
4370.00 135.64
4380.00 133.96
4390.00 131.68
4400.00 125.44
4410.00 123.16
4420.00 122.58
4430.00 122.10
4440.00 122.12
4450.00 122.14
4460.00 122.16
4470.00 122.18
4480.00 122.19
4490.00 122.26
4500.00 122.27
4510.00 123.39
4520.00 123.41
4530.00 123.43
4540.00 123.45
4550.00 125.77
4560.00 125.79
4570.00 125.81
4580.00 124.73
4590.00 124.79
4600.00 124.81
4610.00 125.33
4620.00 125.95
4630.00 126.57
4640.00 127.69
4650.00 128.30
4660.00 128.92
4670.00 129.54
4680.00 124.40
4690.00 123.82
4700.00 123.84
4710.00 123.26
4720.00 123.28
4730.00 122.80
4740.00 122.82
4750.00 122.84
4760.00 122.86
4770.00 122.87
4780.00 124.03
4790.00 124.65
4800.00 125.77
4810.00 126.39
4820.00 127.01
4830.00 127.63
4840.00 128.15
4850.00 128.17
4860.00 128.19
4870.00 130.54
4880.00 131.16
4890.00 131.78
4900.00 131.20
4910.00 131.82
4920.00 131.84
4930.00 134.16
4940.00 134.18
4950.00 133.59
4960.00 133.61
4970.00 145.17
4980.00 142.89
4990.00 139.41
5000.00 137.73
5010.00 137.75
5020.00 137.17
5030.00 137.18
5040.00 136.70
5050.00 136.72
5060.00 137.88
5070.00 139.60
5080.00 141.42
5090.00 142.54
5100.00 143.15
5110.00 143.15
5120.00 143.67
5130.00 144.29
5140.00 146.01
5150.00 147.23
5160.00 148.99
5170.00 149.01
5180.00 149.02
5190.00 148.44
5200.00 147.96
5210.00 147.38
5220.00 147.40
5230.00 146.82
5240.00 146.83
5250.00 149.19
5260.00 148.61
5270.00 148.13
5280.00 148.15
5290.00 147.57
5300.00 147.58
5310.00 145.90
5320.00 144.12
5330.00 141.94
5340.00 138.46
5350.00 139.72
5360.00 142.53
5370.00 144.85
5380.00 146.57
5390.00 148.39
5400.00 149.51
5410.00 151.22
5420.00 155.24
5430.00 158.76
5440.00 169.12
5450.00 172.54
5460.00 174.35
5470.00 175.47
5480.00 176.59
5490.00 176.61
5500.00 176.63
5510.00 177.84
5520.00 175.56
5530.00 175.58
5540.00 177.94
5550.00 178.56
5560.00 175.67
5570.00 175.09
5580.00 171.11
5590.00 169.43
5600.00 170.04
5610.00 169.46
5620.00 165.98
5630.00 172.44
5640.00 173.56
5650.00 175.87
5660.00 178.79
5670.00 182.21
5680.00 182.83
5690.00 184.54
5700.00 186.26
5710.00 188.58
5720.00 191.50
5730.00 200.75
5740.00 204.17
5750.00 207.59
5760.00 210.51
5770.00 211.62
5780.00 212.84
5790.00 214.56
5800.00 212.88
5810.00 207.69
5820.00 206.65
5830.00 204.97
5840.00 203.79
5850.00 202.70
5860.00 203.22
5870.00 203.84
5880.00 208.45
5890.00 210.17
5900.00 213.09
5910.00 214.81
5920.00 221.16
5930.00 222.88
5940.00 222.90
5950.00 221.82
5960.00 223.53
5970.00 226.45
5980.00 227.57
5990.00 227.08
6000.00 225.90
6010.00 234.56
6020.00 235.18
6030.00 232.89
6040.00 230.01
6050.00 226.63
6060.00 220.84
6070.00 214.06
6080.00 208.28
6090.00 200.89
6100.00 196.91
6110.00 198.67
6120.00 198.09
6130.00 197.00
6140.00 197.02
6150.00 193.54
6160.00 189.55
6170.00 188.47
6180.00 183.29
6190.00 179.30
6200.00 181.66
6210.00 176.48
6220.00 171.89
6230.00 167.91
6240.00 165.13
6250.00 162.24
6260.00 160.56
6270.00 157.08
6280.00 150.29
6290.00 146.21
6300.00 149.17
6310.00 148.09
6320.00 147.50
6330.00 146.32
6340.00 143.53
6350.00 138.35
6360.00 136.67
6370.00 133.78
6380.00 129.80
6390.00 129.86
6400.00 124.77
6410.00 120.69
6420.00 116.21
6430.00 110.42
6440.00 105.84
6450.00 102.46
6460.00 99.57
6470.00 96.19
6480.00 92.21
6490.00 92.26
6500.00 91.08
6510.00 89.39
6520.00 86.51
6530.00 83.13
6540.00 80.24
6550.00 78.56
6560.00 77.48
6570.00 77.49
6580.00 79.85
6590.00 77.56
6600.00 76.38
6610.00 75.80
6620.00 76.41
6630.00 77.03
6640.00 75.84
6650.00 74.76
6660.00 73.08
6670.00 72.49
6680.00 74.85
6690.00 74.27
6700.00 73.78
6710.00 73.20
6720.00 73.21
6730.00 73.83
6740.00 73.85
6750.00 74.36
6760.00 77.88
6770.00 80.23
6780.00 80.25
6790.00 80.26
6800.00 77.98
6810.00 76.80
6820.00 74.01
6830.00 75.73
6840.00 76.84
6850.00 75.76
6860.00 75.18
6870.00 78.93
6880.00 78.35
6890.00 77.86
6900.00 78.38
6910.00 78.38
6920.00 78.99
6930.00 80.81
6940.00 82.53
6950.00 83.74
6960.00 87.20
6970.00 85.51
6980.00 83.23
6990.00 82.04
7000.00 82.06
7010.00 81.47
7020.00 80.99
7030.00 82.71
7040.00 88.52
7050.00 94.94
7060.00 100.79
7070.00 101.31
7080.00 101.32
7090.00 101.34
7100.00 99.05
7110.00 99.07
7120.00 99.08
7130.00 100.30
7140.00 99.72
7150.00 103.27
7160.00 100.99
7170.00 100.40
7180.00 100.42
7190.00 100.43
7200.00 99.25
7210.00 99.26
7220.00 101.58
7230.00 101.59
7240.00 100.51
7250.00 100.56
7260.00 101.18
7270.00 101.19
7280.00 100.61
7290.00 101.72
7300.00 103.54
7310.00 105.25
7320.00 106.97
7330.00 109.38
7340.00 115.24
7350.00 117.55
7360.00 119.27
7370.00 120.98
7380.00 122.20
7390.00 123.91
7400.00 125.73
7410.00 124.54
7420.00 125.76
7430.00 128.07
7440.00 129.23
7450.00 125.84
7460.00 123.56
7470.00 121.77
7480.00 118.29
7490.00 114.30
7500.00 110.22
7510.00 105.63
7520.00 104.45
7530.00 106.30
7540.00 105.12
7550.00 103.43
7560.00 101.75
7570.00 99.96
7580.00 97.07
7590.00 94.79
7600.00 92.50
7610.00 90.82
7620.00 88.43
7630.00 93.69
7640.00 96.60
7650.00 97.82
7660.00 96.63
7670.00 97.85
7680.00 97.86
7690.00 95.57
7700.00 93.79
7710.00 92.10
7720.00 89.86
7730.00 86.97
7740.00 85.29
7750.00 85.80
7760.00 84.12
7770.00 84.13
7780.00 86.44
7790.00 87.66
7800.00 86.47
7810.00 84.19
7820.00 89.44
7830.00 88.36
7840.00 87.17
7850.00 88.38
7860.00 92.40
7870.00 95.31
7880.00 97.03
7890.00 97.64
7900.00 102.85
7910.00 111.01
7920.00 110.52
7930.00 108.14
7940.00 106.45
7950.00 105.26
7960.00 101.88
7970.00 101.29
7980.00 100.11
7990.00 98.42
8000.00 96.13
8010.00 98.49
8020.00 95.60
8030.00 92.72
8040.00 89.23
8050.00 85.84
8060.00 82.96
8070.00 80.07
8080.00 79.49
8090.00 76.60
8100.00 76.65
8110.00 75.47
8120.00 73.78
8130.00 72.60
8140.00 70.91
8150.00 70.92
8160.00 70.94
8170.00 70.95
8180.00 70.96
8190.00 70.98
8200.00 71.03
8210.00 71.04
8220.00 71.06
8230.00 71.07
8240.00 71.09
8250.00 71.10
8260.00 71.11
8270.00 71.13
8280.00 71.14
8290.00 71.19
8300.00 71.21
8310.00 71.22
8320.00 71.23
8330.00 71.25
8340.00 71.26
8350.00 71.27
8360.00 71.29
8370.00 71.30
8380.00 71.31
8390.00 71.37
8400.00 71.38
8410.00 71.39
8420.00 71.41
8430.00 71.42
8440.00 71.43
8450.00 71.45
8460.00 71.46
8470.00 71.47
8480.00 71.53
8490.00 71.54
8500.00 71.55
8510.00 71.57
8520.00 71.58
8530.00 71.59
8540.00 71.61
8550.00 71.62
8560.00 71.63
8570.00 71.65
8580.00 71.70
8590.00 71.71
8600.00 71.72
8610.00 71.74
8620.00 71.75
8630.00 71.76
8640.00 71.78
8650.00 71.79
8660.00 71.80
8670.00 71.86
8680.00 71.87
8690.00 71.88
8700.00 71.89
8710.00 71.89
8720.00 71.91
8730.00 71.92
8740.00 71.93
8750.00 71.94
8760.00 71.96
8770.00 72.01
8780.00 72.02
8790.00 72.04
8800.00 72.05
8810.00 72.06
8820.00 72.07
8830.00 72.09
8840.00 72.10
8850.00 72.11
8860.00 72.16
8870.00 72.18
8880.00 72.19
8890.00 72.20
8900.00 72.21
8910.00 72.23
8920.00 72.24
8930.00 72.25
8940.00 72.26
8950.00 72.28
8960.00 72.33
8970.00 72.34
8980.00 72.35
8990.00 72.37
9000.00 72.38
9010.00 72.39
9020.00 72.40
9030.00 72.42
9040.00 72.43
9050.00 72.48
9060.00 72.49
9070.00 72.51
9080.00 72.52
9090.00 72.53
9100.00 72.54
9110.00 72.56
9120.00 72.57
9130.00 72.58
9140.00 72.59
9150.00 72.64
9160.00 72.66
9170.00 72.67
9180.00 72.68
9190.00 72.69
9200.00 72.70
9210.00 72.72
9220.00 72.73
9230.00 72.74
9240.00 72.75
9250.00 72.80
9260.00 72.82
9270.00 72.83
9280.00 72.84
9290.00 72.85
9300.00 72.86
9310.00 72.88
9320.00 72.89
9330.00 72.90
9340.00 72.95
9350.00 72.96
9360.00 72.98
9370.00 72.99
9380.00 73.00
9390.00 73.01
9400.00 73.02
9410.00 73.03
9420.00 73.05
9430.00 73.06
9440.00 73.11
9450.00 73.12
9460.00 73.13
9470.00 73.14
9480.00 73.16
9490.00 73.17
9500.00 73.18
9510.00 73.19
9520.00 73.20
9530.00 73.25
9540.00 73.27
9550.00 73.28
9560.00 73.29
9570.00 73.30
9580.00 73.31
9590.00 73.32
9600.00 73.33
9610.00 73.35
9620.00 73.36
9630.00 73.41
9640.00 73.42
9650.00 73.43
9660.00 73.44
9670.00 73.45
9680.00 73.47
9690.00 73.48
9700.00 73.49
9710.00 73.50
9720.00 75.85
9730.00 75.86
9740.00 73.57
9750.00 73.58
9760.00 73.60
9770.00 73.61
9780.00 73.62
9790.00 73.63
9800.00 73.64
9810.00 73.65
9820.00 73.70
9830.00 73.71
9840.00 73.72
9850.00 73.74
9860.00 73.75
9870.00 73.76
9880.00 73.77
9890.00 73.78
9900.00 73.79
9910.00 73.84
9920.00 73.85
9930.00 73.86
9940.00 73.87
9950.00 73.89
9960.00 73.90
9970.00 73.91
9980.00 73.92
9990.00 73.93
10000.00 73.94
10010.00 73.99
10020.00 74.00
10030.00 74.01
10040.00 74.02
10050.00 74.03
10060.00 74.04
10070.00 74.05
10080.00 74.07
10090.00 74.08
10100.00 74.13
10110.00 74.14
10120.00 74.15
10130.00 74.16
10140.00 74.17
10150.00 74.18
10160.00 74.19
10170.00 74.20
10180.00 74.21
10190.00 74.22
10200.00 74.27
10210.00 74.28
10220.00 74.29
10230.00 74.30
10240.00 74.31
10250.00 74.32
10260.00 74.34
10270.00 74.35
10280.00 74.36
10290.00 74.41
10300.00 74.42
10310.00 74.43
10320.00 74.44
10330.00 74.45
10340.00 74.46
10350.00 74.47
10360.00 74.48
10370.00 74.49
10380.00 74.50
10390.00 74.55
10400.00 74.56
10410.00 74.57
10420.00 74.58
10430.00 74.59
10440.00 74.60
10450.00 74.61
10460.00 74.62
10470.00 74.63
10480.00 74.68
10490.00 74.69
10500.00 74.70
10510.00 74.71
10520.00 74.71
10530.00 74.72
10540.00 74.73
10550.00 74.74
10560.00 74.75
10570.00 74.76
10580.00 74.81
10590.00 74.82
10600.00 74.83
10610.00 74.84
10620.00 74.85
10630.00 74.86
10640.00 74.87
10650.00 74.88
10660.00 74.89
10670.00 74.94
10680.00 74.95
10690.00 74.96
10700.00 74.97
10710.00 74.98
10720.00 74.99
10730.00 75.00
10740.00 75.01
10750.00 75.02
10760.00 75.03
10770.00 75.08
10780.00 75.08
10790.00 75.09
10800.00 75.10
10810.00 75.11
10820.00 75.12
10830.00 75.13
10840.00 75.14
10850.00 75.15
10860.00 75.20
10870.00 75.21
10880.00 75.22
10890.00 75.23
10900.00 75.24
10910.00 75.25
10920.00 75.26
10930.00 75.27
10940.00 75.28
10950.00 75.29
10960.00 75.33
10970.00 75.34
10980.00 75.35
10990.00 75.36
11000.00 75.37
11010.00 75.38
11020.00 75.39
11030.00 75.40
11040.00 75.41
11050.00 75.46
11060.00 75.47
11070.00 75.48
11080.00 75.49
11090.00 75.49
11100.00 75.50
11110.00 77.21
11120.00 77.22
11130.00 77.23
11140.00 77.24
11150.00 75.59
11160.00 75.60
11170.00 75.61
11180.00 75.62
11190.00 75.62
11200.00 75.63
11210.00 75.64
11220.00 75.65
11230.00 75.66
11240.00 75.71
11250.00 75.72
11260.00 75.73
11270.00 75.74
11280.00 75.74
11290.00 75.75
11300.00 75.76
11310.00 75.77
11320.00 75.78
11330.00 75.79
11340.00 75.84
11350.00 75.85
11360.00 75.85
11370.00 75.86
11380.00 75.87
11390.00 75.88
11400.00 75.89
11410.00 75.90
11420.00 75.91
11430.00 75.95
11440.00 75.96
11450.00 75.97
11460.00 75.98
11470.00 75.99
11480.00 76.00
11490.00 76.01
11500.00 76.01
11510.00 76.02
11520.00 76.03
11530.00 76.08
11540.00 76.09
11550.00 76.10
11560.00 76.10
11570.00 76.11
11580.00 76.12
11590.00 76.13
11600.00 76.14
11610.00 76.15
11620.00 76.19
11630.00 76.20
11640.00 76.21
11650.00 76.22
11660.00 76.23
11670.00 76.23
11680.00 76.24
11690.00 76.25
11700.00 76.26
11710.00 76.27
11720.00 76.32
11730.00 76.32
11740.00 76.33
11750.00 76.34
11760.00 76.35
11770.00 76.36
11780.00 76.36
11790.00 76.37
11800.00 76.38
11810.00 76.43
11820.00 76.44
11830.00 76.44
11840.00 76.45
11850.00 76.46
11860.00 76.47
11870.00 76.48
11880.00 76.48
11890.00 76.49
11900.00 76.50
11910.00 75.25
11920.00 75.25
11930.00 75.26
11940.00 75.27
11950.00 75.28
11960.00 75.29
11970.00 75.29
11980.00 75.30
11990.00 75.31
12000.00 75.36
12010.00 75.36
12020.00 75.37
12030.00 75.38
12040.00 75.39
12050.00 75.39
12060.00 75.40
12070.00 76.01
12080.00 76.62
12090.00 75.42
12100.00 76.07
12110.00 76.08
12120.00 76.69
12130.00 76.09
12140.00 76.70
12150.00 77.81
12160.00 79.62
12170.00 82.52
12180.00 85.93
12190.00 90.08
12200.00 94.19
12210.00 98.79
12220.00 98.80
12230.00 101.11
12240.00 102.31
12250.00 100.02
12260.00 98.83
12270.00 98.84
12280.00 99.44
12290.00 95.39
12300.00 95.40
12310.00 93.71
12320.00 93.71
12330.00 90.21
12340.00 88.52
12350.00 87.93
12360.00 87.93
12370.00 89.04
12380.00 89.69
12390.00 95.49
12400.00 100.70
12410.00 103.01
12420.00 104.82
12430.00 105.92
12440.00 105.43
12450.00 104.24
12460.00 102.54
12470.00 101.35
12480.00 94.50
12490.00 93.90
12500.00 93.91
12510.00 96.22
12520.00 99.73
12530.00 101.43
12540.00 103.14
12550.00 104.95
12560.00 106.65
12570.00 100.40
12580.00 101.51
12590.00 101.51
12600.00 98.02
12610.00 93.43
12620.00 92.23
12630.00 94.64
12640.00 98.05
12650.00 99.85
12660.00 102.76
12670.00 101.01
12680.00 102.21
12690.00 102.22
12700.00 102.83
12710.00 104.53
12720.00 106.24
12730.00 108.65
12740.00 110.95
12750.00 112.66
12760.00 111.00
12770.00 109.81
12780.00 108.12
12790.00 104.62
12800.00 100.03
12810.00 93.64
12820.00 88.44
12830.00 84.95
12840.00 81.46
12850.00 79.16
12860.00 78.61
12870.00 78.61
12880.00 76.32
12890.00 76.33
12900.00 76.33
12910.00 76.34
12920.00 76.35
12930.00 76.95
12940.00 77.56
12950.00 78.70
12960.00 79.91
12970.00 81.62
12980.00 84.52
12990.00 86.33
13000.00 87.44
13010.00 87.44
13020.00 89.25
13030.00 92.65
13040.00 95.56
13050.00 100.91
13060.00 106.11
13070.00 111.92
13080.00 117.72
13090.00 124.63
13100.00 128.74
13110.00 129.84
13120.00 131.05
13130.00 132.15
13140.00 136.30
13150.00 140.90
13160.00 147.91
13170.00 154.32
13180.00 160.62
13190.00 162.93
13200.00 163.53
13210.00 163.54
13220.00 162.95
13230.00 163.55
13240.00 160.10
13250.00 160.10
13260.00 160.11
13270.00 160.11
13280.00 156.72
13290.00 156.12
13300.00 155.53
13310.00 156.14
13320.00 156.14
13330.00 153.29
13340.00 151.59
13350.00 148.70
13360.00 145.20
13370.00 140.51
13380.00 135.31
13390.00 130.12
13400.00 126.63
13410.00 123.73
13420.00 122.64
13430.00 119.78
13440.00 118.59
13450.00 116.29
13460.00 114.00
13470.00 109.90
13480.00 108.21
13490.00 107.01
13500.00 107.02
13510.00 107.02
13520.00 107.67
13530.00 108.27
13540.00 108.28
13550.00 108.29
13560.00 109.49
13570.00 109.50
13580.00 109.50
13590.00 108.91
13600.00 109.51
13610.00 109.52
13620.00 110.66
13630.00 108.37
13640.00 106.67
13650.00 104.28
13660.00 101.48
13670.00 97.99
13680.00 93.29
13690.00 89.30
13700.00 85.20
13710.00 78.35
13720.00 74.85
13730.00 69.66
13740.00 67.36
13750.00 67.37
13760.00 68.47
13770.00 69.68
13780.00 70.78
13790.00 72.59
13800.00 74.29
13810.00 79.04
13820.00 80.14
13830.00 80.74
13840.00 80.75
13850.00 81.85
13860.00 84.26
13870.00 87.66
13880.00 88.27
13890.00 88.27
13900.00 88.32
13910.00 90.12
13920.00 89.53
13930.00 89.53
13940.00 89.54
13950.00 89.54
13960.00 90.65
13970.00 90.15
13980.00 90.15
13990.00 90.66
14000.00 91.90
14010.00 90.71
14020.00 86.11
14030.00 83.82
14040.00 84.42
14050.00 86.73
14060.00 90.73
14070.00 97.13
14080.00 94.24
14090.00 107.58
14100.00 114.59
14110.00 116.29
14120.00 116.29
14130.00 115.20
14140.00 108.20
14150.00 103.00
14160.00 99.51
14170.00 100.71
14180.00 101.92
14190.00 105.96
14200.00 110.07
14210.00 114.07
14220.00 114.07
14230.00 111.18
14240.00 107.68
14250.00 110.09
14260.00 114.69
14270.00 114.70
14280.00 119.34
14290.00 113.04
14300.00 108.35
14310.00 107.75
14320.00 108.95
14330.00 110.16
14340.00 111.86
14350.00 112.47
14360.00 113.07
14370.00 113.08
14380.00 114.22
14390.00 115.42
14400.00 115.93
14410.00 115.43
14420.00 114.23
14430.00 112.54
14440.00 111.34
14450.00 108.45
14460.00 105.55
14470.00 101.59
14480.00 98.10
14490.00 95.80
14500.00 90.60
14510.00 80.11
14520.00 73.21
14530.00 66.82
14540.00 57.02
14550.00 53.52
14560.00 52.33
14570.00 50.67
14580.00 50.67
14590.00 51.28
14600.00 50.68
14610.00 50.08
14620.00 48.99
14630.00 48.99
14640.00 49.00
14650.00 49.00
14660.00 50.70
14670.00 53.64
14680.00 55.35
14690.00 55.95
14700.00 56.56
14710.00 57.66
14720.00 58.26
14730.00 59.47
14740.00 59.47
14750.00 61.17
14760.00 61.22
14770.00 61.22
14780.00 61.22
14790.00 61.23
14800.00 58.93
14810.00 58.93
14820.00 58.94
14830.00 58.94
14840.00 58.34
14850.00 56.65
14860.00 56.69
14870.00 54.39
14880.00 51.99
14890.00 50.90
14900.00 49.20
14910.00 49.20
14920.00 49.21
14930.00 49.21
14940.00 50.31
14950.00 52.06
14960.00 52.66
14970.00 53.26
14980.00 54.46
14990.00 56.17
15000.00 58.47
15010.00 61.37
15020.00 64.88
15030.00 69.48
15040.00 74.18
15050.00 80.02
15060.00 84.63
15070.00 88.63
15080.00 91.53
15090.00 94.44
15100.00 95.64
15110.00 97.94
15120.00 99.74
15130.00 104.35
15140.00 110.79
15150.00 111.89
15160.00 114.19
15170.00 116.50
15180.00 117.70
15190.00 119.50
15200.00 120.61
15210.00 121.81
15220.00 121.81
15230.00 119.51
15240.00 118.36
15250.00 113.16
15260.00 110.86
15270.00 110.86
15280.00 120.07
15290.00 122.97
15300.00 125.27
15310.00 125.27
15320.00 125.28
15330.00 121.92
15340.00 117.22
15350.00 110.32
15360.00 103.92
15370.00 98.13
15380.00 93.53
15390.00 89.43
15400.00 88.83
15410.00 88.34
15420.00 88.34
15430.00 88.38
15440.00 88.38
15450.00 90.09
15460.00 96.49
15470.00 103.39
15480.00 108.09
15490.00 107.49
15500.00 102.90
15510.00 97.60
15520.00 98.84
15530.00 98.24
15540.00 98.24
15550.00 98.85
15560.00 103.45
15570.00 109.25
15580.00 113.95
15590.00 117.36
15600.00 119.16
15610.00 120.26
15620.00 122.10
15630.00 122.10
15640.00 122.10
15650.00 119.81
15660.00 119.81
15670.00 122.11
15680.00 122.11
15690.00 119.81
15700.00 115.72
15710.00 105.36
15720.00 88.56
15730.00 77.56
15740.00 72.26
15750.00 71.16
15760.00 69.97
15770.00 69.97
15780.00 69.97
15790.00 69.97
15800.00 69.97
15810.00 60.81
15820.00 57.92
15830.00 56.12
15840.00 54.42
15850.00 53.82
15860.00 52.62
15870.00 52.62
15880.00 52.13
15890.00 53.83
15900.00 58.47
15910.00 60.87
15920.00 63.17
15930.00 63.17
15940.00 64.87
15950.00 66.57
15960.00 67.78
15970.00 69.48
15980.00 71.88
15990.00 71.28
16000.00 74.82
16010.00 74.22
16020.00 73.62
16030.00 73.03
16040.00 72.43
16050.00 71.33
16060.00 70.13
16070.00 69.53
16080.00 69.03
16090.00 72.47
16100.00 71.97
16110.00 71.97
16120.00 72.48
16130.00 73.08
16140.00 75.38
16150.00 78.88
16160.00 81.18
16170.00 83.48
16180.00 85.88
16190.00 89.92
16200.00 92.22
16210.00 95.13
16220.00 98.03
16230.00 99.83
16240.00 98.63
16250.00 95.13
16260.00 92.23
16270.00 88.83
16280.00 92.27
16290.00 88.87
16300.00 85.37
16310.00 88.88
16320.00 96.38
16330.00 102.78
16340.00 105.08
16350.00 102.78
16360.00 98.68
16370.00 89.98
16380.00 88.32
16390.00 85.42
16400.00 81.32
16410.00 76.72
16420.00 73.82
16430.00 70.92
16440.00 68.03
16450.00 66.33
16460.00 66.83
16470.00 70.97
16480.00 72.17
16490.00 73.87
16500.00 76.77
16510.00 78.47
16520.00 80.27
16530.00 87.17
16540.00 96.47
16550.00 100.57
16560.00 101.07
16570.00 104.61
16580.00 101.11
16590.00 97.71
16600.00 95.31
16610.00 94.21
16620.00 95.91
16630.00 98.21
16640.00 89.02
16650.00 87.82
16660.00 89.06
16670.00 84.96
16680.00 80.96
16690.00 75.66
16700.00 73.36
16710.00 72.26
16720.00 72.26
16730.00 72.76
16740.00 73.96
16750.00 76.26
16760.00 80.40
16770.00 82.70
16780.00 85.60
16790.00 88.50
16800.00 90.80
16810.00 93.10
16820.00 94.30
16830.00 95.40
16840.00 96.60
16850.00 97.24
16860.00 100.74
16870.00 103.64
16880.00 105.94
16890.00 107.04
16900.00 108.84
16910.00 109.34
16920.00 109.34
16930.00 109.34
16940.00 107.74
16950.00 103.38
16960.00 102.48
16970.00 101.58
16980.00 100.68
16990.00 100.68
17000.00 100.68
17010.00 99.78
17020.00 99.38
17030.00 99.38
17040.00 99.42
17050.00 100.31
17060.00 101.61
17070.00 103.91
17080.00 108.01
17090.00 111.11
17100.00 109.81
17110.00 103.41
17120.00 100.71
17130.00 100.71
17140.00 100.75
17150.00 101.65
17160.00 101.65
17170.00 101.65
17180.00 101.25
17190.00 100.75
17200.00 100.75
17210.00 100.35
17220.00 99.45
17230.00 97.59
17240.00 96.29
17250.00 94.49
17260.00 93.08
17270.00 91.68
17280.00 89.88
17290.00 85.88
17300.00 83.58
17310.00 82.18
17320.00 81.78
17330.00 82.22
17340.00 82.72
17350.00 82.72
17360.00 82.72
17370.00 80.92
17380.00 80.92
17390.00 80.92
17400.00 80.91
17410.00 80.91
17420.00 80.45
17430.00 80.95
17440.00 82.75
17450.00 89.05
17460.00 97.65
17470.00 101.35
17480.00 102.65
17490.00 104.45
17500.00 106.35
17510.00 108.54
17520.00 108.18
17530.00 109.98
17540.00 110.88
17550.00 111.78
17560.00 113.18
17570.00 115.88
17580.00 119.48
17590.00 123.58
17600.00 131.67
17610.00 129.01
17620.00 133.11
17630.00 137.21
17640.00 140.41
17650.00 144.91
17660.00 150.31
17670.00 152.61
17680.00 153.10
17690.00 153.50
17700.00 154.90
17710.00 154.44
17720.00 156.24
17730.00 156.24
17740.00 157.64
17750.00 158.54
17760.00 158.53
17770.00 158.03
17780.00 158.03
17790.00 158.53
17800.00 155.87
17810.00 157.17
17820.00 158.56
17830.00 161.26
17840.00 164.46
17850.00 169.46
17860.00 174.86
17870.00 179.86
17880.00 184.36
17890.00 187.15
17900.00 189.89
17910.00 191.69
17920.00 198.49
17930.00 203.49
17940.00 206.19
17950.00 208.48
17960.00 209.78
17970.00 210.28
17980.00 210.28
17990.00 212.12
18000.00 212.11
18010.00 212.11
18020.00 211.21
18030.00 213.01
18040.00 213.01
18050.00 213.01
18060.00 213.00
18070.00 213.00
18080.00 213.00
18090.00 213.04
18100.00 213.04
18110.00 210.73
18120.00 209.83
18130.00 208.03
18140.00 206.23
18150.00 204.43
18160.00 204.82
18170.00 204.42
18180.00 200.36
18190.00 202.16
18200.00 203.96
18210.00 205.75
18220.00 207.15
18230.00 208.95
18240.00 210.75
18250.00 211.25
18260.00 209.44
18270.00 205.34
18280.00 197.68
18290.00 195.88
18300.00 194.07
18310.00 194.47
18320.00 195.87
18330.00 198.57
18340.00 199.86
18350.00 196.26
18360.00 193.06
18370.00 185.00
18380.00 183.19
18390.00 182.69
18400.00 182.69
18410.00 183.19
18420.00 183.19
18430.00 181.78
18440.00 180.48
18450.00 179.48
18460.00 178.58
18470.00 175.91
18480.00 173.21
18490.00 171.81
18500.00 170.90
18510.00 169.60
18520.00 167.30
18530.00 164.10
18540.00 158.19
18550.00 152.29
18560.00 145.13
18570.00 141.93
18580.00 141.92
18590.00 145.52
18600.00 148.32
18610.00 149.22
18620.00 149.61
18630.00 150.11
18640.00 150.11
18650.00 149.20
18660.00 139.24
18670.00 139.24
18680.00 140.63
18690.00 142.83
18700.00 145.13
18710.00 147.83
18720.00 148.32
18730.00 148.72
18740.00 151.02
18750.00 148.75
18760.00 154.65
18770.00 157.85
18780.00 159.65
18790.00 158.74
18800.00 157.34
18810.00 157.34
18820.00 159.13
18830.00 161.43
18840.00 164.13
18850.00 161.96
18860.00 161.96
18870.00 161.96
18880.00 160.55
18890.00 159.65
18900.00 158.75
18910.00 157.84
18920.00 160.14
18930.00 162.84
18940.00 159.67
18950.00 161.07
18960.00 160.57
18970.00 160.56
18980.00 161.46
18990.00 161.96
19000.00 164.65
19010.00 167.35
19020.00 169.15
19030.00 171.45
19040.00 167.38
19050.00 170.58
19060.00 173.27
19070.00 176.47
19080.00 175.57
19090.00 175.96
19100.00 176.86
19110.00 177.76
19120.00 180.55
19130.00 169.19
19140.00 169.18
19150.00 168.78
19160.00 168.28
19170.00 167.87
19180.00 165.97
19190.00 164.67
19200.00 163.76
19210.00 161.06
19220.00 158.26
19230.00 146.99
19240.00 145.19
19250.00 143.38
19260.00 141.98
19270.00 140.18
19280.00 137.47
19290.00 136.97
19300.00 136.57
19310.00 135.66
19320.00 128.90
19330.00 130.19
19340.00 132.89
19350.00 133.89
19360.00 137.48
19370.00 144.68
19380.00 152.37
19390.00 161.47
19400.00 167.87
19410.00 169.66
19420.00 158.30
19430.00 156.99
19440.00 156.09
19450.00 156.09
19460.00 153.78
19470.00 150.58
19480.00 146.97
19490.00 146.07
19500.00 145.17
19510.00 133.90
19520.00 132.00
19530.00 132.00
19540.00 122.09
19550.00 120.29
19560.00 115.68
19570.00 110.28
19580.00 104.78
19590.00 100.77
19600.00 101.17
19610.00 94.90
19620.00 94.40
19630.00 92.09
19640.00 91.69
19650.00 92.58
19660.00 93.48
19670.00 95.78
19680.00 96.67
19690.00 97.97
19700.00 89.90
19710.00 87.60
19720.00 83.49
19730.00 77.59
19740.00 77.58
19750.00 85.28
19760.00 91.18
19770.00 93.07
19780.00 94.87
19790.00 92.06
19800.00 86.30
19810.00 86.29
19820.00 84.39
19830.00 79.88
19840.00 78.48
19850.00 77.57
19860.00 77.57
19870.00 75.76
19880.00 70.76
19890.00 64.49
19900.00 64.89
19910.00 67.68
19920.00 74.48
19930.00 81.67
19940.00 97.97
19950.00 104.77
19960.00 110.26
19970.00 113.46
19980.00 112.95
19990.00 107.58
20000.00 102.08
20010.00 95.77
20020.00 92.57
20030.00 88.07
20040.00 83.06
20050.00 76.66
20060.00 73.05
20070.00 75.35
20080.00 73.54
20090.00 62.17
20100.00 57.17
20110.00 51.76
20120.00 44.96
20130.00 42.05
20140.00 42.05
20150.00 42.04
20160.00 42.04
20170.00 42.03
20180.00 42.07
20190.00 42.06
20200.00 42.06
20210.00 42.05
20220.00 42.05
20230.00 42.04
20240.00 42.04
20250.00 42.03
20260.00 42.03
20270.00 42.02
20280.00 42.05
20290.00 42.05
20300.00 42.04
20310.00 42.04
20320.00 42.03
20330.00 42.03
20340.00 42.02
20350.00 42.02
20360.00 42.01
20370.00 42.04
20380.00 42.04
20390.00 42.03
20400.00 42.03
20410.00 42.02
20420.00 42.02
20430.00 42.01
20440.00 42.01
20450.00 42.00
20460.00 42.00
20470.00 42.03
20480.00 42.02
20490.00 42.02
20500.00 42.01
20510.00 42.01
20520.00 42.00
20530.00 42.00
20540.00 41.99
20550.00 41.98
20560.00 42.02
20570.00 42.01
20580.00 42.00
20590.00 42.00
20600.00 41.99
20610.00 41.99
20620.00 41.98
20630.00 41.98
20640.00 41.97
20650.00 41.96
20660.00 42.00
20670.00 41.99
20680.00 41.99
20690.00 41.98
20700.00 41.97
20710.00 41.97
20720.00 41.96
20730.00 41.96
20740.00 41.95
20750.00 41.98
20760.00 41.98
20770.00 41.97
20780.00 41.96
20790.00 41.96
20800.00 41.95
20810.00 41.95
20820.00 41.94
20830.00 41.93
20840.00 41.93
20850.00 41.96
20860.00 41.95
20870.00 41.95
20880.00 41.94
20890.00 41.94
20900.00 41.93
20910.00 41.92
20920.00 41.92
20930.00 41.91
20940.00 41.94
20950.00 41.94
20960.00 41.93
20970.00 41.92
20980.00 41.92
20990.00 41.91
21000.00 41.90
21010.00 41.90
21020.00 41.89
21030.00 41.89
21040.00 41.92
21050.00 41.91
21060.00 41.90
21070.00 41.90
21080.00 41.89
21090.00 41.88
21100.00 41.88
21110.00 41.87
21120.00 41.87
21130.00 41.90
21140.00 41.89
21150.00 41.88
21160.00 41.88
21170.00 41.87
21180.00 41.86
21190.00 41.86
21200.00 41.85
21210.00 41.84
21220.00 41.84
21230.00 41.87
21240.00 41.86
21250.00 41.85
21260.00 41.85
21270.00 41.84
21280.00 41.83
21290.00 41.83
21300.00 41.82
21310.00 41.81
21320.00 41.85
21330.00 41.84
21340.00 41.84
21350.00 41.83
21360.00 41.82
21370.00 41.82
21380.00 41.81
21390.00 41.80
21400.00 41.80
21410.00 41.79
21420.00 41.82
21430.00 41.81
21440.00 41.81
21450.00 41.80
21460.00 41.79
21470.00 41.79
21480.00 41.78
21490.00 41.77
21500.00 41.76
21510.00 41.80
21520.00 41.79
21530.00 41.78
21540.00 41.77
21550.00 41.77
21560.00 41.76
21570.00 41.75
21580.00 41.74
21590.00 41.74
21600.00 41.73
21610.00 41.76
21620.00 41.75
21630.00 41.75
21640.00 41.74
21650.00 41.73
21660.00 41.72
21670.00 41.72
21680.00 41.71
21690.00 41.70
21700.00 41.73
21710.00 41.73
21720.00 41.72
21730.00 41.71
21740.00 41.70
21750.00 41.70
21760.00 41.69
21770.00 41.68
21780.00 41.67
21790.00 41.67
21800.00 41.70
21810.00 41.69
21820.00 41.68
21830.00 41.67
21840.00 41.67
21850.00 41.66
21860.00 41.65
21870.00 41.64
21880.00 41.63
21890.00 41.66
21900.00 41.66
21910.00 41.65
21920.00 41.64
21930.00 41.63
21940.00 41.63
21950.00 41.62
21960.00 41.61
21970.00 41.60
21980.00 41.59
21990.00 41.62
22000.00 41.62
22010.00 41.61
22020.00 41.60
22030.00 41.59
22040.00 41.58
22050.00 41.58
22060.00 41.57
22070.00 41.56
22080.00 41.59
22090.00 41.58
22100.00 41.57
22110.00 41.57
22120.00 41.56
22130.00 41.55
22140.00 41.54
22150.00 41.53
22160.00 41.53
22170.00 41.52
22180.00 41.55
22190.00 41.54
22200.00 41.53
22210.00 41.52
22220.00 41.51
22230.00 41.51
22240.00 41.50
22250.00 41.49
22260.00 41.48
22270.00 41.51
22280.00 41.50
22290.00 41.49
22300.00 41.49
22310.00 41.48
22320.00 41.47
22330.00 41.46
22340.00 41.45
22350.00 41.44
22360.00 41.44
22370.00 41.46
22380.00 41.46
22390.00 41.45
22400.00 41.44
22410.00 41.43
22420.00 41.42
22430.00 41.41
22440.00 41.40
22450.00 41.40
22460.00 41.43
22470.00 41.42
22480.00 41.41
22490.00 41.40
22500.00 41.39
22510.00 41.38
22520.00 41.37
22530.00 41.36
22540.00 41.36
22550.00 41.35
22560.00 41.38
22570.00 41.37
22580.00 41.36
22590.00 41.35
22600.00 41.34
22610.00 41.33
22620.00 41.32
22630.00 41.31
22640.00 41.31
22650.00 41.33
22660.00 41.33
22670.00 41.32
22680.00 41.31
22690.00 41.30
22700.00 41.29
22710.00 41.28
22720.00 41.27
22730.00 41.26
22740.00 41.25
22750.00 41.28
22760.00 41.27
22770.00 41.26
22780.00 41.25
22790.00 41.25
22800.00 41.24
22810.00 41.23
22820.00 41.22
22830.00 41.21
22840.00 41.24
22850.00 41.23
22860.00 41.22
22870.00 41.21
22880.00 41.20
22890.00 41.19
22900.00 41.18
22910.00 41.17
22920.00 41.16
22930.00 41.15
22940.00 41.18
22950.00 41.17
22960.00 41.16
22970.00 41.15
22980.00 41.14
22990.00 41.13
23000.00 41.13
23010.00 41.12
23020.00 41.11
23030.00 41.13
23040.00 41.13
23050.00 41.12
23060.00 41.11
23070.00 41.10
23080.00 41.09
23090.00 41.08
23100.00 41.07
23110.00 41.06
23120.00 41.05
23130.00 41.08
23140.00 41.08
23150.00 41.07
23160.00 41.06
23170.00 41.05
23180.00 41.04
23190.00 41.03
23200.00 41.02
23210.00 41.01
23220.00 41.04
23230.00 41.03
23240.00 41.02
23250.00 41.01
23260.00 41.00
23270.00 40.99
23280.00 40.98
23290.00 40.97
23300.00 40.96
23310.00 40.95
23320.00 40.97
23330.00 40.97
23340.00 40.96
23350.00 40.95
23360.00 40.93
23370.00 40.92
23380.00 40.91
23390.00 40.90
23400.00 40.89
23410.00 40.92
23420.00 40.91
23430.00 40.90
23440.00 40.89
23450.00 40.88
23460.00 40.87
23470.00 40.86
23480.00 40.85
23490.00 40.84
23500.00 40.83
23510.00 40.86
23520.00 40.85
23530.00 40.84
23540.00 40.83
23550.00 40.82
23560.00 40.81
23570.00 40.80
23580.00 40.79
23590.00 42.78
23600.00 51.80
23610.00 51.79
23620.00 51.78
23630.00 49.77
23640.00 51.76
23650.00 51.75
23660.00 50.54
23670.00 48.13
23680.00 44.72
23690.00 42.11
23700.00 40.74
23710.00 40.73
23720.00 40.71
23730.00 40.70
23740.00 40.69
23750.00 40.68
23760.00 40.67
23770.00 40.66
23780.00 40.65
23790.00 40.68
23800.00 40.67
23810.00 40.66
23820.00 40.65
23830.00 40.63
23840.00 40.62
23850.00 40.61
23860.00 40.60
23870.00 40.59
23880.00 40.58
23890.00 40.61
23900.00 40.60
23910.00 40.59
23920.00 40.57
23930.00 40.56
23940.00 40.55
23950.00 40.54
23960.00 40.53
23970.00 40.52
23980.00 40.55
23990.00 40.54
24000.00 40.52
24010.00 40.51
24020.00 40.50
24030.00 40.49
24040.00 40.48
24050.00 40.47
24060.00 40.46
24070.00 40.45
24080.00 40.47
24090.00 40.46
24100.00 40.45
24110.00 40.44
24120.00 40.43
24130.00 40.42
24140.00 40.41
24150.00 40.39
24160.00 40.38
24170.00 40.41
24180.00 40.40
24190.00 40.39
24200.00 40.38
24210.00 40.36
24220.00 40.35
24230.00 40.34
24240.00 40.33
24250.00 40.32
24260.00 40.31
24270.00 40.33
24280.00 40.32
24290.00 40.31
24300.00 40.30
24310.00 40.29
24320.00 40.28
24330.00 40.26
24340.00 40.25
24350.00 40.24
24360.00 40.27
24370.00 40.26
24380.00 40.24
24390.00 40.23
24400.00 40.22
24410.00 40.21
24420.00 40.20
24430.00 40.19
24440.00 40.17
24450.00 40.16
24460.00 40.19
24470.00 40.18
24480.00 40.16
24490.00 40.15
24500.00 40.14
24510.00 40.13
24520.00 40.12
24530.00 40.11
24540.00 40.49
24550.00 41.12
24560.00 41.71
24570.00 41.10
24580.00 43.08
24590.00 43.07
24600.00 41.06
24610.00 41.65
24620.00 41.04
24630.00 40.22
24640.00 40.01
24650.00 40.04
24660.00 40.03
24670.00 40.01
24680.00 40.00
24690.00 39.99
24700.00 39.98
24710.00 39.96
24720.00 39.95
24730.00 39.94
24740.00 39.97
24750.00 39.95
24760.00 39.94
24770.00 39.93
24780.00 39.92
24790.00 39.90
24800.00 39.89
24810.00 39.88
24820.00 39.87
24830.00 39.86
24840.00 39.88
24850.00 39.87
24860.00 39.86
24870.00 39.84
24880.00 39.83
24890.00 39.82
24900.00 39.81
24910.00 39.79
24920.00 39.78
24930.00 39.81
24940.00 39.81
24950.00 39.79
24960.00 39.78
24970.00 39.77
24980.00 39.76
24990.00 39.74
25000.00 39.73
25010.00 39.72
25020.00 39.71
25030.00 39.73
25040.00 39.72
25050.00 39.70
25060.00 39.69
25070.00 39.68
25080.00 39.67
25090.00 39.65
25100.00 39.64
25110.00 39.63
25120.00 39.65
25130.00 39.64
25140.00 39.63
25150.00 39.61
25160.00 39.60
25170.00 39.59
25180.00 39.58
25190.00 39.56
25200.00 39.55
25210.00 39.54
25220.00 39.56
25230.00 39.55
25240.00 39.54
25250.00 39.52
25260.00 39.51
25270.00 39.50
25280.00 39.48
25290.00 39.47
25300.00 39.46
25310.00 39.48
25320.00 39.47
25330.00 39.46
25340.00 39.44
25350.00 39.43
25360.00 39.42
25370.00 39.40
25380.00 39.39
25390.00 39.38
25400.00 39.36
25410.00 39.39
25420.00 39.38
25430.00 39.36
25440.00 39.35
25450.00 39.34
25460.00 39.32
25470.00 39.31
25480.00 39.30
25490.00 39.28
25500.00 39.27
25510.00 39.29
25520.00 39.28
25530.00 39.27
25540.00 39.25
25550.00 40.84
25560.00 48.63
25570.00 51.21
25580.00 52.20
25590.00 53.18
25600.00 56.41
25610.00 56.00
25620.00 60.58
25630.00 68.57
25640.00 73.75
25650.00 75.14
25660.00 76.53
25670.00 79.11
25680.00 79.50
25690.00 78.89
25700.00 80.31
25710.00 78.90
25720.00 77.88
25730.00 83.87
25740.00 89.06
25750.00 87.84
25760.00 88.63
25770.00 89.01
25780.00 88.00
25790.00 91.62
25800.00 96.61
25810.00 97.60
25820.00 96.58
25830.00 93.97
25840.00 93.15
25850.00 93.34
25860.00 95.73
25870.00 98.91
25880.00 101.90
25890.00 106.92
25900.00 110.11
25910.00 113.69
25920.00 117.28
25930.00 120.27
25940.00 122.45
25950.00 124.04
25960.00 127.82
25970.00 130.21
25980.00 134.63
25990.00 134.82
26000.00 133.60
26010.00 130.59
26020.00 129.78
26030.00 129.76
26040.00 129.75
26050.00 129.73
26060.00 129.72
26070.00 127.50
26080.00 124.13
26090.00 120.51
26100.00 117.50
26110.00 113.88
26120.00 111.87
26130.00 110.66
26140.00 109.44
26150.00 107.63
26160.00 107.21
26170.00 107.04
26180.00 105.82
26190.00 104.81
26200.00 103.39
26210.00 102.58
26220.00 102.16
26230.00 101.55
26240.00 100.73
26250.00 99.72
26260.00 98.51
26270.00 98.53
26280.00 97.51
26290.00 97.50
26300.00 95.08
26310.00 91.07
26320.00 88.45
26330.00 87.44
26340.00 87.43
26350.00 84.61
26360.00 82.83
26370.00 83.02
26380.00 83.80
26390.00 84.39
26400.00 85.77
26410.00 87.56
26420.00 89.34
26430.00 89.53
26440.00 89.32
26450.00 87.90
26460.00 84.92
26470.00 80.91
26480.00 78.89
26490.00 77.28
26500.00 76.86
26510.00 76.85
26520.00 77.03
26530.00 77.22
26540.00 78.20
26550.00 80.23
26560.00 82.81
26570.00 85.00
26580.00 85.98
26590.00 86.97
26600.00 87.75
26610.00 87.13
26620.00 89.32
26630.00 92.50
26640.00 95.09
26650.00 99.11
26660.00 97.10
26670.00 97.08
26680.00 99.07
26690.00 99.05
26700.00 99.04
26710.00 99.02
26720.00 99.00
26730.00 96.99
26740.00 99.01
26750.00 99.01
26760.00 99.00
26770.00 98.98
26780.00 99.17
26790.00 99.15
26800.00 98.93
26810.00 98.92
26820.00 98.90
26830.00 98.89
26840.00 98.91
26850.00 97.09
26860.00 94.08
26870.00 90.06
26880.00 87.85
26890.00 87.03
26900.00 87.62
26910.00 87.80
26920.00 88.79
26930.00 88.21
26940.00 88.39
26950.00 88.78
26960.00 88.36
26970.00 88.74
26980.00 88.73
26990.00 88.71
27000.00 88.80
27010.00 88.78
27020.00 86.67
27030.00 86.69
27040.00 86.67
27050.00 86.66
27060.00 86.64
27070.00 86.62
27080.00 86.61
27090.00 86.59
27100.00 86.58
27110.00 86.56
27120.00 88.68
27130.00 88.67
27140.00 88.65
27150.00 88.63
27160.00 88.62
27170.00 86.50
27180.00 87.49
27190.00 86.67
27200.00 85.55
27210.00 83.54
27220.00 83.26
27230.00 81.44
27240.00 79.73
27250.00 78.51
27260.00 78.40
27270.00 78.38
27280.00 78.36
27290.00 76.35
27300.00 76.33
27310.00 76.35
27320.00 75.84
27330.00 75.42
27340.00 75.00
27350.00 74.59
27360.00 74.47
27370.00 74.45
27380.00 74.64
27390.00 75.22
27400.00 75.91
27410.00 75.93
27420.00 76.91
27430.00 78.49
27440.00 81.38
27450.00 85.26
27460.00 88.24
27470.00 90.73
27480.00 92.31
27490.00 92.09
27500.00 88.21
27510.00 88.20
27520.00 85.78
27530.00 81.07
27540.00 80.45
27550.00 80.83
27560.00 81.52
27570.00 82.60
27580.00 83.98
27590.00 85.17
27600.00 86.19
27610.00 87.37
27620.00 88.55
27630.00 89.64
27640.00 90.82
27650.00 91.80
27660.00 92.59
27670.00 93.37
27680.00 94.25
27690.00 96.17
27700.00 95.86
27710.00 98.14
27720.00 99.72
27730.00 101.41
27740.00 103.09
27750.00 104.67
27760.00 106.05
27770.00 107.44
27780.00 108.72
27790.00 111.24
27800.00 112.42
27810.00 114.41
27820.00 115.59
27830.00 115.87
27840.00 116.06
27850.00 116.04
27860.00 112.82
27870.00 108.50
27880.00 107.42
27890.00 106.41
27900.00 104.49
27910.00 102.07
27920.00 100.56
27930.00 99.24
27940.00 97.92
27950.00 97.50
27960.00 97.49
27970.00 97.47
27980.00 97.49
27990.00 97.47
28000.00 97.46
28010.00 95.54
28020.00 96.12
28030.00 96.40
28040.00 96.39
28050.00 94.17
28060.00 90.35
28070.00 85.87
28080.00 78.85
28090.00 75.34
28100.00 75.32
28110.00 75.30
28120.00 76.78
28130.00 77.47
28140.00 78.75
28150.00 80.93
28160.00 83.91
28170.00 87.33
28180.00 87.32
28190.00 87.30
28200.00 87.28
28210.00 87.56
28220.00 87.25
28230.00 87.23
28240.00 87.21
28250.00 87.19
28260.00 87.21
28270.00 87.19
28280.00 87.18
28290.00 87.16
28300.00 87.14
28310.00 86.22
28320.00 85.01
28330.00 84.99
28340.00 84.97
28350.00 84.95
28360.00 84.97
28370.00 84.95
28380.00 84.94
28390.00 84.92
28400.00 84.90
28410.00 88.88
28420.00 95.26
28430.00 98.65
28440.00 97.93
28450.00 96.85
28460.00 94.83
28470.00 94.81
28480.00 94.79
28490.00 94.77
28500.00 94.76
28510.00 94.74
28520.00 97.22
28530.00 99.30
28540.00 101.58
28550.00 98.62
28560.00 99.80
28570.00 100.28
28580.00 100.97
28590.00 102.15
28600.00 103.13
28610.00 104.21
28620.00 105.19
28630.00 105.78
28640.00 104.59
28650.00 107.08
28660.00 110.66
28670.00 114.44
28680.00 114.52
28690.00 114.50
28700.00 115.48
28710.00 114.97
28720.00 112.25
28730.00 111.13
28740.00 108.85
28750.00 107.93
28760.00 106.91
28770.00 106.09
28780.00 106.37
28790.00 106.35
28800.00 106.34
28810.00 104.32
28820.00 104.30
28830.00 104.12
28840.00 103.30
28850.00 103.18
28860.00 103.16
28870.00 103.14
28880.00 103.12
28890.00 103.61
28900.00 104.19
28910.00 110.07
28920.00 116.05
28930.00 118.47
28940.00 121.05
28950.00 123.43
28960.00 126.11
28970.00 126.09
28980.00 126.97
28990.00 126.96
29000.00 126.64
29010.00 126.02
29020.00 126.24
29030.00 126.52
29040.00 126.80
29050.00 126.98
29060.00 127.06
29070.00 127.04
29080.00 126.82
29090.00 126.20
29100.00 125.88
29110.00 123.87
29120.00 121.68
29130.00 118.06
29140.00 115.64
29150.00 113.83
29160.00 113.71
29170.00 112.09
29180.00 111.07
29190.00 109.85
29200.00 108.13
29210.00 103.75
29220.00 103.73
29230.00 103.81
29240.00 102.29
29250.00 98.07
29260.00 92.65
29270.00 87.73
29280.00 84.91
29290.00 83.49
29300.00 82.87
29310.00 83.59
29320.00 83.57
29330.00 85.65
29340.00 85.63
29350.00 85.61
29360.00 85.60
29370.00 83.08
29380.00 79.56
29390.00 75.84
29400.00 73.45
29410.00 73.43
29420.00 73.42
29430.00 73.40
29440.00 73.38
29450.00 75.36
29460.00 75.34
29470.00 75.32
29480.00 75.30
29490.00 73.28
29500.00 73.30
29510.00 75.28
29520.00 75.26
29530.00 75.24
29540.00 75.22
29550.00 75.20
29560.00 73.18
29570.00 73.16
29580.00 73.14
29590.00 73.15
29600.00 74.34
29610.00 75.62
29620.00 78.60
29630.00 80.78
29640.00 82.16
29650.00 82.94
29660.00 82.62
29670.00 81.80
29680.00 80.98
29690.00 79.69
29700.00 79.27
29710.00 79.05
29720.00 78.83
29730.00 79.01
29740.00 79.19
29750.00 78.87
29760.00 77.75
29770.00 76.33
29780.00 74.15
29790.00 70.13
29800.00 65.11
29810.00 61.79
29820.00 61.77
29830.00 61.75
29840.00 61.73
29850.00 61.71
29860.00 61.69
29870.00 61.97
29880.00 62.69
29890.00 66.07
29900.00 69.84
29910.00 72.92
29920.00 74.60
29930.00 74.58
29940.00 74.56
29950.00 74.54
29960.00 74.52
29970.00 74.54
29980.00 74.52
29990.00 74.50
30000.00 72.48
30010.00 72.46
30020.00 72.44
30030.00 72.42
30040.00 72.40
30050.00 71.18
30060.00 66.96
30070.00 63.67
30080.00 62.15
30090.00 60.53
30100.00 58.81
30110.00 56.99
30120.00 55.47
30130.00 54.15
30140.00 53.23
30150.00 52.21
30160.00 52.22
30170.00 52.20
30180.00 54.28
30190.00 54.26
30200.00 54.24
30210.00 54.22
30220.00 53.10
30230.00 53.08
30240.00 54.16
30250.00 54.14
30260.00 53.25
30270.00 53.13
30280.00 53.01
30290.00 52.99
30300.00 52.97
30310.00 53.15
30320.00 53.33
30330.00 53.51
30340.00 53.39
30350.00 54.52
30360.00 54.50
30370.00 56.18
30380.00 57.66
30390.00 59.34
30400.00 61.12
30410.00 62.10
30420.00 63.77
30430.00 63.75
30440.00 63.73
30450.00 64.65
30460.00 64.53
30470.00 63.71
30480.00 64.18
30490.00 63.76
30500.00 62.04
30510.00 56.82
30520.00 50.50
30530.00 45.38
30540.00 41.59
30550.00 40.67
30560.00 40.25
30570.00 39.33
30580.00 38.91
30590.00 40.19
30600.00 41.17
30610.00 40.75
30620.00 40.32
30630.00 40.80
30640.00 41.42
30650.00 43.40
30660.00 43.37
30670.00 43.35
30680.00 43.33
30690.00 43.31
30700.00 43.29
30710.00 43.27
30720.00 43.25
30730.00 41.26
30740.00 41.74
30750.00 40.62
30760.00 39.00
30770.00 37.47
30780.00 35.95
30790.00 34.83
30800.00 34.21
30810.00 33.09
30820.00 33.87
30830.00 34.08
30840.00 33.36
30850.00 32.04
30860.00 32.02
30870.00 31.99
30880.00 31.97
30890.00 31.95
30900.00 31.93
30910.00 31.91
30920.00 31.89
30930.00 31.90
30940.00 31.88
30950.00 31.86
30960.00 31.83
30970.00 31.81
30980.00 31.79
30990.00 31.77
31000.00 31.75
31010.00 31.72
31020.00 31.74
31030.00 31.72
31040.00 31.70
31050.00 31.67
31060.00 31.65
31070.00 31.63
31080.00 31.61
31090.00 31.58
31100.00 31.56
31110.00 31.54
31120.00 31.55
31130.00 31.53
31140.00 31.51
31150.00 31.49
31160.00 31.47
31170.00 31.44
31180.00 31.42
31190.00 31.40
31200.00 31.38
31210.00 31.39
31220.00 31.37
31230.00 31.35
31240.00 31.32
31250.00 31.30
31260.00 31.28
31270.00 31.26
31280.00 31.23
31290.00 31.21
31300.00 31.19
31310.00 31.20
31320.00 31.18
31330.00 31.16
31340.00 31.14
31350.00 31.11
31360.00 31.09
31370.00 31.07
31380.00 31.05
31390.00 31.02
31400.00 31.04
31410.00 31.02
31420.00 30.99
31430.00 30.97
31440.00 30.95
31450.00 30.92
31460.00 30.90
31470.00 30.88
31480.00 30.86
31490.00 30.83
31500.00 30.85
31510.00 30.82
31520.00 30.80
31530.00 30.78
31540.00 30.76
31550.00 30.73
31560.00 30.71
31570.00 30.69
31580.00 30.67
31590.00 30.68
31600.00 30.66
31610.00 30.63
31620.00 30.61
31630.00 30.59
31640.00 30.56
31650.00 30.54
31660.00 30.52
31670.00 30.49
31680.00 30.47
31690.00 30.49
31700.00 30.46
31710.00 30.44
31720.00 30.42
31730.00 30.39
31740.00 30.37
31750.00 30.35
31760.00 30.32
31770.00 30.30
31780.00 30.31
31790.00 30.29
31800.00 30.27
31810.00 30.24
31820.00 30.22
31830.00 30.20
31840.00 30.17
31850.00 30.15
31860.00 30.13
31870.00 30.10
31880.00 30.12
31890.00 30.09
31900.00 30.07
31910.00 30.05
31920.00 30.02
31930.00 30.00
31940.00 29.98
31950.00 29.95
31960.00 29.93
31970.00 29.94
31980.00 29.92
31990.00 29.90
32000.00 29.87
32010.00 29.85
32020.00 29.83
32030.00 29.80
32040.00 29.78
32050.00 29.75
32060.00 29.73
32070.00 29.74
32080.00 29.72
32090.00 29.70
32100.00 29.67
32110.00 29.65
32120.00 29.63
32130.00 29.60
32140.00 29.58
32150.00 29.55
32160.00 29.59
32170.00 29.57
32180.00 29.54
32190.00 29.52
32200.00 29.50
32210.00 29.47
32220.00 29.45
32230.00 29.42
32240.00 29.40
32250.00 29.38
32260.00 29.39
32270.00 29.36
32280.00 29.34
32290.00 29.32
32300.00 29.29
32310.00 29.27
32320.00 29.24
32330.00 29.22
32340.00 29.20
32350.00 29.21
32360.00 29.18
32370.00 29.16
32380.00 29.14
32390.00 29.11
32400.00 29.09
32410.00 29.06
32420.00 29.04
32430.00 29.02
32440.00 28.99
32450.00 29.00
32460.00 28.98
32470.00 28.95
32480.00 28.93
32490.00 28.91
32500.00 28.88
32510.00 28.86
32520.00 28.83
32530.00 28.81
32540.00 28.82
32550.00 28.80
32560.00 28.77
32570.00 28.75
32580.00 28.72
32590.00 28.70
32600.00 28.67
32610.00 28.65
32620.00 28.63
32630.00 28.60
32640.00 28.61
32650.00 28.59
32660.00 28.56
32670.00 28.54
32680.00 28.51
32690.00 28.49
32700.00 28.47
32710.00 28.44
32720.00 28.42
32730.00 28.43
32740.00 28.40
32750.00 28.38
32760.00 28.35
32770.00 28.33
32780.00 28.30
32790.00 28.28
32800.00 28.25
32810.00 28.23
32820.00 28.20
32830.00 28.22
32840.00 28.19
32850.00 28.17
32860.00 28.14
32870.00 28.12
32880.00 28.09
32890.00 28.07
32900.00 28.04
32910.00 28.02
32920.00 28.03
32930.00 28.00
32940.00 27.98
32950.00 27.95
32960.00 27.93
32970.00 27.90
32980.00 27.88
32990.00 27.85
33000.00 27.83
33010.00 27.80
33020.00 27.81
33030.00 27.79
33040.00 27.76
33050.00 27.74
33060.00 27.71
33070.00 27.69
33080.00 27.66
33090.00 27.64
33100.00 27.61
33110.00 27.62
33120.00 27.60
33130.00 27.57
33140.00 27.55
33150.00 27.52
33160.00 27.50
33170.00 27.47
33180.00 27.45
33190.00 27.42
33200.00 27.40
33210.00 27.41
33220.00 27.38
33230.00 27.36
33240.00 27.33
33250.00 27.30
33260.00 27.28
33270.00 27.25
33280.00 27.23
33290.00 27.20
33300.00 27.21
33310.00 27.19
33320.00 27.16
33330.00 27.14
33340.00 27.11
33350.00 27.09
33360.00 27.06
33370.00 27.03
33380.00 27.01
33390.00 26.98
33400.00 26.99
33410.00 26.97
33420.00 26.94
33430.00 26.92
33440.00 26.89
33450.00 26.86
33460.00 26.84
33470.00 26.81
33480.00 26.79
33490.00 26.80
33500.00 26.77
33510.00 26.75
33520.00 26.72
33530.00 26.69
33540.00 26.67
33550.00 26.64
33560.00 26.62
33570.00 26.59
33580.00 26.56
33590.00 26.57
33600.00 26.55
33610.00 26.52
33620.00 26.50
33630.00 26.47
33640.00 26.44
33650.00 26.42
33660.00 26.39
33670.00 26.37
33680.00 26.37
33690.00 26.35
33700.00 26.32
33710.00 26.30
33720.00 26.27
33730.00 26.24
33740.00 26.22
33750.00 26.19
33760.00 26.17
33770.00 26.14
33780.00 26.15
33790.00 26.12
33800.00 26.10
33810.00 26.07
33820.00 26.04
33830.00 26.02
33840.00 25.99
33850.00 25.96
33860.00 25.94
33870.00 25.95
33880.00 25.92
33890.00 25.89
33900.00 25.87
33910.00 25.84
33920.00 25.81
33930.00 25.79
33940.00 25.76
33950.00 25.74
33960.00 25.74
33970.00 25.74
33980.00 25.72
33990.00 25.69
34000.00 25.66
34010.00 25.64
34020.00 25.61
34030.00 25.58
34040.00 25.56
34050.00 25.53
34060.00 25.54
34070.00 25.51
34080.00 25.49
34090.00 25.46
34100.00 25.43
34110.00 25.41
34120.00 25.38
34130.00 25.35
34140.00 25.33
34150.00 25.30
34160.00 25.31
34170.00 25.28
34180.00 25.25
34190.00 25.23
34200.00 25.20
34210.00 25.17
34220.00 25.15
34230.00 25.12
34240.00 25.09
34250.00 25.10
34260.00 25.07
34270.00 25.05
34280.00 25.02
34290.00 24.99
34300.00 24.97
34310.00 24.94
34320.00 24.91
34330.00 24.88
34340.00 24.86
34350.00 24.87
34360.00 24.84
34370.00 24.81
34380.00 24.78
34390.00 24.76
34400.00 24.73
34410.00 24.70
34420.00 24.68
34430.00 24.65
34440.00 24.66
34450.00 24.63
34460.00 24.60
34470.00 24.58
34480.00 24.55
34490.00 24.52
34500.00 24.49
34510.00 24.47
34520.00 24.44
34530.00 24.41
34540.00 24.42
34550.00 24.39
34560.00 24.36
34570.00 24.34
34580.00 24.31
34590.00 24.28
34600.00 24.25
34610.00 24.23
34620.00 24.20
34630.00 24.21
34640.00 24.18
34650.00 24.15
34660.00 24.12
34670.00 24.10
34680.00 24.07
34690.00 24.04
34700.00 24.01
34710.00 23.99
34720.00 23.96
34730.00 23.97
34740.00 23.94
34750.00 23.91
34760.00 23.88
34770.00 23.85
34780.00 23.83
34790.00 23.80
34800.00 23.77
34810.00 23.74
34820.00 23.75
34830.00 23.72
34840.00 23.69
34850.00 23.67
34860.00 23.64
34870.00 23.61
34880.00 23.58
34890.00 23.55
34900.00 23.53
34910.00 23.50
34920.00 23.51
34930.00 23.48
34940.00 23.45
34950.00 23.42
34960.00 23.39
34970.00 23.37
34980.00 23.34
34990.00 23.31
35000.00 23.28
35010.00 23.29
35020.00 23.26
35030.00 23.23
35040.00 23.20
35050.00 23.18
35060.00 23.15
35070.00 23.12
35080.00 23.09
35090.00 23.06
35100.00 23.03
35110.00 23.04
35120.00 23.01
35130.00 22.98
35140.00 22.96
35150.00 22.93
35160.00 22.90
35170.00 22.87
35180.00 22.84
35190.00 22.81
35200.00 22.82
35210.00 22.79
35220.00 22.76
35230.00 22.74
35240.00 22.71
35250.00 22.68
35260.00 22.65
35270.00 22.62
35280.00 22.59
35290.00 22.56
35300.00 22.57
35310.00 22.54
35320.00 22.51
35330.00 22.49
35340.00 22.46
35350.00 22.43
35360.00 22.40
35370.00 22.37
35380.00 22.34
35390.00 22.35
35400.00 22.32
35410.00 22.29
35420.00 22.26
35430.00 22.23
35440.00 22.20
35450.00 22.18
35460.00 22.15
35470.00 22.12
35480.00 22.09
35490.00 22.10
35500.00 22.07
35510.00 22.04
35520.00 22.01
35530.00 21.98
35540.00 21.95
35550.00 21.92
35560.00 21.89
35570.00 21.86
35580.00 21.87
35590.00 21.84
35600.00 21.81
35610.00 21.78
35620.00 21.75
35630.00 21.72
35640.00 21.69
35650.00 21.67
35660.00 21.64
35670.00 21.61
35680.00 21.61
35690.00 21.58
35700.00 21.55
35710.00 21.53
35720.00 21.50
35730.00 21.47
35740.00 21.44
35750.00 21.41
35760.00 21.41
35770.00 21.41
35780.00 21.38
35790.00 21.36
35800.00 21.33
35810.00 21.30
35820.00 21.27
35830.00 21.24
35840.00 21.21
35850.00 21.18
35860.00 21.15
35870.00 21.15
35880.00 21.13
35890.00 21.10
35900.00 21.07
35910.00 21.04
35920.00 21.01
35930.00 20.98
35940.00 20.95
35950.00 20.92
35960.00 20.92
35970.00 20.89
35980.00 20.86
35990.00 20.83
36000.00 20.81
36010.00 20.78
36020.00 20.75
36030.00 20.72
36040.00 20.69
36050.00 20.66
36060.00 20.66
36070.00 20.63
36080.00 20.60
36090.00 20.57
36100.00 20.54
36110.00 20.51
36120.00 20.48
36130.00 20.45
36140.00 20.42
36150.00 20.43
36160.00 20.40
36170.00 20.37
36180.00 20.34
36190.00 20.31
36200.00 20.28
36210.00 20.25
36220.00 20.22
36230.00 20.19
36240.00 20.16
36250.00 20.16
36260.00 20.13
36270.00 20.10
36280.00 20.07
36290.00 20.04
36300.00 20.01
36310.00 19.98
36320.00 19.95
36330.00 19.92
36340.00 19.89
36350.00 19.90
36360.00 19.87
36370.00 19.84
36380.00 19.81
36390.00 19.77
36400.00 19.74
36410.00 19.71
36420.00 19.68
36430.00 19.65
36440.00 19.66
36450.00 19.63
36460.00 19.60
36470.00 19.57
36480.00 19.54
36490.00 19.51
36500.00 19.48
36510.00 19.44
36520.00 19.41
36530.00 19.38
36540.00 19.39
36550.00 19.36
36560.00 19.33
36570.00 19.30
36580.00 19.27
36590.00 19.24
36600.00 19.20
36610.00 19.17
36620.00 19.14
36630.00 19.15
36640.00 19.12
36650.00 19.09
36660.00 19.06
36670.00 19.02
36680.00 18.99
36690.00 18.96
36700.00 18.93
36710.00 18.90
36720.00 18.87
36730.00 18.88
36740.00 18.84
36750.00 18.81
36760.00 18.78
36770.00 18.75
36780.00 18.72
36790.00 18.69
36800.00 18.66
36810.00 18.63
36820.00 18.63
36830.00 18.60
36840.00 18.57
36850.00 18.54
36860.00 18.51
36870.00 18.48
36880.00 18.45
36890.00 18.41
36900.00 18.38
36910.00 18.35
36920.00 18.36
36930.00 18.33
36940.00 18.29
36950.00 18.26
36960.00 18.23
36970.00 18.20
36980.00 18.17
36990.00 18.14
37000.00 18.11
37010.00 18.11
37020.00 18.08
37030.00 18.05
37040.00 18.02
37050.00 17.98
37060.00 17.95
37070.00 17.92
37080.00 17.89
37090.00 17.86
37100.00 17.83
37110.00 17.83
37120.00 17.80
37130.00 17.77
37140.00 17.74
37150.00 17.71
37160.00 17.67
37170.00 17.64
37180.00 17.61
37190.00 17.58
37200.00 17.58
37210.00 17.55
37220.00 17.52
37230.00 17.49
37240.00 17.46
37250.00 17.42
37260.00 17.39
37270.00 17.36
37280.00 17.33
37290.00 17.30
37300.00 17.30
37310.00 17.27
37320.00 17.24
37330.00 17.21
37340.00 17.17
37350.00 17.14
37360.00 17.11
37370.00 17.08
37380.00 17.05
37390.00 17.05
37400.00 17.02
37410.00 16.99
37420.00 16.95
37430.00 16.92
37440.00 16.89
37450.00 16.86
37460.00 16.83
37470.00 16.79
37480.00 16.76
37490.00 16.76
37500.00 16.73
37510.00 16.70
37520.00 16.67
37530.00 16.64
37540.00 16.60
37550.00 16.57
37560.00 16.54
37570.00 16.54
37580.00 16.54
37590.00 16.51
37600.00 16.48
37610.00 16.45
37620.00 16.41
37630.00 16.38
37640.00 16.35
37650.00 16.32
37660.00 16.28
37670.00 16.25
37680.00 16.26
37690.00 16.22
37700.00 16.19
37710.00 16.16
37720.00 16.13
37730.00 16.09
37740.00 16.06
37750.00 16.03
37760.00 16.00
37770.00 16.00
37780.00 15.97
37790.00 15.93
37800.00 15.90
37810.00 15.87
37820.00 15.84
37830.00 15.80
37840.00 15.77
37850.00 15.74
37860.00 15.71
37870.00 15.71
37880.00 15.67
37890.00 15.64
37900.00 15.61
37910.00 15.58
37920.00 15.54
37930.00 15.51
37940.00 15.48
37950.00 15.45
37960.00 15.45
37970.00 15.42
37980.00 15.38
37990.00 15.35
38000.00 15.32
38010.00 15.28
38020.00 15.25
38030.00 15.22
38040.00 15.19
38050.00 15.15
38060.00 15.15
38070.00 15.12
38080.00 15.09
38090.00 15.06
38100.00 15.02
38110.00 14.99
38120.00 14.96
38130.00 14.92
38140.00 14.89
38150.00 14.89
38160.00 14.86
38170.00 14.83
38180.00 14.79
38190.00 14.76
38200.00 14.73
38210.00 14.69
38220.00 14.66
38230.00 14.63
38240.00 14.59
38250.00 14.60
38260.00 14.56
38270.00 14.53
38280.00 14.50
38290.00 14.46
38300.00 14.43
38310.00 14.40
38320.00 14.36
38330.00 14.33
38340.00 14.33
38350.00 14.30
38360.00 14.26
38370.00 14.23
38380.00 14.20
38390.00 14.16
38400.00 14.13
38410.00 14.10
38420.00 14.06
38430.00 14.03
38440.00 14.03
38450.00 14.00
38460.00 13.96
38470.00 13.93
38480.00 13.90
38490.00 13.86
38500.00 13.83
38510.00 13.80
38520.00 13.76
38530.00 13.76
38540.00 13.73
38550.00 13.70
38560.00 13.66
38570.00 13.63
38580.00 13.59
38590.00 13.56
38600.00 13.53
38610.00 13.49
38620.00 13.46
38630.00 13.46
38640.00 13.43
38650.00 13.39
38660.00 13.36
38670.00 13.33
38680.00 13.29
38690.00 13.26
38700.00 13.22
38710.00 13.19
38720.00 13.19
38730.00 13.16
38740.00 13.12
38750.00 13.09
38760.00 13.05
38770.00 13.02
38780.00 12.99
38790.00 12.95
38800.00 12.92
38810.00 12.88
38820.00 12.88
38830.00 12.85
38840.00 12.82
38850.00 12.78
38860.00 12.75
38870.00 12.71
38880.00 12.68
38890.00 12.65
38900.00 12.61
38910.00 12.61
38920.00 12.58
38930.00 12.54
38940.00 12.51
38950.00 12.47
38960.00 12.44
38970.00 12.41
38980.00 12.37
38990.00 12.34
39000.00 12.30
39010.00 12.30
39020.00 12.27
39030.00 12.23
39040.00 12.20
39050.00 12.16
39060.00 12.13
39070.00 12.10
39080.00 12.06
39090.00 12.03
39100.00 12.03
39110.00 11.99
39120.00 11.96
39130.00 11.92
39140.00 11.89
39150.00 11.85
39160.00 11.82
39170.00 11.78
39180.00 11.75
39190.00 11.72
39200.00 11.72
39210.00 11.68
39220.00 11.65
39230.00 11.61
39240.00 11.58
39250.00 11.54
39260.00 11.51
39270.00 11.47
39280.00 11.44
39290.00 11.44
39300.00 11.40
39310.00 11.37
39320.00 11.33
39330.00 11.30
39340.00 11.26
39350.00 11.23
39360.00 11.19
39370.00 11.19
39380.00 11.16
39390.00 11.16
39400.00 11.12
39410.00 11.09
39420.00 11.05
39430.00 11.02
39440.00 10.98
39450.00 10.95
39460.00 10.91
39470.00 10.88
39480.00 10.88
39490.00 10.84
39500.00 10.81
39510.00 10.77
39520.00 10.74
39530.00 10.70
39540.00 10.66
39550.00 10.63
39560.00 10.59
39570.00 10.56
39580.00 10.56
39590.00 10.52
39600.00 10.49
39610.00 10.45
39620.00 10.42
39630.00 10.38
39640.00 10.35
39650.00 10.31
39660.00 10.28
39670.00 10.27
39680.00 10.24
39690.00 10.20
39700.00 10.17
39710.00 10.13
39720.00 10.10
39730.00 10.06
39740.00 10.03
39750.00 9.99
39760.00 9.95
39770.00 9.95
39780.00 9.92
39790.00 9.88
39800.00 9.85
39810.00 9.81
39820.00 9.78
39830.00 9.74
39840.00 9.70
39850.00 9.67
39860.00 9.67
39870.00 9.63
39880.00 9.60
39890.00 9.56
39900.00 9.52
39910.00 9.49
39920.00 9.45
39930.00 9.42
39940.00 9.38
39950.00 9.35
39960.00 9.34
39970.00 9.31
39980.00 9.27
39990.00 9.24
40000.00 9.20
40010.00 9.16
40020.00 9.13
40030.00 9.09
40040.00 9.06
40050.00 9.05
40060.00 9.02
40070.00 8.98
40080.00 8.95
40090.00 8.91
40100.00 8.87
40110.00 8.84
40120.00 8.80
40130.00 8.77
40140.00 8.73
40150.00 8.73
40160.00 8.69
40170.00 8.66
40180.00 8.62
40190.00 8.58
40200.00 8.55
40210.00 8.51
40220.00 8.47
40230.00 8.44
40240.00 8.44
40250.00 8.40
40260.00 8.36
40270.00 8.33
40280.00 8.29
40290.00 8.25
40300.00 8.22
40310.00 8.18
40320.00 8.14
40330.00 8.11
40340.00 8.11
40350.00 8.07
40360.00 8.03
40370.00 8.00
40380.00 7.96
40390.00 7.92
40400.00 7.89
40410.00 7.85
40420.00 7.81
40430.00 7.81
40440.00 7.78
40450.00 7.74
40460.00 7.70
40470.00 7.67
40480.00 7.63
40490.00 7.59
40500.00 7.55
40510.00 7.52
40520.00 7.48
40530.00 7.48
40540.00 7.44
40550.00 7.41
40560.00 7.37
40570.00 7.33
40580.00 7.29
40590.00 7.26
40600.00 7.22
40610.00 7.18
40620.00 7.18
40630.00 7.15
40640.00 7.11
40650.00 7.07
40660.00 7.03
40670.00 7.00
40680.00 6.96
40690.00 6.92
40700.00 6.89
40710.00 6.85
40720.00 6.85
40730.00 6.81
40740.00 6.77
40750.00 6.73
40760.00 6.70
40770.00 6.66
40780.00 6.62
40790.00 6.59
40800.00 6.55
40810.00 6.55
40820.00 6.51
40830.00 6.47
40840.00 6.43
40850.00 6.40
40860.00 6.36
40870.00 6.32
40880.00 6.28
40890.00 6.25
40900.00 6.21
40910.00 6.21
40920.00 6.17
40930.00 6.13
40940.00 6.10
40950.00 6.06
40960.00 6.02
40970.00 5.98
40980.00 5.95
40990.00 5.91
41000.00 5.90
41010.00 5.87
41020.00 5.83
41030.00 5.79
41040.00 5.75
41050.00 5.72
41060.00 5.68
41070.00 5.64
41080.00 5.60
41090.00 5.57
41100.00 5.56
41110.00 5.53
41120.00 5.49
41130.00 5.45
41140.00 5.41
41150.00 5.37
41160.00 5.34
41170.00 5.34
41180.00 5.30
41190.00 5.30
41200.00 5.26
41210.00 5.22
41220.00 5.18
41230.00 5.14
41240.00 5.11
41250.00 5.07
41260.00 5.03
41270.00 4.99
41280.00 4.95
41290.00 4.95
41300.00 4.91
41310.00 4.87
41320.00 4.84
41330.00 4.80
41340.00 4.76
41350.00 4.72
41360.00 4.68
41370.00 4.65
41380.00 4.64
41390.00 4.60
41400.00 4.57
41410.00 4.53
41420.00 4.49
41430.00 4.45
41440.00 4.41
41450.00 4.38
41460.00 4.34
41470.00 4.30
41480.00 4.30
41490.00 4.26
41500.00 4.22
41510.00 4.18
41520.00 4.14
41530.00 4.10
41540.00 4.06
41550.00 4.03
41560.00 3.99
41570.00 3.98
41580.00 3.95
41590.00 3.91
41600.00 3.87
41610.00 3.83
41620.00 3.79
41630.00 3.75
41640.00 3.71
41650.00 3.68
41660.00 3.64
41670.00 3.63
41680.00 3.60
41690.00 3.56
41700.00 3.52
41710.00 3.48
41720.00 3.44
41730.00 3.40
41740.00 3.36
41750.00 3.32
41760.00 3.29
41770.00 3.28
41780.00 3.24
41790.00 3.20
41800.00 3.17
41810.00 3.13
41820.00 3.09
41830.00 3.05
41840.00 3.01
41850.00 2.97
41860.00 2.97
41870.00 2.93
41880.00 2.89
41890.00 2.85
41900.00 2.81
41910.00 2.77
41920.00 2.73
41930.00 2.69
41940.00 2.65
41950.00 2.62
41960.00 2.61
41970.00 2.57
41980.00 2.53
41990.00 2.49
42000.00 2.46
42010.00 2.42
42020.00 2.38
42030.00 2.34
42040.00 2.30
42050.00 2.29
42060.00 2.25
42070.00 2.22
42080.00 2.18
42090.00 2.14
42100.00 2.10
42110.00 2.06
42120.00 2.02
42130.00 1.98
42140.00 1.94
42150.00 1.94
42160.00 1.90
42170.00 1.86
42180.00 1.82
42190.00 1.78
42200.00 1.74
42210.00 1.70
42220.00 1.66
42230.00 1.62
42240.00 1.62
42250.00 1.58
42260.00 1.54
42270.00 1.50
42280.00 1.46
42290.00 1.42
42300.00 1.38
42310.00 1.34
42320.00 1.30
42330.00 1.26
42340.00 1.25
42350.00 1.21
42360.00 1.17
42370.00 1.13
42380.00 1.10
42390.00 1.06
42400.00 1.02
42410.00 0.98
42420.00 0.94
42430.00 0.93
42440.00 0.89
42450.00 0.85
42460.00 0.81
42470.00 0.77
42480.00 0.73
42490.00 0.69
42500.00 0.65
42510.00 0.61
42520.00 0.57
42530.00 0.57
42540.00 0.53
42550.00 0.49
42560.00 0.45
42570.00 0.41
42580.00 0.37
42590.00 0.33
42600.00 0.29
42610.00 0.25
42620.00 0.24
42630.00 0.20
42640.00 0.16
42650.00 0.12
42660.00 0.08
42670.00 0.04
42680.00 0.00
42690.00 0.56
42700.00 1.82
42710.00 10.38
42720.00 17.97
42730.00 32.43
42740.00 40.69
42750.00 43.55
42760.00 44.51
42770.00 44.47
42780.00 44.43
42790.00 44.39
42800.00 43.65
42810.00 43.85
42820.00 44.90
42830.00 45.56
42840.00 45.52
42850.00 45.28
42860.00 44.94
42870.00 45.20
42880.00 45.36
42890.00 45.32
42900.00 45.28
42910.00 45.87
42920.00 45.53
42930.00 45.49
42940.00 45.95
42950.00 45.71
42960.00 45.07
42970.00 44.33
42980.00 44.33
42990.00 43.99
43000.00 44.48
43010.00 44.94
43020.00 46.00
43030.00 45.96
43040.00 45.92
43050.00 45.38
43060.00 45.34
43070.00 45.30
43080.00 46.26
43090.00 46.52
43100.00 47.81
43110.00 47.97
43120.00 48.23
43130.00 48.19
43140.00 48.15
43150.00 47.81
43160.00 47.57
43170.00 47.22
43180.00 47.18
43190.00 47.48
43200.00 47.14
43210.00 46.80
43220.00 46.25
43230.00 45.41
43240.00 44.07
43250.00 43.33
43260.00 42.49
43270.00 41.95
43280.00 41.91
43290.00 43.40
43300.00 43.66
43310.00 44.12
43320.00 44.88
43330.00 45.34
43340.00 45.30
43350.00 46.05
43360.00 46.81
43370.00 46.97
43380.00 48.56
43390.00 48.52
43400.00 48.48
43410.00 48.44
43420.00 48.40
43430.00 48.36
43440.00 48.32
43450.00 48.28
43460.00 46.13
43470.00 46.09
43480.00 46.09
43490.00 46.04
43500.00 46.00
43510.00 45.96
43520.00 45.92
43530.00 45.58
43540.00 45.04
43550.00 44.80
43560.00 44.75
43570.00 44.95
43580.00 45.20
43590.00 45.66
43600.00 45.62
43610.00 46.58
43620.00 47.84
43630.00 49.40
43640.00 51.15
43650.00 52.71
43660.00 54.47
43670.00 56.06
43680.00 56.72
43690.00 58.28
43700.00 59.54
43710.00 61.10
43720.00 62.36
43730.00 63.81
43740.00 65.07
43750.00 65.03
43760.00 68.72
43770.00 70.48
43780.00 72.04
43790.00 73.30
43800.00 74.75
43810.00 76.81
43820.00 76.77
43830.00 76.73
43840.00 76.39
43850.00 76.94
43860.00 78.44
43870.00 79.50
43880.00 80.15
43890.00 81.21
43900.00 82.17
43910.00 82.93
43920.00 83.88
43930.00 84.94
43940.00 86.20
43950.00 87.19
43960.00 88.75
43970.00 90.01
43980.00 91.47
43990.00 92.72
44000.00 93.78
44010.00 94.44
44020.00 96.00
44030.00 95.95
44040.00 95.91
44050.00 95.90
44060.00 95.86
44070.00 95.82
44080.00 95.78
44090.00 95.73
44100.00 95.69
44110.00 94.65
44120.00 94.61
44130.00 95.37
44140.00 96.36
44150.00 97.11
44160.00 97.87
44170.00 98.83
44180.00 99.79
44190.00 100.84
44200.00 102.10
44210.00 103.06
44220.00 103.52
44230.00 104.07
44240.00 105.37
44250.00 105.32
44260.00 105.28
44270.00 103.14
44280.00 103.09
44290.00 103.05
44300.00 103.01
44310.00 102.97
44320.00 105.02
44330.00 103.92
44340.00 104.37
44350.00 104.93
44360.00 105.39
44370.00 105.84
44380.00 106.60
44390.00 107.36
44400.00 108.02
44410.00 108.77
44420.00 109.83
44430.00 110.82
44440.00 111.78
44450.00 112.84
44460.00 113.59
44470.00 114.85
44480.00 116.11
44490.00 117.56
44500.00 119.12
44510.00 120.88
44520.00 122.47
44530.00 124.23
44540.00 124.18
44550.00 123.54
44560.00 124.60
44570.00 125.55
44580.00 125.31
44590.00 125.27
44600.00 124.12
44610.00 124.08
44620.00 125.17
44630.00 124.03
44640.00 123.78
44650.00 122.64
44660.00 123.40
44670.00 123.85
44680.00 125.11
44690.00 126.97
44700.00 128.92
44710.00 131.02
44720.00 133.37
44730.00 132.73
44740.00 133.99
44750.00 135.54
44760.00 137.30
44770.00 139.06
44780.00 139.06
44790.00 140.91
44800.00 142.87
44810.00 142.36
44820.00 143.12
44830.00 143.87
44840.00 144.33
44850.00 145.28
44860.00 146.34
44870.00 147.30
44880.00 148.55
44890.00 149.61
44900.00 151.40
44910.00 150.56
44920.00 150.51
44930.00 150.47
44940.00 150.43
44950.00 150.38
44960.00 151.64
44970.00 152.90
44980.00 154.35
44990.00 156.21
45000.00 158.00
45010.00 160.25
45020.00 161.81
45030.00 163.37
45040.00 164.82
45050.00 166.88
45060.00 169.13
45070.00 171.99
45080.00 175.55
45090.00 178.94
45100.00 181.79
45110.00 182.25
45120.00 183.21
