0.00 5.80 0.00 5.80
14.13 7.13 14.19 5.52
28.28 7.98 28.36 5.70
42.43 8.75 42.53 5.96
56.58 9.49 56.70 6.27
70.73 10.19 70.87 6.60
84.89 10.88 85.03 6.94
99.04 11.56 99.20 7.30
113.20 12.22 113.36 7.68
127.35 12.87 127.53 8.06
141.51 13.52 141.69 8.45
155.66 14.16 155.86 8.84
169.82 14.80 170.02 9.24
183.97 15.43 184.19 9.65
198.13 16.05 198.35 10.06
212.29 16.67 212.51 10.47
226.44 17.29 226.68 10.89
240.60 17.91 240.84 11.31
254.76 18.52 255.00 11.74
268.91 19.13 269.17 12.16
283.07 19.73 283.33 12.59
297.23 20.34 297.49 13.02
311.38 20.94 311.66 13.46
325.54 21.54 325.82 13.89
339.70 22.14 339.98 14.33
353.85 22.73 354.15 14.77
368.01 23.33 368.31 15.21
382.17 23.92 382.47 15.66
396.33 24.51 396.63 16.10
410.48 25.10 410.80 16.55
424.64 25.69 424.96 16.99
438.80 26.28 439.12 17.44
452.96 26.87 453.28 17.89
467.11 27.45 467.45 18.34
481.27 28.03 481.61 18.79
495.43 28.62 495.77 19.25
509.59 29.20 509.93 19.70
523.74 29.78 524.10 20.15
537.90 30.36 538.26 20.61
552.06 30.94 552.42 21.07
566.22 31.52 566.58 21.52
580.38 32.09 580.74 21.98
594.53 32.67 594.91 22.44
608.69 33.25 609.07 22.90
622.85 33.82 623.23 23.36
637.01 34.40 637.39 23.82
651.16 34.97 651.56 24.29
665.32 35.54 665.72 24.75
679.48 36.11 679.88 25.21
693.64 36.69 694.04 25.68
707.80 37.26 708.20 26.14
721.95 37.83 722.37 26.61
736.11 38.40 736.53 27.07
750.27 38.97 750.69 27.54
764.43 39.53 764.85 28.01
778.59 40.10 779.01 28.48
792.75 40.67 793.17 28.94
806.90 41.24 807.34 29.41
821.06 41.80 821.50 29.88
835.22 42.37 835.66 30.35
849.38 42.93 849.82 30.82
863.54 43.50 863.98 31.29
877.70 44.06 878.14 31.77
891.85 44.63 892.31 32.24
906.01 45.19 906.47 32.71
920.17 45.75 920.63 33.18
934.33 46.32 934.79 33.66
948.49 46.88 948.95 34.13
962.65 47.44 963.11 34.60
976.80 48.00 977.28 35.08
990.96 48.56 991.44 35.55
1005.12 49.12 1005.60 36.03
1019.28 49.68 1019.76 36.50
1033.44 50.24 1033.92 36.98
1047.60 50.80 1048.08 37.45
1061.75 51.36 1062.25 37.93
1075.91 51.92 1076.41 38.41
1090.07 52.48 1090.57 38.89
1104.23 53.04 1104.73 39.36
1118.39 53.60 1118.89 39.84
1132.55 54.15 1133.05 40.32
1146.71 54.71 1147.21 40.80
1160.86 55.27 1161.38 41.28
1175.02 55.82 1175.54 41.76
1189.18 56.38 1189.70 42.24
1203.34 56.94 1203.86 42.71
1217.50 57.49 1218.02 43.20
1231.66 58.05 1232.18 43.68
1245.82 58.60 1246.34 44.16
1259.97 59.16 1260.51 44.64
1274.13 59.71 1274.67 45.12
1288.29 60.27 1288.83 45.60
1302.45 60.82 1302.99 46.08
1316.61 61.37 1317.15 46.56
1330.77 61.93 1331.31 47.05
1344.93 62.48 1345.47 47.53
1359.09 63.03 1359.63 48.01
1373.24 63.59 1373.80 48.49
1387.40 64.14 1387.96 48.98
1401.56 64.69 1402.12 49.46
1415.72 65.24 1416.28 49.94
1429.88 65.80 1430.44 50.43
1444.04 66.35 1444.60 50.91
1458.20 66.90 1458.76 51.40
1472.36 67.45 1472.92 51.88
1486.51 68.00 1487.09 52.37
1500.67 68.55 1501.25 52.85
1514.83 69.10 1515.41 53.34
1528.99 69.65 1529.57 53.82
1543.15 70.20 1543.73 54.31
1557.31 70.75 1557.89 54.80
1571.47 71.30 1572.05 55.28
1585.63 71.85 1586.21 55.77
1599.78 72.40 1600.38 56.25
1613.94 72.95 1614.54 56.74
1628.10 73.50 1628.70 57.23
1642.26 74.05 1642.86 57.72
1656.42 74.59 1657.02 58.20
1670.58 75.14 1671.18 58.69
1684.74 75.69 1685.34 59.18
1698.90 76.24 1699.50 59.67
1713.06 76.79 1713.66 60.15
1727.21 77.33 1727.83 60.64
1741.37 77.88 1741.99 61.13
1755.53 78.43 1756.15 61.62
1769.69 78.97 1770.31 62.11
1783.85 79.52 1784.47 62.60
1798.01 80.07 1798.63 63.09
1812.17 80.61 1812.79 63.58
1826.33 81.16 1826.95 64.07
1840.49 81.71 1841.11 64.56
1854.65 82.25 1855.27 65.05
1868.80 82.80 1869.44 65.54
1882.96 83.34 1883.60 66.03
1897.12 83.89 1897.76 66.52
1911.28 84.43 1911.92 67.01
1925.44 84.98 1926.08 67.50
1939.60 85.52 1940.24 67.99
1953.76 86.07 1954.40 68.48
1967.92 86.61 1968.56 68.97
1982.08 87.16 1982.72 69.46
1996.24 87.70 1996.88 69.95
2010.39 88.25 2011.05 70.45
2024.55 88.79 2025.21 70.94
2038.71 89.33 2039.37 71.43
2052.87 89.88 2053.53 71.92
2067.03 90.42 2067.69 72.41
2081.19 90.96 2081.85 72.91
2095.35 91.51 2096.01 73.40
2109.51 92.05 2110.17 73.89
2123.67 92.59 2124.33 74.38
2137.83 93.14 2138.49 74.88
2151.99 93.68 2152.65 75.37
2166.14 94.22 2166.82 75.86
2180.30 94.76 2180.98 76.36
2194.46 95.31 2195.14 76.85
2208.62 95.85 2209.30 77.34
2222.78 96.39 2223.46 77.84
2236.94 96.93 2237.62 78.33
2251.10 97.47 2251.78 78.83
2265.26 98.02 2265.94 79.32
2279.42 98.56 2280.10 79.81
2293.58 99.10 2294.26 80.31
2307.74 99.64 2308.42 80.80
2321.89 100.18 2322.59 81.30
2336.05 100.72 2336.75 81.79
2350.21 101.26 2350.91 82.29
2364.37 101.80 2365.07 82.78
2378.53 102.34 2379.23 83.28
2392.69 102.88 2393.39 83.77
2406.85 103.42 2407.55 84.27
2421.01 103.96 2421.71 84.76
2435.17 104.50 2435.87 85.26
2449.33 105.04 2450.03 85.76
2463.49 105.58 2464.19 86.25
2477.65 106.12 2478.35 86.75
2491.80 106.66 2492.52 87.24
2505.96 107.20 2506.68 87.74
2520.12 107.74 2520.84 88.24
2534.28 108.28 2535.00 88.73
2548.44 108.82 2549.16 89.23
2562.60 109.36 2563.32 89.73
2576.76 109.90 2577.48 90.22
2590.92 110.44 2591.64 90.72
2605.08 110.98 2605.80 91.22
2619.24 111.52 2619.96 91.71
2633.40 112.05 2634.12 92.21
2647.56 112.59 2648.28 92.71
2661.72 113.13 2662.44 93.21
2675.87 113.67 2676.61 93.70
2690.03 114.21 2690.77 94.20
2704.19 114.75 2704.93 94.70
2718.35 115.28 2719.09 95.20
2732.51 115.82 2733.25 95.70
2746.67 116.36 2747.41 96.19
2760.83 116.90 2761.57 96.69
2774.99 117.43 2775.73 97.19
2789.15 117.97 2789.89 97.69
2803.31 118.51 2804.05 98.19
2817.47 119.05 2818.21 98.69
2831.63 119.58 2832.37 99.18
2845.79 120.12 2846.53 99.68
2859.95 120.66 2860.69 100.18
2874.10 121.19 2874.86 100.68
2888.26 121.73 2889.02 101.18
2902.42 122.27 2903.18 101.68
2916.58 122.80 2917.34 102.18
2930.74 123.34 2931.50 102.68
2944.90 123.88 2945.66 103.18
2959.06 124.41 2959.82 103.68
2973.22 124.95 2973.98 104.18
2987.38 125.48 2988.14 104.68
3001.54 126.02 3002.30 105.18
3015.70 126.56 3016.46 105.68
3029.86 127.09 3030.62 106.18
3044.02 127.63 3044.78 106.68
3058.18 128.16 3058.94 107.18
3072.34 128.70 3073.10 107.68
3086.49 129.23 3087.27 108.18
3100.65 129.77 3101.43 108.68
3114.81 130.30 3115.59 109.18
3128.97 130.84 3129.75 109.68
3143.13 131.37 3143.91 110.18
3157.29 131.91 3158.07 110.68
3171.45 132.44 3172.23 111.18
3185.61 132.98 3186.39 111.68
3199.77 133.51 3200.55 112.18
3213.93 134.05 3214.71 112.69
3228.09 134.58 3228.87 113.19
3242.25 135.12 3243.03 113.69
3256.41 135.65 3257.19 114.19
3270.57 136.18 3271.35 114.69
3284.73 136.72 3285.51 115.19
3298.89 137.25 3299.67 115.69
3313.05 137.79 3313.83 116.20
3327.20 138.32 3328.00 116.70
3341.36 138.85 3342.16 117.20
3355.52 139.39 3356.32 117.70
3369.68 139.92 3370.48 118.20
3383.84 140.46 3384.64 118.71
3398.00 140.99 3398.80 119.21
3412.16 141.52 3412.96 119.71
3426.32 142.06 3427.12 120.21
3440.48 142.59 3441.28 120.72
3454.64 143.12 3455.44 121.22
3468.80 143.65 3469.60 121.72
3482.96 144.19 3483.76 122.23
3497.12 144.72 3497.92 122.73
3511.28 145.25 3512.08 123.23
3525.44 145.79 3526.24 123.73
3539.60 146.32 3540.40 124.24
3553.76 146.85 3554.56 124.74
3567.92 147.38 3568.72 125.24
3582.07 147.92 3582.89 125.75
3596.23 148.45 3597.05 126.25
3610.39 148.98 3611.21 126.75
3624.55 149.51 3625.37 127.26
3638.71 150.05 3639.53 127.76
3652.87 150.58 3653.69 128.26
3667.03 151.11 3667.85 128.77
3681.19 151.64 3682.01 129.27
3695.35 152.17 3696.17 129.78
3709.51 152.70 3710.33 130.28
3723.67 153.24 3724.49 130.78
3737.83 153.77 3738.65 131.29
3751.99 154.30 3752.81 131.79
3766.15 154.83 3766.97 132.30
3780.31 155.36 3781.13 132.80
3794.47 155.89 3795.29 133.31
3808.63 156.42 3809.45 133.81
3822.79 156.96 3823.61 134.32
3836.95 157.49 3837.77 134.82
3851.11 158.02 3851.93 135.33
3865.26 158.55 3866.10 135.83
3879.42 159.08 3880.26 136.34
3893.58 159.61 3894.42 136.84
3907.74 160.14 3908.58 137.35
3921.90 160.67 3922.74 137.85
3936.06 161.20 3936.90 138.36
3950.22 161.73 3951.06 138.86
3964.38 162.26 3965.22 139.37
3978.54 162.79 3979.38 139.87
3992.70 163.32 3993.54 140.38
4006.86 163.85 4007.70 140.88
4021.02 164.38 4021.86 141.39
4035.18 164.91 4036.02 141.89
4049.34 165.44 4050.18 142.40
4063.50 165.97 4064.34 142.91
4077.66 166.50 4078.50 143.41
4091.82 167.03 4092.66 143.92
4105.98 167.56 4106.82 144.42
4120.14 168.09 4120.98 144.93
4134.30 168.62 4135.14 145.44
4148.46 169.15 4149.30 145.94
4162.62 169.68 4163.46 146.45
4176.77 170.21 4177.63 146.96
4190.93 170.74 4191.79 147.46
4205.09 171.27 4205.95 147.97
4219.25 171.80 4220.11 148.47
4233.41 172.33 4234.27 148.98
4247.57 172.86 4248.43 149.49
4261.73 173.39 4262.59 149.99
4275.89 173.92 4276.75 150.50
4290.05 174.44 4290.91 151.01
4304.21 174.97 4305.07 151.52
4318.37 175.50 4319.23 152.02
4332.53 176.03 4333.39 152.53
4346.69 176.56 4347.55 153.04
4360.85 177.09 4361.71 153.54
4375.01 177.62 4375.87 154.05
4389.17 178.14 4390.03 154.56
4403.33 178.67 4404.19 155.07
4417.49 179.20 4418.35 155.57
4431.65 179.73 4432.51 156.08
4445.81 180.26 4446.67 156.59
4459.97 180.79 4460.83 157.10
4474.13 181.31 4474.99 157.60
4488.29 181.84 4489.15 158.11
4502.45 182.37 4503.31 158.62
4516.61 182.90 4517.47 159.13
4530.76 183.42 4531.64 159.64
4544.92 183.95 4545.80 160.14
4559.08 184.48 4559.96 160.65
4573.24 185.01 4574.12 161.16
4587.40 185.54 4588.28 161.67
4601.56 186.06 4602.44 162.18
4615.72 186.59 4616.60 162.69
4629.88 187.12 4630.76 163.19
4644.04 187.64 4644.92 163.70
4658.20 188.17 4659.08 164.21
4672.36 188.70 4673.24 164.72
4686.52 189.23 4687.40 165.23
4700.68 189.75 4701.56 165.74
4714.84 190.28 4715.72 166.25
4729.00 190.81 4729.88 166.76
4743.16 191.33 4744.04 167.26
4757.32 191.86 4758.20 167.77
4771.48 192.39 4772.36 168.28
4785.64 192.91 4786.52 168.79
4799.80 193.44 4800.68 169.30
4813.96 193.97 4814.84 169.81
4828.12 194.49 4829.00 170.32
4842.28 195.02 4843.16 170.83
4856.44 195.55 4857.32 171.34
4870.60 196.07 4871.48 171.85
4884.76 196.60 4885.64 172.36
4898.92 197.12 4899.80 172.87
4913.08 197.65 4913.96 173.38
4927.24 198.18 4928.12 173.89
4941.40 198.70 4942.28 174.40
4955.56 199.23 4956.44 174.91
4969.71 199.75 4970.61 175.42
4983.87 200.28 4984.77 175.93
4998.03 200.81 4998.93 176.44
5012.19 201.33 5013.09 176.95
5026.35 201.86 5027.25 177.46
5040.51 202.38 5041.41 177.97
5054.67 202.91 5055.57 178.48
5068.83 203.43 5069.73 178.99
5082.99 203.96 5083.89 179.50
5097.15 204.49 5098.05 180.01
5111.31 205.01 5112.21 180.52
5125.47 205.54 5126.37 181.03
5139.63 206.06 5140.53 181.54
5153.79 206.59 5154.69 182.05
5167.95 207.11 5168.85 182.56
5182.11 207.64 5183.01 183.07
5196.27 208.16 5197.17 183.58
5210.43 208.69 5211.33 184.09
5224.59 209.21 5225.49 184.60
5238.75 209.74 5239.65 185.11
5252.91 210.26 5253.81 185.63
5267.07 210.79 5267.97 186.14
5281.23 211.31 5282.13 186.65
5295.39 211.83 5296.29 187.16
5309.55 212.36 5310.45 187.67
5323.71 212.88 5324.61 188.18
5337.87 213.41 5338.77 188.69
5352.03 213.93 5352.93 189.20
5366.19 214.46 5367.09 189.72
5380.35 214.98 5381.25 190.23
5394.51 215.50 5395.41 190.74
5408.67 216.03 5409.57 191.25
5422.83 216.55 5423.73 191.76
5436.99 217.08 5437.89 192.27
5451.15 217.60 5452.05 192.79
5465.31 218.12 5466.21 193.30
5479.47 218.65 5480.37 193.81
5493.63 219.17 5494.53 194.32
5507.79 219.70 5508.69 194.83
5521.95 220.22 5522.85 195.35
5536.10 220.74 5537.02 195.86
5550.26 221.27 5551.18 196.37
5564.42 221.79 5565.34 196.88
5578.58 222.31 5579.50 197.40
5592.74 222.84 5593.66 197.91
5606.90 223.36 5607.82 198.42
5621.06 223.88 5621.98 198.93
5635.22 224.41 5636.14 199.45
5649.38 224.93 5650.30 199.96
5663.54 225.45 5664.46 200.47
5677.70 225.98 5678.62 200.98
5691.86 226.50 5692.78 201.50
5706.02 227.02 5706.94 202.01
5720.18 227.55 5721.10 202.52
5734.34 228.07 5735.26 203.03
5748.50 228.59 5749.42 203.55
5762.66 229.11 5763.58 204.06
5776.82 229.64 5777.74 204.57
5790.98 230.16 5791.90 205.09
5805.14 230.68 5806.06 205.60
5819.30 231.20 5820.22 206.11
5833.46 231.73 5834.38 206.63
5847.62 232.25 5848.54 207.14
5861.78 232.77 5862.70 207.65
5875.94 233.29 5876.86 208.17
5890.10 233.82 5891.02 208.68
5904.26 234.34 5905.18 209.19
5918.42 234.86 5919.34 209.71
5932.58 235.38 5933.50 210.22
5946.74 235.90 5947.66 210.74
5960.90 236.43 5961.82 211.25
5975.06 236.95 5975.98 211.76
5989.22 237.47 5990.14 212.28
6003.38 237.99 6004.30 212.79
6017.54 238.51 6018.46 213.30
6031.70 239.04 6032.62 213.82
6045.86 239.56 6046.78 214.33
6060.02 240.08 6060.94 214.85
6074.18 240.60 6075.10 215.36
6088.34 241.12 6089.26 215.88
6102.50 241.64 6103.42 216.39
6116.66 242.17 6117.58 216.90
6130.82 242.69 6131.74 217.42
6144.98 243.21 6145.90 217.93
6159.14 243.73 6160.06 218.45
6173.30 244.25 6174.22 218.96
6187.46 244.77 6188.38 219.48
6201.62 245.29 6202.54 219.99
6215.78 245.81 6216.70 220.51
6229.94 246.33 6230.86 221.02
6244.10 246.86 6245.02 221.54
6258.26 247.38 6259.18 222.05
6272.42 247.90 6273.34 222.57
6286.58 248.42 6287.50 223.08
6300.74 248.94 6301.66 223.60
6314.90 249.46 6315.82 224.11
6329.06 249.98 6329.98 224.63
6343.22 250.50 6344.14 225.14
6357.38 251.02 6358.30 225.66
6371.54 251.54 6372.46 226.17
6385.70 252.06 6386.62 226.69
6399.86 252.58 6400.78 227.20
6414.02 253.10 6414.94 227.72
6428.18 253.62 6429.10 228.23
6442.34 254.14 6443.26 228.75
6456.50 254.66 6457.42 229.26
6470.66 255.18 6471.58 229.78
6484.82 255.70 6485.74 230.30
6498.98 256.22 6499.90 230.81
6513.14 256.74 6514.06 231.33
6527.30 257.26 6528.22 231.84
6541.46 257.78 6542.38 232.36
6555.61 258.30 6556.55 232.88
6569.77 258.82 6570.71 233.39
6583.93 259.34 6584.87 233.91
6598.09 259.86 6599.03 234.42
6612.25 260.38 6613.19 234.94
6626.41 260.90 6627.35 235.46
6640.57 261.42 6641.51 235.97
6654.73 261.94 6655.67 236.49
6668.89 262.46 6669.83 237.00
6683.05 262.98 6683.99 237.52
6697.21 263.50 6698.15 238.04
6711.37 264.02 6712.31 238.55
6725.53 264.54 6726.47 239.07
6739.69 265.06 6740.63 239.59
6753.85 265.58 6754.79 240.10
6768.01 266.09 6768.95 240.62
6782.17 266.61 6783.11 241.14
6796.33 267.13 6797.27 241.65
6810.49 267.65 6811.43 242.17
6824.65 268.17 6825.59 242.69
6838.81 268.69 6839.75 243.21
6852.97 269.21 6853.91 243.72
6867.13 269.73 6868.07 244.24
6881.29 270.24 6882.23 244.76
6895.45 270.76 6896.39 245.27
6909.61 271.28 6910.55 245.79
6923.77 271.80 6924.71 246.31
6937.93 272.32 6938.87 246.83
6952.09 272.84 6953.03 247.34
6966.25 273.36 6967.19 247.86
6980.41 273.87 6981.35 248.38
6994.57 274.39 6995.51 248.90
7008.73 274.91 7009.67 249.41
7022.89 275.43 7023.83 249.93
7037.05 275.95 7037.99 250.45
7051.21 276.46 7052.15 250.97
7065.37 276.98 7066.31 251.48
7079.53 277.50 7080.47 252.00
7093.69 278.02 7094.63 252.52
7107.85 278.54 7108.79 253.04
7122.01 279.05 7122.95 253.56
7136.17 279.57 7137.11 254.07
7150.33 280.09 7151.27 254.59
7164.49 280.61 7165.43 255.11
7178.65 281.12 7179.59 255.63
7192.81 281.64 7193.75 256.15
7206.97 282.16 7207.91 256.67
7221.13 282.68 7222.07 257.18
7235.29 283.19 7236.23 257.70
7249.45 283.71 7250.39 258.22
7263.61 284.23 7264.55 258.74
7277.77 284.75 7278.71 259.26
7291.93 285.26 7292.87 259.78
7306.09 285.78 7307.03 260.29
7320.25 286.30 7321.19 260.81
7334.41 286.81 7335.35 261.33
7348.57 287.33 7349.51 261.85
7362.73 287.85 7363.67 262.37
7376.89 288.36 7377.83 262.89
7391.05 288.88 7391.99 263.41
7405.21 289.40 7406.15 263.93
7419.37 289.91 7420.31 264.45
7433.53 290.43 7434.47 264.97
7447.69 290.95 7448.63 265.48
7461.85 291.46 7462.79 266.00
7476.01 291.98 7476.95 266.52
7490.17 292.50 7491.11 267.04
7504.33 293.01 7505.27 267.56
7518.49 293.53 7519.43 268.08
7532.65 294.05 7533.59 268.60
7546.81 294.56 7547.75 269.12
7560.97 295.08 7561.91 269.64
7575.13 295.60 7576.07 270.16
7589.29 296.11 7590.23 270.68
7603.45 296.63 7604.39 271.20
7617.62 297.14 7618.54 271.72
7631.78 297.66 7632.70 272.24
7645.94 298.17 7646.86 272.76
7660.10 298.69 7661.02 273.28
7674.26 299.21 7675.18 273.80
7688.42 299.72 7689.34 274.32
7702.58 300.24 7703.50 274.84
7716.74 300.75 7717.66 275.36
7730.90 301.27 7731.82 275.88
7745.06 301.78 7745.98 276.40
7759.22 302.30 7760.14 276.92
7773.38 302.82 7774.30 277.44
7787.54 303.33 7788.46 277.96
7801.70 303.85 7802.62 278.48
7815.86 304.36 7816.78 279.00
7830.02 304.88 7830.94 279.52
7844.18 305.39 7845.10 280.04
7858.34 305.91 7859.26 280.56
7872.50 306.42 7873.42 281.08
7886.66 306.94 7887.58 281.61
7900.82 307.45 7901.74 282.13
7914.98 307.97 7915.90 282.65
7929.14 308.48 7930.06 283.17
7943.30 309.00 7944.22 283.69
7957.46 309.51 7958.38 284.21
7971.62 310.03 7972.54 284.73
7985.78 310.54 7986.70 285.25
7999.94 311.05 8000.86 285.77
8014.10 311.57 8015.02 286.29
8028.26 312.08 8029.18 286.82
8042.42 312.60 8043.34 287.34
8056.58 313.11 8057.50 287.86
8070.74 313.63 8071.66 288.38
8084.90 314.14 8085.82 288.90
8099.06 314.66 8099.98 289.42
8113.22 315.17 8114.14 289.94
8127.38 315.68 8128.30 290.47
8141.54 316.20 8142.46 290.99
8155.70 316.71 8156.62 291.51
8169.86 317.23 8170.78 292.03
8184.02 317.74 8184.94 292.55
8198.18 318.25 8199.10 293.08
8212.34 318.77 8213.26 293.60
8226.50 319.28 8227.42 294.12
8240.66 319.79 8241.58 294.64
8254.82 320.31 8255.74 295.16
8268.98 320.82 8269.90 295.69
8283.14 321.34 8284.06 296.21
8297.30 321.85 8298.22 296.73
8311.46 322.36 8312.38 297.25
8325.62 322.88 8326.54 297.78
8339.78 323.39 8340.70 298.30
8353.94 323.90 8354.86 298.82
8368.10 324.42 8369.02 299.34
8382.26 324.93 8383.18 299.87
8396.42 325.44 8397.34 300.39
8410.58 325.95 8411.50 300.91
8424.74 326.47 8425.66 301.43
8438.90 326.98 8439.82 301.96
8453.06 327.49 8453.98 302.48
8467.22 328.01 8468.14 303.00
8481.38 328.52 8482.30 303.53
8495.54 329.03 8496.46 304.05
8509.70 329.54 8510.62 304.57
8523.86 330.06 8524.78 305.10
8538.02 330.57 8538.94 305.62
8552.18 331.08 8553.10 306.14
8566.34 331.59 8567.26 306.67
8580.50 332.11 8581.42 307.19
8594.66 332.62 8595.58 307.71
8608.82 333.13 8609.74 308.24
8622.98 333.64 8623.90 308.76
8637.15 334.16 8638.05 309.28
8651.31 334.67 8652.21 309.81
8665.47 335.18 8666.37 310.33
8679.63 335.69 8680.53 310.85
8693.79 336.20 8694.69 311.38
8707.95 336.72 8708.85 311.90
8722.11 337.23 8723.01 312.43
8736.27 337.74 8737.17 312.95
8750.43 338.25 8751.33 313.47
8764.59 338.76 8765.49 314.00
8778.75 339.27 8779.65 314.52
8792.91 339.79 8793.81 315.05
8807.07 340.30 8807.97 315.57
8821.23 340.81 8822.13 316.09
8835.39 341.32 8836.29 316.62
8849.55 341.83 8850.45 317.14
8863.71 342.34 8864.61 317.67
8877.87 342.85 8878.77 318.19
8892.03 343.37 8892.93 318.72
8906.19 343.88 8907.09 319.24
8920.35 344.39 8921.25 319.77
8934.51 344.90 8935.41 320.29
8948.67 345.41 8949.57 320.82
8962.83 345.92 8963.73 321.34
8976.99 346.43 8977.89 321.87
8991.15 346.94 8992.05 322.39
9005.31 347.45 9006.21 322.92
9019.47 347.96 9020.37 323.44
9033.63 348.47 9034.53 323.97
9047.79 348.98 9048.69 324.49
9061.95 349.50 9062.85 325.02
9076.11 350.01 9077.01 325.54
9090.27 350.52 9091.17 326.07
9104.43 351.03 9105.33 326.59
9118.59 351.54 9119.49 327.12
9132.75 352.05 9133.65 327.64
9146.91 352.56 9147.81 328.17
9161.07 353.07 9161.97 328.70
9175.23 353.58 9176.13 329.22
9189.39 354.09 9190.29 329.75
9203.56 354.60 9204.44 330.27
9217.72 355.11 9218.60 330.80
9231.88 355.62 9232.76 331.33
9246.04 356.13 9246.92 331.85
9260.20 356.64 9261.08 332.38
9274.36 357.15 9275.24 332.90
9288.52 357.65 9289.40 333.43
9302.68 358.16 9303.56 333.96
9316.84 358.67 9317.72 334.48
9331.00 359.18 9331.88 335.01
9345.16 359.69 9346.04 335.54
9359.32 360.20 9360.20 336.06
9373.48 360.71 9374.36 336.59
9387.64 361.22 9388.52 337.12
9401.80 361.73 9402.68 337.64
9415.96 362.24 9416.84 338.17
9430.12 362.75 9431.00 338.70
9444.28 363.26 9445.16 339.22
9458.44 363.76 9459.32 339.75
9472.60 364.27 9473.48 340.28
9486.76 364.78 9487.64 340.80
9500.92 365.29 9501.80 341.33
9515.08 365.80 9515.96 341.86
9529.24 366.31 9530.12 342.38
9543.40 366.82 9544.28 342.91
9557.56 367.32 9558.44 343.44
9571.72 367.83 9572.60 343.97
9585.88 368.34 9586.76 344.49
9600.04 368.85 9600.92 345.02
9614.20 369.36 9615.08 345.55
9628.36 369.87 9629.24 346.08
9642.53 370.37 9643.39 346.61
9656.69 370.88 9657.55 347.13
9670.85 371.39 9671.71 347.66
9685.01 371.90 9685.87 348.19
9699.17 372.41 9700.03 348.72
9713.33 372.91 9714.19 349.25
9727.49 373.42 9728.35 349.77
9741.65 373.93 9742.51 350.30
9755.81 374.44 9756.67 350.83
9769.97 374.94 9770.83 351.36
9784.13 375.45 9784.99 351.89
9798.29 375.96 9799.15 352.41
9812.45 376.47 9813.31 352.94
9826.61 376.97 9827.47 353.47
9840.77 377.48 9841.63 354.00
9854.93 377.99 9855.79 354.53
9869.09 378.49 9869.95 355.06
9883.25 379.00 9884.11 355.59
9897.41 379.51 9898.27 356.12
9911.57 380.01 9912.43 356.64
9925.73 380.52 9926.59 357.17
9939.89 381.03 9940.75 357.70
9954.05 381.53 9954.91 358.23
9968.21 382.04 9969.07 358.76
9982.37 382.55 9983.23 359.29
9996.54 383.05 9997.38 359.82
10010.70 383.56 10011.54 360.35
10024.86 384.07 10025.70 360.88
10039.02 384.57 10039.86 361.41
10053.18 385.08 10054.02 361.94
10067.34 385.58 10068.18 362.47
10081.50 386.09 10082.34 363.00
10095.66 386.60 10096.50 363.53
10109.82 387.10 10110.66 364.06
10123.98 387.61 10124.82 364.59
10138.14 388.11 10138.98 365.12
10152.30 388.62 10153.14 365.65
10166.46 389.13 10167.30 366.18
10180.62 389.63 10181.46 366.71
10194.78 390.14 10195.62 367.24
10208.94 390.64 10209.78 367.77
10223.10 391.15 10223.94 368.30
10237.26 391.65 10238.10 368.83
10251.42 392.16 10252.26 369.36
10265.58 392.66 10266.42 369.89
10279.74 393.17 10280.58 370.42
10293.90 393.67 10294.74 370.95
10308.07 394.18 10308.89 371.48
10322.23 394.68 10323.05 372.02
10336.39 395.19 10337.21 372.55
10350.55 395.69 10351.37 373.08
10364.71 396.20 10365.53 373.61
10378.87 396.70 10379.69 374.14
10393.03 397.20 10393.85 374.67
10407.19 397.71 10408.01 375.20
10421.35 398.21 10422.17 375.73
10435.51 398.72 10436.33 376.27
10449.67 399.22 10450.49 376.80
10463.83 399.73 10464.65 377.33
10477.99 400.23 10478.81 377.86
10492.15 400.73 10492.97 378.39
10506.31 401.24 10507.13 378.92
10520.47 401.74 10521.29 379.46
10534.63 402.24 10535.45 379.99
10548.79 402.75 10549.61 380.52
10562.95 403.25 10563.77 381.05
10577.11 403.76 10577.93 381.59
10591.28 404.26 10592.08 382.12
10605.44 404.76 10606.24 382.65
10619.60 405.27 10620.40 383.18
10633.76 405.77 10634.56 383.72
10647.92 406.27 10648.72 384.25
10662.08 406.77 10662.88 384.78
10676.24 407.28 10677.04 385.31
10690.40 407.78 10691.20 385.85
10704.56 408.28 10705.36 386.38
10718.72 408.79 10719.52 386.91
10732.88 409.29 10733.68 387.45
10747.04 409.79 10747.84 387.98
10761.20 410.29 10762.00 388.51
10775.36 410.80 10776.16 389.05
10789.52 411.30 10790.32 389.58
10803.68 411.80 10804.48 390.11
10817.84 412.30 10818.64 390.65
10832.00 412.80 10832.80 391.18
10846.17 413.31 10846.95 391.72
10860.33 413.81 10861.11 392.25
10874.49 414.31 10875.27 392.78
10888.65 414.81 10889.43 393.32
10902.81 415.31 10903.59 393.85
10916.97 415.81 10917.75 394.39
10931.13 416.32 10931.91 394.92
10945.29 416.82 10946.07 395.45
10959.45 417.32 10960.23 395.99
10973.61 417.82 10974.39 396.52
10987.77 418.32 10988.55 397.06
11001.93 418.82 11002.71 397.59
11016.09 419.32 11016.87 398.13
11030.25 419.82 11031.03 398.66
11044.41 420.32 11045.19 399.20
11058.57 420.82 11059.35 399.73
11072.73 421.32 11073.51 400.27
11086.90 421.83 11087.66 400.80
11101.06 422.33 11101.82 401.34
11115.22 422.83 11115.98 401.88
11129.38 423.33 11130.14 402.41
11143.54 423.83 11144.30 402.95
11157.70 424.33 11158.46 403.48
11171.86 424.83 11172.62 404.02
11186.02 425.33 11186.78 404.55
11200.18 425.83 11200.94 405.09
11214.34 426.32 11215.10 405.63
11228.50 426.82 11229.26 406.16
11242.66 427.32 11243.42 406.70
11256.82 427.82 11257.58 407.24
11270.98 428.32 11271.74 407.77
11285.14 428.82 11285.90 408.31
11299.31 429.32 11300.05 408.85
11313.47 429.82 11314.21 409.38
11327.63 430.32 11328.37 409.92
11341.79 430.82 11342.53 410.46
11355.95 431.32 11356.69 410.99
11370.11 431.81 11370.85 411.53
11384.27 432.31 11385.01 412.07
11398.43 432.81 11399.17 412.61
11412.59 433.31 11413.33 413.14
11426.75 433.81 11427.49 413.68
11440.91 434.30 11441.65 414.22
11455.07 434.80 11455.81 414.76
11469.23 435.30 11469.97 415.29
11483.39 435.80 11484.13 415.83
11497.56 436.30 11498.28 416.37
11511.72 436.79 11512.44 416.91
11525.88 437.29 11526.60 417.45
11540.04 437.79 11540.76 417.99
11554.20 438.29 11554.92 418.53
11568.36 438.78 11569.08 419.06
11582.52 439.28 11583.24 419.60
11596.68 439.78 11597.40 420.14
11610.84 440.27 11611.56 420.68
11625.00 440.77 11625.72 421.22
11639.16 441.27 11639.88 421.76
11653.32 441.76 11654.04 422.30
11667.48 442.26 11668.20 422.84
11681.65 442.75 11682.35 423.38
11695.81 443.25 11696.51 423.92
11709.97 443.75 11710.67 424.46
11724.13 444.24 11724.83 425.00
11738.29 444.74 11738.99 425.54
11752.45 445.23 11753.15 426.08
11766.61 445.73 11767.31 426.62
11780.77 446.22 11781.47 427.16
11794.93 446.72 11795.63 427.70
11809.09 447.21 11809.79 428.24
11823.25 447.71 11823.95 428.78
11837.41 448.20 11838.11 429.32
11851.58 448.70 11852.26 429.86
11865.74 449.19 11866.42 430.40
11879.90 449.69 11880.58 430.95
11894.06 450.18 11894.74 431.49
11908.22 450.68 11908.90 432.03
11922.38 451.17 11923.06 432.57
11936.54 451.66 11937.22 433.11
11950.70 452.16 11951.38 433.65
11964.86 452.65 11965.54 434.20
11979.02 453.15 11979.70 434.74
11993.18 453.64 11993.86 435.28
12007.35 454.13 12008.01 435.82
12021.51 454.63 12022.17 436.37
12035.67 455.12 12036.33 436.91
12049.83 455.61 12050.49 437.45
12063.99 456.10 12064.65 437.99
12078.15 456.60 12078.81 438.54
12092.31 457.09 12092.97 439.08
12106.47 457.58 12107.13 439.63
12120.63 458.07 12121.29 440.17
12134.79 458.56 12135.45 440.71
12148.95 459.06 12149.61 441.26
12163.12 459.55 12163.76 441.80
12177.28 460.04 12177.92 442.34
12191.44 460.53 12192.08 442.89
12205.60 461.02 12206.24 443.43
12219.76 461.51 12220.40 443.98
12233.92 462.00 12234.56 444.52
12248.08 462.50 12248.72 445.07
12262.24 462.99 12262.88 445.61
12276.40 463.48 12277.04 446.16
12290.56 463.97 12291.20 446.70
12304.73 464.46 12305.35 447.25
12318.89 464.95 12319.51 447.80
12333.05 465.44 12333.67 448.34
12347.21 465.93 12347.83 448.89
12361.37 466.42 12361.99 449.43
12375.53 466.90 12376.15 449.98
12389.69 467.39 12390.31 450.53
12403.85 467.88 12404.47 451.07
12418.01 468.37 12418.63 451.62
12432.17 468.86 12432.79 452.17
12446.34 469.35 12446.94 452.72
12460.50 469.84 12461.10 453.26
12474.66 470.32 12475.26 453.81
12488.82 470.81 12489.42 454.36
12502.98 471.30 12503.58 454.91
12517.14 471.79 12517.74 455.46
12531.30 472.27 12531.90 456.01
12545.46 472.76 12546.06 456.55
12559.62 473.25 12560.22 457.10
12573.79 473.73 12574.37 457.65
12587.95 474.22 12588.53 458.20
12602.11 474.71 12602.69 458.75
12616.27 475.19 12616.85 459.30
12630.43 475.68 12631.01 459.85
12644.59 476.16 12645.17 460.40
12658.75 476.65 12659.33 460.95
12672.91 477.14 12673.49 461.50
12687.08 477.62 12687.64 462.05
12701.24 478.10 12701.80 462.60
12715.40 478.59 12715.96 463.16
12729.56 479.07 12730.12 463.71
12743.72 479.56 12744.28 464.26
12757.88 480.04 12758.44 464.81
12772.04 480.52 12772.60 465.36
12786.20 481.01 12786.76 465.92
12800.37 481.49 12800.91 466.47
12814.53 481.97 12815.07 467.02
12828.69 482.46 12829.23 467.57
12842.85 482.94 12843.39 468.13
12857.01 483.42 12857.55 468.68
12871.17 483.90 12871.71 469.24
12885.33 484.38 12885.87 469.79
12899.49 484.87 12900.03 470.34
12913.66 485.35 12914.18 470.90
12927.82 485.83 12928.34 471.45
12941.98 486.31 12942.50 472.01
12956.14 486.79 12956.66 472.57
12970.30 487.27 12970.82 473.12
12984.46 487.75 12984.98 473.68
12998.62 488.23 12999.14 474.23
13012.79 488.70 13013.29 474.79
13026.95 489.18 13027.45 475.35
13041.11 489.66 13041.61 475.91
13055.27 490.14 13055.77 476.46
13069.43 490.62 13069.93 477.02
13083.59 491.09 13084.09 477.58
13097.75 491.57 13098.25 478.14
13111.92 492.05 13112.40 478.70
13126.08 492.52 13126.56 479.26
13140.24 493.00 13140.72 479.82
13154.40 493.48 13154.88 480.38
13168.56 493.95 13169.04 480.94
13182.72 494.43 13183.20 481.50
13196.89 494.90 13197.35 482.06
13211.05 495.37 13211.51 482.62
13225.21 495.85 13225.67 483.19
13239.37 496.32 13239.83 483.75
13253.53 496.79 13253.99 484.31
13267.69 497.27 13268.15 484.88
13281.86 497.74 13282.30 485.44
13296.02 498.21 13296.46 486.00
13310.18 498.68 13310.62 486.57
13324.34 499.15 13324.78 487.13
13338.50 499.62 13338.94 487.70
13352.66 500.09 13353.10 488.27
13366.83 500.56 13367.25 488.83
13380.99 501.03 13381.41 489.40
13395.15 501.49 13395.57 489.97
13409.31 501.96 13409.73 490.54
13423.47 502.43 13423.89 491.11
13437.63 502.89 13438.05 491.68
13451.80 503.36 13452.20 492.25
13465.96 503.82 13466.36 492.82
13480.12 504.29 13480.52 493.39
13494.28 504.75 13494.68 493.96
13508.44 505.22 13508.84 494.53
13522.61 505.68 13522.99 495.11
13536.77 506.14 13537.15 495.68
13550.93 506.60 13551.31 496.26
13565.09 507.06 13565.47 496.83
13579.26 507.52 13579.62 497.41
13593.42 507.98 13593.78 497.99
13607.58 508.44 13607.94 498.56
13621.74 508.89 13622.10 499.14
13635.90 509.35 13636.26 499.72
13650.07 509.80 13650.41 500.30
13664.23 510.26 13664.57 500.89
13678.39 510.71 13678.73 501.47
13692.55 511.16 13692.89 502.05
13706.72 511.61 13707.04 502.64
13720.88 512.06 13721.20 503.22
13735.04 512.51 13735.36 503.81
13749.20 512.96 13749.52 504.40
13763.37 513.40 13763.67 504.99
13777.53 513.85 13777.83 505.58
13791.69 514.29 13791.99 506.17
13805.85 514.73 13806.15 506.77
13820.02 515.17 13820.30 507.37
13834.18 515.61 13834.46 507.96
13848.34 516.04 13848.62 508.56
13862.51 516.48 13862.77 509.17
13876.67 516.91 13876.93 509.77
13890.83 517.34 13891.09 510.38
13905.00 517.77 13905.24 510.99
13919.16 518.19 13919.40 511.60
13933.32 518.61 13933.56 512.21
13947.49 519.03 13947.71 512.83
13961.65 519.44 13961.87 513.45
13975.81 519.85 13976.03 514.08
13989.98 520.26 13990.18 514.71
14004.14 520.66 14004.34 515.34
14018.31 521.06 14018.49 515.98
14032.47 521.44 14032.65 516.63
14046.64 521.83 14046.80 517.28
14060.80 522.20 14060.96 517.95
14074.97 522.56 14075.11 518.62
14089.13 522.91 14089.27 519.31
14103.30 523.24 14103.42 520.02
14117.47 523.54 14117.57 520.75
14131.64 523.80 14131.72 521.52
14145.81 523.99 14145.87 522.37
14160.00 523.70 14160.00 523.70
