0.00 3.00
10.00 3.06
20.00 2.82
30.00 2.12
40.00 2.18
50.00 1.84
60.00 1.90
70.00 2.41
80.00 2.46
90.00 2.52
100.00 2.58
110.00 2.64
120.00 2.34
130.00 2.40
140.00 2.16
150.00 2.22
160.00 2.27
170.00 1.98
180.00 2.04
190.00 2.04
200.00 2.10
210.00 2.20
220.00 2.26
230.00 1.92
240.00 1.98
250.00 2.03
260.00 2.14
270.00 1.80
280.00 1.86
290.00 1.91
300.00 1.72
310.00 1.78
320.00 1.84
330.00 1.49
340.00 1.55
350.00 1.66
360.00 1.71
370.00 1.37
380.00 1.43
390.00 1.49
400.00 1.29
410.00 1.35
420.00 1.41
430.00 1.47
440.00 1.17
450.00 1.23
460.00 1.29
470.00 1.34
480.00 1.40
490.00 1.51
500.00 1.56
510.00 1.22
520.00 0.88
530.00 0.54
540.00 0.34
550.00 0.00
560.00 0.06
570.00 0.11
580.00 0.22
590.00 0.28
600.00 0.33
610.00 0.33
620.00 0.79
630.00 1.20
640.00 1.25
650.00 1.71
660.00 1.77
670.00 1.87
680.00 1.93
690.00 2.39
700.00 2.45
710.00 2.50
720.00 3.01
730.00 3.07
740.00 3.52
750.00 3.58
760.00 3.94
770.00 4.04
780.00 4.50
790.00 4.56
800.00 4.61
810.00 5.12
820.00 5.17
830.00 5.53
840.00 5.59
850.00 5.64
860.00 6.15
870.00 6.21
880.00 6.26
890.00 6.32
900.00 6.83
910.00 6.88
920.00 6.94
930.00 7.00
940.00 7.05
950.00 7.16
960.00 7.21
970.00 7.27
980.00 7.33
990.00 7.38
1000.00 7.49
1010.00 7.55
1020.00 7.60
1030.00 7.60
1040.00 7.71
1050.00 7.36
1060.00 7.42
1070.00 7.08
1080.00 7.13
1090.00 6.94
1100.00 6.99
1110.00 7.05
1120.00 7.11
1130.00 6.81
1140.00 6.87
1150.00 7.32
1160.00 7.38
1170.00 7.44
1180.00 7.54
1190.00 7.60
1200.00 7.95
1210.00 8.01
1220.00 8.07
1230.00 8.17
1240.00 8.63
1250.00 8.68
1260.00 8.74
1270.00 9.25
1280.00 9.30
1290.00 9.36
1300.00 9.41
1310.00 9.47
1320.00 9.97
1330.00 10.03
1340.00 10.09
1350.00 10.44
1360.00 10.50
1370.00 10.60
1380.00 10.66
1390.00 11.11
1400.00 11.17
1410.00 11.27
1420.00 11.33
1430.00 11.39
1440.00 11.84
1450.00 11.90
1460.00 11.95
1470.00 12.00
1480.00 12.06
1490.00 12.11
1500.00 12.62
1510.00 12.67
1520.00 12.73
1530.00 12.79
1540.00 12.84
1550.00 12.95
1560.00 13.00
1570.00 12.66
1580.00 12.71
1590.00 12.77
1600.00 13.27
1610.00 12.93
1620.00 12.58
1630.00 12.64
1640.00 12.74
1650.00 12.80
1660.00 12.45
1670.00 12.51
1680.00 12.56
1690.00 13.07
1700.00 12.72
1710.00 13.18
1720.00 13.24
1730.00 13.34
1740.00 13.39
1750.00 13.05
1760.00 13.11
1770.00 12.86
1780.00 12.96
1790.00 13.02
1800.00 12.67
1810.00 12.33
1820.00 12.39
1830.00 12.49
1840.00 12.54
1850.00 12.20
1860.00 12.25
1870.00 12.36
1880.00 12.36
1890.00 12.41
1900.00 12.17
1910.00 12.22
1920.00 12.33
1930.00 12.38
1940.00 12.44
1950.00 12.09
1960.00 12.15
1970.00 12.25
1980.00 11.91
1990.00 11.96
2000.00 11.92
2010.00 12.12
2020.00 11.87
2030.00 11.73
2040.00 11.48
2050.00 11.54
2060.00 11.64
2070.00 11.40
2080.00 11.45
2090.00 11.51
2100.00 11.91
2110.00 11.67
2120.00 11.72
2130.00 11.37
2140.00 11.03
2150.00 11.13
2160.00 11.19
2170.00 10.94
2180.00 11.00
2190.00 11.05
2200.00 11.45
2210.00 11.51
2220.00 11.56
2230.00 11.62
2240.00 12.12
2250.00 12.18
2260.00 12.23
2270.00 12.28
2280.00 12.34
2290.00 12.84
2300.00 12.84
2310.00 12.90
2320.00 12.55
2330.00 12.65
2340.00 12.01
2350.00 11.76
2360.00 11.82
2370.00 12.87
2380.00 12.97
2390.00 13.03
2400.00 13.08
2410.00 13.14
2420.00 13.19
2430.00 11.89
2440.00 10.95
2450.00 11.00
2460.00 10.36
2470.00 10.36
2480.00 10.41
2490.00 10.47
2500.00 10.52
2510.00 10.58
2520.00 10.78
2530.00 11.13
2540.00 11.19
2550.00 10.94
2560.00 11.34
2570.00 11.40
2580.00 11.45
2590.00 11.51
2600.00 11.56
2610.00 12.06
2620.00 12.12
2630.00 12.17
2640.00 11.82
2650.00 12.28
2660.00 12.68
2670.00 12.73
2680.00 12.79
2690.00 12.84
2700.00 13.34
2710.00 13.40
2720.00 13.40
2730.00 13.45
2740.00 13.11
2750.00 13.61
2760.00 13.26
2770.00 13.02
2780.00 13.37
2790.00 13.42
2800.00 15.63
2810.00 14.68
2820.00 14.33
2830.00 14.39
2840.00 14.89
2850.00 14.94
2860.00 14.60
2870.00 14.65
2880.00 14.70
2890.00 15.20
2900.00 15.26
2910.00 15.31
2920.00 15.37
2930.00 16.07
2940.00 16.12
2950.00 16.17
2960.00 16.23
2970.00 16.28
2980.00 17.48
2990.00 15.14
3000.00 17.29
3010.00 16.94
3020.00 17.00
3030.00 17.50
3040.00 17.55
3050.00 17.90
3060.00 17.96
3070.00 18.36
3080.00 18.41
3090.00 18.47
3100.00 18.22
3110.00 17.97
3120.00 18.37
3130.00 17.73
3140.00 17.73
3150.00 17.78
3160.00 18.28
3170.00 18.33
3180.00 18.39
3190.00 18.74
3200.00 19.09
3210.00 19.90
3220.00 19.95
3230.00 20.40
3240.00 20.75
3250.00 21.21
3260.00 22.31
3270.00 22.36
3280.00 22.82
3290.00 23.17
3300.00 24.37
3310.00 24.72
3320.00 25.47
3330.00 24.83
3340.00 24.88
3350.00 30.18
3360.00 32.33
3370.00 35.49
3380.00 39.34
3390.00 44.34
3400.00 47.09
3410.00 48.55
3420.00 49.30
3430.00 48.65
3440.00 47.35
3450.00 47.41
3460.00 46.16
3470.00 46.21
3480.00 45.16
3490.00 39.76
3500.00 37.72
3510.00 36.67
3520.00 35.72
3530.00 35.82
3540.00 35.88
3550.00 35.93
3560.00 35.93
3570.00 36.98
3580.00 36.08
3590.00 37.13
3600.00 36.89
3610.00 36.24
3620.00 35.99
3630.00 36.09
3640.00 35.44
3650.00 35.10
3660.00 34.85
3670.00 34.95
3680.00 35.00
3690.00 34.65
3700.00 34.41
3710.00 34.46
3720.00 34.86
3730.00 34.91
3740.00 35.36
3750.00 35.42
3760.00 35.82
3770.00 35.87
3780.00 35.92
3790.00 35.67
3800.00 35.73
3810.00 36.13
3820.00 35.88
3830.00 35.93
3840.00 35.58
3850.00 35.63
3860.00 36.13
3870.00 35.79
3880.00 35.14
3890.00 34.89
3900.00 34.99
3910.00 34.64
3920.00 34.39
3930.00 34.05
3940.00 34.10
3950.00 34.90
3960.00 34.95
3970.00 35.00
3980.00 35.00
3990.00 36.20
4000.00 36.25
4010.00 36.31
4020.00 36.66
4030.00 37.81
4040.00 39.31
4050.00 39.66
4060.00 40.01
4070.00 40.46
4080.00 42.62
4090.00 45.42
4100.00 44.47
4110.00 43.12
4120.00 41.77
4130.00 41.17
4140.00 39.52
4150.00 40.27
4160.00 39.62
4170.00 39.38
4180.00 39.08
4190.00 38.83
4200.00 38.18
4210.00 37.53
4220.00 36.48
4230.00 36.58
4240.00 36.33
4250.00 35.68
4260.00 35.44
4270.00 35.14
4280.00 34.49
4290.00 34.24
4300.00 33.89
4310.00 33.94
4320.00 34.04
4330.00 33.79
4340.00 34.14
4350.00 33.89
4360.00 34.29
4370.00 34.74
4380.00 35.50
4390.00 36.25
4400.00 36.25
4410.00 36.65
4420.00 37.70
4430.00 38.45
4440.00 38.90
4450.00 39.65
4460.00 40.45
4470.00 40.50
4480.00 40.55
4490.00 40.60
4500.00 40.70
4510.00 41.05
4520.00 42.50
4530.00 42.26
4540.00 42.31
4550.00 42.01
4560.00 42.06
4570.00 42.11
4580.00 42.56
4590.00 42.26
4600.00 42.31
4610.00 42.36
4620.00 42.81
4630.00 42.86
4640.00 42.56
4650.00 42.61
4660.00 42.66
4670.00 42.41
4680.00 42.46
4690.00 41.86
4700.00 41.51
4710.00 41.26
4720.00 40.91
4730.00 40.31
4740.00 39.66
4750.00 39.01
4760.00 38.46
4770.00 37.41
4780.00 36.81
4790.00 35.86
4800.00 34.81
4810.00 34.17
4820.00 33.91
4830.00 32.56
4840.00 30.91
4850.00 29.16
4860.00 27.52
4870.00 26.21
4880.00 25.56
4890.00 25.21
4900.00 25.26
4910.00 25.32
4920.00 25.41
4930.00 25.46
4940.00 25.51
4950.00 25.56
4960.00 25.66
4970.00 25.71
4980.00 25.76
4990.00 25.81
5000.00 25.86
5010.00 25.96
5020.00 26.01
5030.00 26.06
5040.00 26.11
5050.00 26.16
5060.00 26.26
5070.00 26.31
5080.00 26.36
5090.00 26.41
5100.00 26.51
5110.00 26.56
5120.00 26.61
5130.00 26.66
5140.00 26.71
5150.00 26.81
5160.00 26.86
5170.00 26.91
5180.00 26.96
5190.00 27.06
5200.00 27.11
5210.00 27.16
5220.00 27.21
5230.00 27.26
5240.00 27.30
5250.00 27.35
5260.00 27.40
5270.00 27.45
5280.00 27.50
5290.00 27.60
5300.00 27.65
5310.00 27.70
5320.00 27.75
5330.00 27.85
5340.00 27.90
5350.00 27.95
5360.00 28.00
5370.00 28.05
5380.00 28.14
5390.00 28.19
5400.00 28.24
5410.00 28.29
5420.00 28.39
5430.00 28.44
5440.00 28.49
5450.00 28.54
5460.00 28.59
5470.00 28.69
5480.00 28.74
5490.00 28.78
5500.00 28.83
5510.00 28.88
5520.00 28.98
5530.00 29.03
5540.00 29.08
5550.00 29.13
5560.00 29.23
5570.00 29.28
5580.00 29.33
5590.00 29.37
5600.00 29.42
5610.00 29.52
5620.00 29.57
5630.00 29.62
5640.00 29.67
5650.00 29.72
5660.00 29.77
5670.00 29.81
5680.00 29.86
5690.00 29.91
5700.00 30.01
5710.00 30.06
5720.00 30.11
5730.00 30.16
5740.00 30.21
5750.00 30.30
5760.00 30.35
5770.00 30.40
5780.00 30.45
5790.00 30.55
5800.00 30.60
5810.00 30.65
5820.00 30.69
5830.00 30.74
5840.00 30.84
5850.00 30.89
5860.00 30.94
5870.00 30.99
5880.00 31.04
5890.00 31.13
5900.00 31.18
5910.00 31.23
5920.00 31.28
5930.00 31.38
5940.00 31.42
5950.00 31.47
5960.00 31.52
5970.00 31.57
5980.00 31.67
5990.00 31.72
6000.00 31.76
6010.00 31.81
6020.00 31.91
6030.00 31.96
6040.00 32.01
6050.00 32.06
6060.00 32.10
6070.00 32.20
6080.00 32.20
6090.00 32.25
6100.00 32.30
6110.00 32.35
6120.00 32.44
6130.00 32.49
6140.00 32.54
6150.00 32.59
6160.00 32.68
6170.00 32.73
6180.00 32.78
6190.00 32.83
6200.00 32.88
6210.00 32.97
6220.00 33.02
6230.00 33.07
6240.00 33.12
6250.00 33.21
6260.00 33.26
6270.00 33.31
6280.00 33.36
6290.00 33.41
6300.00 33.50
6310.00 33.55
6320.00 33.60
6330.00 33.65
6340.00 33.70
6350.00 33.79
6360.00 33.84
6370.00 33.89
6380.00 33.94
6390.00 34.03
6400.00 34.08
6410.00 34.13
6420.00 34.18
6430.00 34.23
6440.00 34.32
6450.00 34.37
6460.00 34.42
6470.00 34.46
6480.00 34.51
6490.00 34.61
6500.00 34.61
6510.00 34.66
6520.00 34.70
6530.00 34.80
6540.00 34.85
6550.00 34.89
6560.00 34.94
6570.00 34.99
6580.00 35.09
6590.00 35.13
6600.00 35.18
6610.00 35.23
6620.00 35.32
6630.00 35.37
6640.00 35.42
6650.00 35.47
6660.00 35.52
6670.00 35.61
6680.00 35.66
6690.00 35.71
6700.00 35.75
6710.00 35.80
6720.00 35.90
6730.00 35.94
6740.00 35.99
6750.00 36.04
6760.00 36.13
6770.00 36.18
6780.00 36.23
6790.00 36.28
6800.00 36.32
6810.00 36.42
6820.00 36.47
6830.00 36.51
6840.00 36.56
6850.00 36.66
6860.00 36.70
6870.00 36.75
6880.00 36.80
6890.00 36.85
6900.00 36.94
6910.00 36.99
6920.00 36.99
6930.00 37.03
6940.00 37.08
6950.00 37.18
6960.00 37.22
6970.00 37.27
6980.00 37.32
6990.00 37.41
7000.00 37.46
7010.00 37.51
7020.00 37.55
7030.00 37.60
7040.00 37.70
7050.00 37.74
7060.00 37.79
7070.00 37.84
7080.00 37.93
7090.00 37.98
7100.00 38.03
7110.00 38.07
7120.00 38.12
7130.00 38.21
7140.00 38.26
7150.00 38.31
7160.00 38.35
7170.00 38.40
7180.00 38.50
7190.00 38.54
7200.00 38.59
7210.00 38.64
7220.00 38.73
7230.00 38.78
7240.00 38.82
7250.00 38.87
7260.00 38.92
7270.00 39.01
7280.00 39.06
7290.00 39.11
7300.00 39.15
7310.00 39.20
7320.00 39.29
7330.00 39.34
7340.00 39.34
7350.00 39.39
7360.00 39.48
7370.00 39.53
7380.00 39.57
7390.00 39.62
7400.00 39.67
7410.00 39.76
7420.00 39.81
7430.00 39.85
7440.00 39.90
7450.00 39.99
7460.00 40.04
7470.00 40.09
7480.00 40.13
7490.00 40.18
7500.00 40.27
7510.00 40.32
7520.00 40.37
7530.00 40.41
7540.00 40.46
7550.00 40.55
7560.00 40.60
7570.00 40.64
7580.00 40.69
7590.00 40.78
7600.00 40.83
7610.00 40.88
7620.00 40.92
7630.00 40.97
7640.00 41.06
7650.00 41.11
7660.00 41.15
7670.00 41.20
7680.00 41.29
7690.00 41.34
7700.00 41.39
7710.00 41.43
7720.00 41.48
7730.00 41.57
7740.00 41.62
7750.00 41.66
7760.00 41.66
7770.00 41.71
7780.00 41.80
7790.00 41.85
7800.00 41.89
7810.00 41.94
7820.00 42.03
7830.00 42.08
7840.00 42.13
7850.00 42.17
7860.00 42.22
7870.00 42.31
7880.00 42.36
7890.00 42.40
7900.00 42.45
7910.00 42.49
7920.00 42.59
7930.00 42.63
7940.00 42.68
7950.00 42.72
7960.00 42.82
7970.00 42.86
7980.00 42.91
7990.00 42.95
8000.00 43.00
8010.00 43.09
8020.00 43.14
8030.00 43.18
8040.00 43.23
8050.00 43.32
8060.00 43.37
8070.00 43.41
8080.00 43.46
8090.00 43.50
8100.00 43.59
8110.00 43.64
8120.00 43.69
8130.00 43.73
8140.00 43.78
8150.00 43.87
8160.00 43.91
8170.00 43.96
8180.00 43.96
8190.00 44.05
8200.00 44.10
8210.00 44.14
8220.00 44.19
8230.00 44.23
8240.00 44.33
8250.00 44.37
8260.00 44.42
8270.00 44.46
8280.00 44.55
8290.00 44.60
8300.00 44.64
8310.00 44.69
8320.00 44.73
8330.00 44.83
8340.00 44.87
8350.00 44.92
8360.00 44.96
8370.00 45.01
8380.00 45.10
8390.00 45.14
8400.00 45.19
8410.00 45.23
8420.00 45.33
8430.00 45.37
8440.00 45.42
8450.00 45.46
8460.00 45.51
8470.00 45.60
8480.00 45.64
8490.00 45.69
8500.00 45.73
8510.00 45.82
8520.00 45.87
8530.00 45.91
8540.00 45.96
8550.00 46.00
8560.00 46.09
8570.00 46.14
8580.00 46.18
8590.00 46.23
8600.00 46.23
8610.00 46.32
8620.00 46.37
8630.00 46.41
8640.00 46.45
8650.00 46.55
8660.00 46.59
8670.00 46.64
8680.00 46.68
8690.00 46.72
8700.00 46.82
8710.00 46.86
8720.00 46.90
8730.00 46.95
8740.00 46.99
8750.00 47.09
8760.00 47.13
8770.00 47.17
8780.00 47.22
8790.00 47.31
8800.00 47.35
8810.00 47.40
8820.00 47.44
8830.00 47.49
8840.00 47.58
8850.00 47.62
8860.00 47.67
8870.00 47.71
8880.00 47.80
8890.00 47.85
8900.00 47.89
8910.00 47.94
8920.00 47.98
8930.00 48.07
8940.00 48.11
8950.00 48.16
8960.00 48.20
8970.00 48.25
8980.00 48.34
8990.00 48.38
9000.00 48.43
9010.00 48.47
9020.00 48.52
9030.00 48.56
9040.00 48.60
9050.00 48.65
9060.00 48.69
9070.00 48.78
9080.00 48.83
9090.00 48.87
9100.00 48.92
9110.00 49.01
9120.00 49.05
9130.00 49.09
9140.00 49.14
9150.00 49.18
9160.00 49.27
9170.00 49.32
9180.00 49.36
9190.00 49.40
9200.00 49.45
9210.00 49.54
9220.00 49.58
9230.00 49.63
9240.00 49.67
9250.00 49.76
9260.00 49.80
9270.00 49.85
9280.00 49.89
9290.00 49.93
9300.00 50.02
9310.00 50.07
9320.00 50.11
9330.00 50.16
9340.00 50.25
9350.00 50.29
9360.00 50.33
9370.00 50.38
9380.00 50.42
9390.00 50.51
9400.00 50.55
9410.00 50.60
9420.00 50.64
9430.00 50.68
9440.00 50.73
9450.00 50.77
9460.00 50.82
9470.00 50.86
9480.00 50.95
9490.00 50.99
9500.00 51.04
9510.00 51.08
9520.00 51.12
9530.00 51.21
9540.00 51.26
9550.00 51.30
9560.00 51.34
9570.00 51.39
9580.00 51.48
9590.00 51.52
9600.00 51.56
9610.00 51.61
9620.00 51.70
9630.00 51.74
9640.00 51.78
9650.00 51.83
9660.00 51.87
9670.00 51.96
9680.00 52.00
9690.00 52.04
9700.00 52.09
9710.00 52.18
9720.00 52.22
9730.00 52.26
9740.00 52.31
9750.00 52.35
9760.00 52.44
9770.00 52.48
9780.00 52.52
9790.00 52.57
9800.00 52.61
9810.00 52.70
9820.00 52.74
9830.00 52.78
9840.00 52.83
9850.00 52.92
9860.00 52.92
9870.00 52.96
9880.00 53.00
9890.00 53.04
9900.00 53.13
9910.00 53.18
9920.00 53.22
9930.00 53.26
9940.00 53.55
9950.00 53.99
9960.00 54.44
9970.00 54.88
9980.00 54.92
9990.00 55.31
10000.00 55.35
10010.00 56.90
10020.00 56.94
10030.00 56.98
10040.00 57.07
10050.00 57.11
10060.00 57.15
10070.00 57.20
10080.00 57.29
10090.00 57.33
10100.00 57.37
10110.00 57.41
10120.00 54.26
10130.00 56.44
10140.00 57.59
10150.00 57.63
10160.00 57.67
10170.00 57.71
10180.00 57.80
10190.00 57.84
10200.00 57.89
10210.00 56.43
10220.00 56.92
10230.00 56.56
10240.00 55.90
10250.00 54.94
10260.00 54.99
10270.00 55.07
10280.00 55.07
10290.00 55.12
10300.00 55.16
10310.00 55.45
10320.00 55.49
10330.00 55.93
10340.00 55.97
10350.00 56.42
10360.00 57.20
10370.00 57.65
10380.00 57.69
10390.00 58.13
10400.00 58.47
10410.00 60.16
10420.00 60.50
10430.00 61.34
10440.00 62.09
10450.00 63.67
10460.00 63.72
10470.00 63.36
10480.00 62.30
10490.00 61.64
10500.00 62.43
10510.00 61.77
10520.00 61.01
10530.00 61.05
10540.00 61.94
10550.00 61.98
10560.00 62.03
10570.00 61.67
10580.00 61.71
10590.00 62.90
10600.00 62.94
10610.00 63.38
10620.00 63.02
10630.00 63.06
10640.00 64.25
10650.00 64.29
10660.00 64.73
10670.00 65.58
10680.00 67.46
10690.00 68.30
10700.00 68.30
10710.00 69.45
10720.00 69.89
10730.00 72.18
10740.00 73.02
10750.00 73.76
10760.00 74.20
10770.00 75.39
10780.00 75.83
10790.00 75.47
10800.00 75.51
10810.00 75.15
10820.00 75.64
10830.00 75.28
10840.00 74.92
10850.00 74.66
10860.00 74.71
10870.00 75.49
10880.00 75.93
10890.00 75.97
10900.00 75.62
10910.00 76.50
10920.00 76.54
10930.00 76.59
10940.00 76.63
10950.00 75.47
10960.00 76.35
10970.00 76.00
10980.00 75.34
10990.00 74.98
11000.00 75.02
11010.00 75.81
11020.00 76.25
11030.00 76.29
11040.00 76.73
11050.00 77.92
11060.00 77.96
11070.00 78.00
11080.00 78.04
11090.00 78.08
11100.00 78.17
11110.00 78.21
11120.00 78.21
11130.00 78.25
11140.00 78.33
11150.00 78.38
11160.00 78.42
11170.00 79.26
11180.00 78.10
11190.00 77.48
11200.00 76.73
11210.00 76.47
11220.00 76.11
11230.00 76.15
11240.00 76.93
11250.00 76.98
11260.00 77.42
11270.00 77.86
11280.00 79.04
11290.00 79.08
11300.00 79.52
11310.00 80.26
11320.00 80.31
11330.00 85.29
11340.00 85.33
11350.00 83.47
11360.00 80.91
11370.00 79.50
11380.00 79.54
11390.00 79.58
11400.00 79.62
11410.00 79.66
11420.00 79.75
11430.00 79.79
11440.00 79.83
11450.00 79.87
11460.00 78.81
11470.00 78.90
11480.00 79.34
11490.00 79.68
11500.00 79.72
11510.00 80.60
11520.00 80.64
11530.00 80.68
11540.00 80.32
11550.00 80.32
11560.00 81.51
11570.00 81.25
11580.00 80.49
11590.00 79.83
11600.00 80.62
11610.00 80.66
11620.00 80.70
11630.00 80.34
11640.00 80.08
11650.00 80.16
11660.00 80.20
11670.00 79.04
11680.00 78.78
11690.00 78.42
11700.00 78.11
11710.00 77.45
11720.00 77.49
11730.00 77.53
11740.00 79.11
11750.00 79.15
11760.00 79.19
11770.00 79.23
11780.00 78.87
11790.00 79.66
11800.00 79.00
11810.00 78.64
11820.00 77.98
11830.00 77.22
11840.00 77.70
11850.00 77.34
11860.00 77.08
11870.00 76.72
11880.00 77.91
11890.00 77.55
11900.00 77.29
11910.00 78.03
11920.00 79.17
11930.00 80.05
11940.00 80.39
11950.00 80.83
11960.00 80.87
11970.00 81.32
11980.00 81.35
11990.00 81.79
12000.00 81.83
12010.00 81.47
12020.00 81.96
12030.00 82.00
12040.00 81.64
12050.00 81.68
12060.00 81.32
12070.00 81.40
12080.00 81.44
12090.00 81.08
12100.00 80.82
12110.00 81.20
12120.00 80.94
12130.00 80.58
12140.00 80.42
12150.00 80.36
12160.00 81.55
12170.00 81.79
12180.00 82.23
12190.00 82.26
12200.00 83.25
12210.00 83.39
12220.00 83.53
12230.00 83.87
12240.00 84.11
12250.00 85.19
12260.00 85.13
12270.00 85.17
12280.00 85.11
12290.00 84.95
12300.00 85.73
12310.00 85.57
12320.00 85.51
12330.00 85.55
12340.00 86.93
12350.00 86.87
12360.00 86.71
12370.00 86.55
12380.00 86.59
12390.00 88.33
12400.00 88.17
12410.00 88.41
12420.00 88.65
12430.00 88.29
12440.00 91.27
12450.00 91.41
12460.00 91.75
12470.00 91.29
12480.00 93.78
12490.00 93.11
12500.00 92.55
12510.00 92.29
12520.00 89.93
12530.00 92.41
12540.00 90.15
12550.00 89.79
12560.00 90.63
12570.00 92.11
12580.00 90.85
12590.00 89.79
12600.00 89.63
12610.00 89.97
12620.00 92.05
12630.00 91.79
12640.00 91.13
12650.00 90.87
12660.00 91.01
12670.00 93.49
12680.00 94.03
12690.00 94.77
12700.00 95.31
12710.00 96.89
12720.00 96.93
12730.00 97.17
12740.00 97.11
12750.00 96.14
12760.00 97.93
12770.00 97.57
12780.00 98.40
12790.00 100.24
12800.00 103.13
12810.00 103.13
12820.00 103.86
12830.00 104.00
12840.00 104.14
12850.00 105.62
12860.00 105.96
12870.00 106.50
12880.00 107.04
12890.00 107.28
12900.00 109.66
12910.00 110.80
12920.00 111.54
12930.00 112.38
12940.00 114.06
12950.00 112.20
12960.00 111.33
12970.00 110.77
12980.00 110.71
12990.00 113.59
13000.00 115.23
13010.00 116.17
13020.00 116.11
13030.00 118.79
13040.00 118.43
13050.00 117.97
13060.00 117.70
13070.00 117.94
13080.00 120.83
13090.00 121.16
13100.00 120.50
13110.00 120.04
13120.00 119.78
13130.00 122.76
13140.00 123.70
13150.00 123.84
13160.00 123.07
13170.00 125.76
13180.00 123.69
13190.00 123.33
13200.00 123.27
13210.00 123.51
13220.00 126.69
13230.00 126.69
13240.00 127.23
13250.00 127.87
13260.00 128.30
13270.00 129.29
13280.00 129.82
13290.00 130.56
13300.00 131.50
13310.00 132.78
13320.00 132.82
13330.00 133.56
13340.00 133.79
13350.00 134.83
13360.00 137.31
13370.00 136.85
13380.00 136.99
13390.00 136.93
13400.00 139.51
13410.00 139.75
13420.00 140.28
13430.00 140.62
13440.00 140.76
13450.00 141.64
13460.00 141.98
13470.00 142.01
13480.00 141.75
13490.00 141.59
13500.00 142.67
13510.00 142.21
13520.00 140.95
13530.00 140.58
13540.00 142.06
13550.00 142.10
13560.00 142.74
13570.00 143.58
13580.00 143.91
13590.00 145.50
13600.00 146.33
13610.00 146.37
13620.00 147.21
13630.00 147.59
13640.00 147.43
13650.00 147.43
13660.00 147.16
13670.00 146.60
13680.00 146.18
13690.00 145.02
13700.00 142.86
13710.00 140.59
13720.00 138.23
13730.00 139.11
13740.00 138.85
13750.00 138.09
13760.00 135.72
13770.00 135.80
13780.00 134.24
13790.00 134.58
13800.00 135.81
13810.00 135.25
13820.00 136.13
13830.00 134.47
13840.00 132.31
13850.00 132.14
13860.00 136.02
13870.00 135.16
13880.00 135.40
13890.00 134.53
13900.00 134.57
13910.00 136.15
13920.00 136.19
13930.00 136.53
13940.00 136.76
13950.00 137.00
13960.00 139.78
13970.00 139.02
13980.00 137.55
13990.00 135.29
14000.00 135.67
14010.00 133.71
14020.00 132.94
14030.00 132.98
14040.00 133.02
14050.00 133.50
14060.00 134.13
14070.00 134.13
14080.00 133.77
14090.00 132.81
14100.00 134.69
14110.00 134.82
14120.00 134.46
14130.00 134.10
14140.00 134.58
14150.00 133.51
14160.00 132.25
14170.00 131.19
14180.00 129.92
14190.00 130.50
14200.00 129.54
14210.00 128.38
14220.00 128.21
14230.00 130.99
14240.00 130.63
14250.00 130.67
14260.00 128.90
14270.00 128.14
14280.00 129.42
14290.00 129.35
14300.00 129.89
14310.00 130.43
14320.00 130.26
14330.00 132.64
14340.00 131.48
14350.00 130.52
14360.00 129.85
14370.00 131.43
14380.00 129.47
14390.00 127.40
14400.00 125.54
14410.00 125.18
14420.00 128.16
14430.00 126.59
14440.00 124.93
14450.00 122.56
14460.00 119.74
14470.00 116.58
14480.00 115.22
14490.00 115.22
14500.00 115.65
14510.00 118.33
14520.00 117.37
14530.00 115.90
14540.00 114.34
14550.00 113.37
14560.00 114.25
14570.00 114.19
14580.00 114.93
14590.00 115.16
14600.00 115.94
14610.00 115.08
14620.00 113.21
14630.00 111.05
14640.00 109.38
14650.00 111.36
14660.00 112.80
14670.00 112.83
14680.00 112.87
14690.00 113.11
14700.00 114.89
14710.00 113.82
14720.00 113.86
14730.00 113.89
14740.00 115.87
14750.00 115.91
14760.00 116.24
14770.00 116.38
14780.00 115.91
14790.00 116.79
14800.00 116.13
14810.00 115.36
14820.00 114.80
14830.00 115.58
14840.00 115.21
14850.00 114.85
14860.00 114.08
14870.00 113.72
14880.00 115.80
14890.00 116.73
14900.00 117.17
14910.00 117.17
14920.00 117.20
14930.00 118.48
14940.00 118.12
14950.00 116.55
14960.00 116.59
14970.00 116.67
14980.00 116.70
14990.00 117.54
15000.00 120.47
15010.00 121.81
15020.00 123.49
15030.00 122.72
15040.00 123.56
15050.00 123.19
15060.00 124.07
15070.00 122.51
15080.00 119.14
15090.00 118.78
15100.00 118.01
15110.00 122.69
15120.00 121.82
15130.00 122.36
15140.00 121.89
15150.00 121.53
15160.00 125.41
15170.00 124.54
15180.00 123.78
15190.00 122.61
15200.00 122.69
15210.00 121.03
15220.00 119.36
15230.00 117.79
15240.00 116.13
15250.00 118.31
15260.00 117.94
15270.00 119.58
15280.00 117.11
15290.00 120.09
15300.00 119.72
15310.00 119.36
15320.00 118.59
15330.00 118.59
15340.00 121.17
15350.00 119.11
15360.00 120.84
15370.00 121.28
15380.00 123.41
15390.00 125.99
15400.00 125.12
15410.00 124.36
15420.00 122.29
15430.00 124.87
15440.00 124.50
15450.00 124.54
15460.00 124.17
15470.00 123.81
15480.00 124.69
15490.00 122.62
15500.00 120.55
15510.00 119.79
15520.00 118.52
15530.00 120.30
15540.00 120.34
15550.00 123.27
15560.00 125.00
15570.00 127.98
15580.00 128.42
15590.00 128.45
15600.00 128.88
15610.00 129.82
15620.00 130.70
15630.00 130.73
15640.00 131.16
15650.00 129.60
15660.00 130.88
15670.00 130.51
15680.00 130.94
15690.00 131.78
15700.00 134.31
15710.00 138.19
15720.00 139.42
15730.00 138.66
15740.00 136.59
15750.00 136.59
15760.00 135.47
15770.00 132.60
15780.00 133.04
15790.00 133.87
15800.00 138.15
15810.00 139.78
15820.00 140.32
15830.00 141.95
15840.00 141.18
15850.00 143.36
15860.00 143.00
15870.00 141.33
15880.00 142.16
15890.00 140.64
15900.00 140.67
15910.00 140.71
15920.00 141.54
15930.00 140.27
15940.00 140.85
15950.00 138.79
15960.00 135.42
15970.00 131.75
15980.00 129.69
15990.00 128.56
16000.00 127.30
16010.00 126.53
16020.00 126.16
16030.00 125.74
16040.00 124.97
16050.00 124.21
16060.00 123.34
16070.00 122.57
16080.00 122.25
16090.00 121.49
16100.00 123.12
16110.00 121.55
16120.00 123.23
16130.00 121.16
16140.00 120.00
16150.00 117.93
16160.00 115.86
16170.00 117.61
16180.00 115.54
16190.00 113.47
16200.00 111.91
16210.00 110.64
16220.00 110.72
16230.00 109.55
16240.00 108.68
16250.00 107.92
16260.00 108.79
16270.00 108.42
16280.00 108.86
16290.00 108.09
16300.00 105.62
16310.00 104.40
16320.00 103.23
16330.00 102.47
16340.00 102.50
16350.00 102.53
16360.00 102.61
16370.00 102.64
16380.00 102.68
16390.00 102.71
16400.00 102.78
16410.00 103.62
16420.00 104.05
16430.00 105.38
16440.00 106.62
16450.00 108.79
16460.00 110.53
16470.00 112.16
16480.00 113.49
16490.00 113.17
16500.00 114.80
16510.00 115.23
16520.00 115.77
16530.00 118.30
16540.00 123.37
16550.00 123.41
16560.00 124.64
16570.00 126.77
16580.00 129.70
16590.00 129.75
16600.00 132.68
16610.00 134.41
16620.00 136.55
16630.00 138.72
16640.00 140.75
16650.00 142.89
16660.00 144.62
16670.00 146.75
16680.00 148.93
16690.00 150.96
16700.00 152.69
16710.00 154.43
16720.00 156.10
16730.00 157.83
16740.00 159.57
16750.00 161.20
16760.00 162.53
16770.00 163.41
16780.00 165.14
16790.00 166.37
16800.00 168.10
16810.00 169.84
16820.00 171.11
16830.00 172.44
16840.00 173.68
16850.00 175.01
16860.00 176.28
16870.00 176.72
16880.00 177.25
16890.00 177.68
16900.00 177.71
16910.00 177.79
16920.00 177.42
16930.00 176.95
16940.00 176.58
16950.00 176.62
16960.00 176.69
16970.00 177.62
16980.00 178.06
16990.00 178.89
17000.00 180.26
17010.00 180.26
17020.00 180.30
17030.00 181.13
17040.00 181.56
17050.00 182.03
17060.00 183.37
17070.00 184.20
17080.00 185.53
17090.00 185.61
17100.00 184.74
17110.00 184.77
17120.00 186.50
17130.00 188.23
17140.00 190.81
17150.00 193.34
17160.00 195.87
17170.00 199.60
17180.00 202.93
17190.00 206.41
17200.00 208.94
17210.00 211.87
17220.00 214.00
17230.00 216.18
17240.00 217.81
17250.00 217.84
17260.00 216.27
17270.00 217.11
17280.00 216.38
17290.00 216.41
17300.00 218.04
17310.00 218.07
17320.00 218.15
17330.00 216.58
17340.00 216.61
17350.00 218.24
17360.00 218.28
17370.00 218.55
17380.00 218.58
17390.00 214.91
17400.00 209.34
17410.00 206.78
17420.00 208.35
17430.00 208.35
17440.00 207.88
17450.00 207.91
17460.00 210.59
17470.00 210.62
17480.00 210.65
17490.00 209.68
17500.00 209.71
17510.00 211.29
17520.00 210.82
17530.00 211.35
17540.00 212.38
17550.00 216.15
17560.00 215.59
17570.00 215.62
17580.00 214.65
17590.00 213.18
17600.00 214.75
17610.00 214.28
17620.00 214.32
17630.00 214.35
17640.00 213.88
17650.00 215.45
17660.00 214.98
17670.00 215.01
17680.00 214.54
17690.00 216.12
17700.00 214.15
17710.00 214.68
17720.00 215.21
17730.00 217.34
17740.00 221.02
17750.00 220.45
17760.00 218.78
17770.00 215.81
17780.00 211.14
17790.00 215.91
17800.00 214.14
17810.00 215.37
17820.00 217.21
17830.00 220.78
17840.00 222.01
17850.00 222.01
17860.00 222.64
17870.00 223.87
17880.00 228.04
17890.00 231.08
17900.00 235.21
17910.00 235.84
17920.00 236.51
17930.00 234.74
17940.00 230.67
17950.00 226.00
17960.00 223.03
17970.00 223.11
17980.00 222.54
17990.00 221.37
18000.00 218.50
18010.00 217.93
18020.00 218.00
18030.00 215.63
18040.00 212.76
18050.00 210.39
18060.00 212.27
18070.00 212.30
18080.00 211.13
18090.00 209.96
18100.00 208.79
18110.00 210.06
18120.00 210.69
18130.00 212.52
18140.00 212.55
18150.00 215.52
18160.00 213.85
18170.00 212.08
18180.00 212.11
18190.00 211.55
18200.00 210.42
18210.00 206.95
18220.00 203.98
18230.00 202.21
18240.00 201.64
18250.00 202.91
18260.00 200.04
18270.00 200.04
18280.00 196.47
18290.00 195.94
18300.00 192.47
18310.00 190.10
18320.00 188.33
18330.00 186.66
18340.00 187.34
18350.00 183.77
18360.00 182.60
18370.00 180.93
18380.00 177.96
18390.00 175.03
18400.00 172.16
18410.00 169.19
18420.00 166.32
18430.00 165.79
18440.00 162.82
18450.00 160.55
18460.00 158.18
18470.00 155.21
18480.00 152.38
18490.00 150.61
18500.00 149.44
18510.00 147.77
18520.00 147.85
18530.00 146.07
18540.00 143.70
18550.00 140.83
18560.00 140.86
18570.00 143.24
18580.00 143.27
18590.00 139.19
18600.00 137.42
18610.00 135.05
18620.00 134.63
18630.00 132.26
18640.00 131.09
18650.00 133.51
18660.00 131.19
18670.00 129.42
18680.00 127.75
18690.00 127.75
18700.00 125.98
18710.00 125.45
18720.00 124.88
18730.00 124.31
18740.00 123.14
18750.00 123.21
18760.00 123.84
18770.00 121.57
18780.00 121.60
18790.00 121.02
18800.00 120.50
18810.00 121.13
18820.00 121.75
18830.00 121.78
18840.00 121.81
18850.00 121.89
18860.00 121.91
18870.00 121.94
18880.00 121.97
18890.00 121.44
18900.00 121.47
18910.00 122.10
18920.00 122.13
18930.00 122.16
18940.00 122.23
18950.00 122.26
18960.00 122.29
18970.00 122.32
18980.00 121.79
18990.00 122.42
19000.00 120.05
19010.00 117.68
19020.00 115.41
19030.00 113.68
19040.00 113.71
19050.00 112.54
19060.00 112.56
19070.00 112.59
19080.00 112.66
19090.00 112.69
19100.00 112.72
19110.00 112.72
19120.00 113.99
19130.00 114.62
19140.00 115.25
19150.00 114.68
19160.00 114.11
19170.00 115.98
19180.00 117.71
19190.00 120.14
19200.00 121.97
19210.00 124.29
19220.00 124.37
19230.00 127.39
19240.00 130.92
19250.00 133.95
19260.00 138.12
19270.00 140.55
19280.00 142.98
19290.00 145.91
19300.00 146.54
19310.00 148.41
19320.00 150.84
19330.00 152.56
19340.00 154.39
19350.00 156.26
19360.00 155.09
19370.00 156.32
19380.00 157.55
19390.00 158.68
19400.00 159.95
19410.00 160.58
19420.00 161.80
19430.00 162.43
19440.00 163.06
19450.00 164.33
19460.00 166.66
19470.00 167.29
19480.00 168.52
19490.00 170.99
19500.00 171.01
19510.00 171.64
19520.00 172.27
19530.00 172.27
19540.00 174.04
19550.00 174.67
19560.00 174.70
19570.00 174.73
19580.00 176.00
19590.00 176.02
19600.00 176.65
19610.00 177.88
19620.00 180.81
19630.00 185.08
19640.00 185.11
19650.00 185.13
19660.00 185.16
19670.00 187.49
19680.00 186.96
19690.00 187.59
19700.00 187.62
19710.00 188.84
19720.00 191.31
19730.00 192.54
19740.00 193.17
19750.00 193.20
19760.00 194.33
19770.00 196.80
19780.00 198.62
19790.00 200.45
19800.00 202.78
19810.00 208.15
19820.00 211.18
19830.00 214.20
19840.00 215.33
19850.00 215.96
19860.00 217.23
19870.00 218.46
19880.00 219.68
19890.00 221.41
19900.00 222.64
19910.00 226.31
19920.00 228.64
19930.00 231.66
19940.00 234.09
19950.00 235.23
19960.00 237.06
19970.00 238.29
19980.00 238.32
19990.00 238.34
20000.00 237.81
20010.00 238.44
20020.00 238.47
20030.00 237.30
20040.00 237.32
20050.00 237.39
20060.00 237.42
20070.00 238.05
20080.00 242.28
20090.00 247.04
20100.00 246.47
20110.00 246.50
20120.00 246.53
20130.00 247.15
20140.00 246.02
20150.00 244.85
20160.00 244.28
20170.00 244.30
20180.00 247.37
20190.00 246.80
20200.00 246.83
20210.00 246.86
20220.00 248.68
20230.00 252.25
20240.00 255.88
20250.00 259.41
20260.00 259.43
20270.00 261.86
20280.00 264.83
20290.00 267.86
20300.00 270.78
20310.00 273.81
20320.00 276.88
20330.00 278.61
20340.00 277.43
20350.00 279.86
20360.00 283.49
20370.00 283.53
20380.00 285.85
20390.00 287.08
20400.00 288.91
20410.00 290.78
20420.00 290.80
20430.00 290.83
20440.00 290.26
20450.00 288.48
20460.00 287.95
20470.00 285.58
20480.00 283.91
20490.00 282.13
20500.00 280.36
20510.00 281.03
20520.00 279.86
20530.00 280.48
20540.00 280.51
20550.00 280.58
20560.00 280.60
20570.00 278.83
20580.00 277.76
20590.00 275.38
20600.00 276.65
20610.00 276.08
20620.00 275.50
20630.00 274.93
20640.00 273.16
20650.00 275.03
20660.00 272.65
20670.00 270.38
20680.00 268.61
20690.00 271.67
20700.00 269.90
20710.00 267.53
20720.00 264.55
20730.00 261.08
20740.00 262.95
20750.00 258.77
20760.00 247.00
20770.00 239.93
20780.00 237.09
20790.00 237.09
20800.00 224.62
20810.00 216.45
20820.00 211.07
20830.00 210.04
20840.00 206.47
20850.00 202.99
20860.00 199.42
20870.00 194.74
20880.00 190.71
20890.00 189.54
20900.00 189.56
20910.00 191.89
20920.00 191.96
20930.00 191.98
20940.00 192.01
20950.00 189.14
20960.00 186.76
20970.00 183.93
20980.00 180.36
20990.00 175.68
21000.00 172.11
21010.00 169.88
21020.00 166.30
21030.00 164.03
21040.00 162.25
21050.00 161.08
21060.00 158.75
21070.00 156.47
21080.00 154.10
21090.00 152.92
21100.00 152.35
21110.00 153.62
21120.00 153.64
21130.00 153.67
21140.00 154.29
21150.00 156.16
21160.00 156.79
21170.00 157.41
21180.00 157.94
21190.00 159.16
21200.00 159.83
21210.00 159.83
21220.00 161.06
21230.00 160.48
21240.00 161.75
21250.00 160.58
21260.00 162.40
21270.00 164.83
21280.00 167.75
21290.00 169.62
21300.00 171.94
21310.00 173.77
21320.00 175.60
21330.00 173.82
21340.00 178.09
21350.00 176.31
21360.00 176.94
21370.00 178.16
21380.00 180.53
21390.00 181.76
21400.00 183.58
21410.00 183.61
21420.00 181.23
21430.00 180.70
21440.00 183.12
21450.00 184.95
21460.00 184.37
21470.00 182.60
21480.00 166.67
21490.00 161.39
21500.00 159.02
21510.00 157.94
21520.00 151.51
21530.00 147.33
21540.00 145.06
21550.00 143.28
21560.00 143.91
21570.00 142.18
21580.00 138.10
21590.00 133.93
21600.00 131.65
21610.00 124.62
21620.00 121.04
21630.00 121.04
21640.00 117.57
21650.00 114.59
21660.00 110.56
21670.00 110.58
21680.00 110.61
21690.00 110.63
21700.00 110.66
21710.00 110.72
21720.00 110.75
21730.00 110.77
21740.00 110.80
21750.00 110.87
21760.00 110.89
21770.00 110.91
21780.00 110.94
21790.00 110.96
21800.00 111.63
21810.00 112.25
21820.00 112.28
21830.00 113.40
21840.00 118.27
21850.00 120.59
21860.00 121.82
21870.00 123.04
21880.00 122.47
21890.00 124.93
21900.00 122.56
21910.00 122.58
21920.00 122.61
21930.00 121.43
21940.00 121.50
21950.00 121.52
21960.00 122.75
21970.00 126.87
21980.00 135.24
21990.00 140.06
22000.00 143.59
22010.00 145.41
22020.00 145.44
22030.00 145.50
22040.00 145.53
22050.00 145.55
22060.00 145.55
22070.00 145.62
22080.00 145.64
22090.00 143.26
22100.00 143.29
22110.00 143.31
22120.00 142.78
22130.00 142.20
22140.00 142.83
22150.00 143.45
22160.00 148.17
22170.00 155.34
22180.00 158.96
22190.00 162.49
22200.00 164.91
22210.00 168.48
22220.00 169.70
22230.00 170.33
22240.00 170.95
22250.00 171.57
22260.00 172.84
22270.00 171.66
22280.00 169.89
22290.00 169.31
22300.00 169.33
22310.00 173.00
22320.00 170.62
22330.00 168.35
22340.00 171.87
22350.00 178.44
22360.00 182.56
22370.00 186.78
22380.00 190.91
22390.00 193.93
22400.00 196.90
22410.00 196.92
22420.00 196.94
22430.00 196.97
22440.00 197.03
22450.00 194.16
22460.00 193.58
22470.00 191.20
22480.00 191.20
22490.00 193.17
22500.00 192.69
22510.00 192.82
22520.00 192.94
22530.00 191.76
22540.00 193.63
22550.00 193.05
22560.00 192.48
22570.00 192.50
22580.00 194.26
22590.00 194.89
22600.00 194.31
22610.00 193.83
22620.00 194.36
22630.00 195.02
22640.00 196.75
22650.00 197.37
22660.00 195.09
22670.00 194.56
22680.00 188.88
22690.00 183.20
22700.00 180.93
22710.00 178.05
22720.00 178.11
22730.00 175.24
22740.00 172.46
22750.00 170.18
22760.00 169.01
22770.00 170.27
22780.00 169.09
22790.00 168.02
22800.00 166.84
22810.00 168.11
22820.00 166.93
22830.00 165.85
22840.00 166.97
22850.00 169.30
22860.00 175.16
22870.00 173.38
22880.00 170.61
22890.00 169.43
22900.00 169.43
22910.00 172.40
22920.00 171.82
22930.00 171.84
22940.00 170.76
22950.00 174.23
22960.00 175.45
22970.00 176.57
22980.00 177.20
22990.00 176.02
23000.00 178.38
23010.00 176.11
23020.00 178.43
23030.00 178.45
23040.00 178.02
23050.00 178.54
23060.00 178.56
23070.00 179.78
23080.00 182.61
23090.00 189.07
23100.00 189.59
23110.00 189.12
23120.00 189.14
23130.00 187.96
23140.00 186.32
23150.00 182.85
23160.00 179.47
23170.00 177.79
23180.00 177.86
23190.00 176.68
23200.00 179.00
23210.00 179.02
23220.00 179.05
23230.00 176.81
23240.00 176.83
23250.00 178.05
23260.00 178.08
23270.00 177.54
23280.00 177.56
23290.00 177.59
23300.00 178.21
23310.00 178.23
23320.00 178.27
23330.00 178.29
23340.00 178.32
23350.00 178.34
23360.00 178.96
23370.00 178.42
23380.00 179.05
23390.00 179.07
23400.00 179.59
23410.00 179.65
23420.00 180.28
23430.00 180.30
23440.00 182.02
23450.00 183.24
23460.00 183.81
23470.00 185.03
23480.00 185.05
23490.00 185.07
23500.00 185.13
23510.00 185.76
23520.00 186.88
23530.00 187.50
23540.00 187.52
23550.00 186.99
23560.00 188.71
23570.00 191.03
23580.00 192.75
23590.00 194.57
23600.00 194.04
23610.00 195.76
23620.00 197.48
23630.00 200.40
23640.00 198.76
23650.00 201.59
23660.00 207.91
23670.00 211.43
23680.00 214.85
23690.00 217.21
23700.00 220.14
23710.00 223.06
23720.00 225.88
23730.00 228.20
23740.00 225.94
23750.00 228.86
23760.00 232.89
23770.00 235.81
23780.00 232.37
23790.00 232.39
23800.00 227.31
23810.00 225.63
23820.00 221.06
23830.00 218.22
23840.00 218.84
23850.00 218.86
23860.00 218.88
23870.00 217.75
23880.00 217.77
23890.00 217.79
23900.00 217.81
23910.00 218.43
23920.00 215.59
23930.00 216.82
23940.00 215.14
23950.00 212.26
23960.00 209.38
23970.00 213.44
23980.00 220.36
23990.00 226.18
24000.00 230.21
24010.00 235.97
24020.00 238.89
24030.00 243.51
24040.00 247.53
24050.00 249.25
24060.00 248.11
24070.00 249.84
24080.00 248.76
24090.00 249.88
24100.00 248.84
24110.00 247.16
24120.00 248.88
24130.00 248.30
24140.00 250.02
24150.00 244.39
24160.00 244.39
24170.00 243.31
24180.00 239.83
24190.00 239.85
24200.00 239.41
24210.00 239.43
24220.00 239.95
24230.00 239.97
24240.00 240.04
24250.00 242.96
24260.00 245.28
24270.00 246.40
24280.00 245.32
24290.00 242.48
24300.00 241.40
24310.00 242.02
24320.00 243.74
24330.00 242.10
24340.00 244.93
24350.00 247.85
24360.00 248.47
24370.00 245.59
24380.00 242.75
24390.00 242.27
24400.00 243.39
24410.00 244.01
24420.00 244.03
24430.00 240.59
24440.00 240.11
24450.00 240.63
24460.00 242.95
24470.00 241.92
24480.00 248.24
24490.00 253.46
24500.00 254.58
24510.00 254.00
24520.00 250.06
24530.00 248.98
24540.00 247.20
24550.00 245.02
24560.00 243.84
24570.00 241.00
24580.00 241.00
24590.00 243.32
24600.00 241.64
24610.00 232.50
24620.00 229.12
24630.00 226.84
24640.00 223.97
24650.00 223.49
24660.00 220.05
24670.00 220.67
24680.00 220.69
24690.00 220.11
24700.00 217.37
24710.00 217.39
24720.00 216.81
24730.00 216.23
24740.00 217.45
24750.00 214.61
24760.00 215.23
24770.00 215.75
24780.00 216.37
24790.00 217.59
24800.00 217.65
24810.00 219.37
24820.00 221.09
24830.00 222.21
24840.00 222.87
24850.00 224.09
24860.00 224.11
24870.00 224.13
24880.00 222.95
24890.00 223.01
24900.00 224.23
24910.00 224.75
24920.00 225.37
24930.00 223.13
24940.00 225.45
24950.00 225.47
24960.00 224.39
24970.00 223.81
24980.00 218.67
24990.00 216.99
25000.00 216.99
25010.00 214.71
25020.00 213.63
25030.00 213.69
25040.00 211.41
25050.00 211.43
25060.00 211.45
25070.00 211.51
25080.00 211.53
25090.00 211.55
25100.00 211.57
25110.00 211.59
25120.00 211.65
25130.00 212.17
25140.00 212.19
25150.00 212.21
25160.00 212.23
25170.00 212.89
25180.00 212.91
25190.00 213.53
25200.00 214.64
25210.00 217.60
25220.00 218.22
25230.00 219.34
25240.00 219.96
25250.00 219.98
25260.00 222.34
25270.00 221.76
25280.00 221.28
25290.00 221.30
25300.00 223.56
25310.00 224.78
25320.00 225.90
25330.00 227.12
25340.00 228.84
25350.00 232.30
25360.00 232.92
25370.00 232.93
25380.00 233.55
25390.00 234.67
25400.00 239.93
25410.00 240.55
25420.00 240.55
25430.00 242.27
25440.00 248.03
25450.00 246.95
25460.00 244.07
25470.00 242.39
25480.00 244.11
25490.00 253.87
25500.00 257.98
25510.00 261.40
25520.00 264.82
25530.00 272.98
25540.00 276.40
25550.00 278.72
25560.00 282.14
25570.00 283.96
25580.00 285.12
25590.00 288.64
25600.00 292.65
25610.00 297.77
25620.00 300.09
25630.00 304.75
25640.00 304.17
25650.00 303.69
25660.00 303.71
25670.00 307.77
25680.00 308.29
25690.00 307.80
25700.00 306.62
25710.00 306.64
25720.00 309.00
25730.00 306.22
25740.00 305.04
25750.00 302.16
25760.00 301.11
25770.00 297.13
25780.00 294.25
25790.00 291.97
25800.00 291.39
25810.00 298.35
25820.00 297.77
25830.00 296.08
25840.00 296.08
25850.00 299.60
25860.00 309.36
25870.00 311.68
25880.00 312.90
25890.00 311.72
25900.00 317.48
25910.00 319.29
25920.00 320.41
25930.00 321.63
25940.00 323.95
25950.00 333.71
25960.00 337.13
25970.00 337.74
25980.00 343.46
25990.00 346.98
26000.00 354.44
26010.00 356.26
26020.00 356.28
26030.00 357.99
26040.00 367.75
26050.00 366.07
26060.00 361.49
26070.00 358.71
26080.00 358.12
26090.00 363.28
26100.00 363.30
26110.00 363.32
26120.00 363.94
26130.00 369.69
26140.00 370.31
26150.00 373.23
26160.00 375.55
26170.00 376.07
26180.00 380.22
26190.00 380.74
26200.00 381.36
26210.00 382.58
26220.00 386.60
26230.00 394.05
26240.00 394.07
26250.00 396.99
26260.00 396.99
26270.00 407.35
26280.00 402.77
26290.00 403.98
26300.00 402.20
26310.00 402.82
26320.00 413.78
26330.00 411.49
26340.00 406.91
26350.00 405.83
26360.00 412.19
26370.00 412.21
26380.00 412.22
26390.00 413.94
26400.00 416.26
26410.00 422.02
26420.00 420.93
26430.00 420.95
26440.00 422.07
26450.00 423.89
26460.00 431.34
26470.00 433.66
26480.00 434.88
26490.00 438.90
26500.00 449.85
26510.00 449.27
26520.00 449.89
26530.00 450.41
26540.00 451.02
26550.00 457.38
26560.00 457.40
26570.00 456.82
26580.00 456.83
26590.00 462.09
