0.00 10.34 0.00 10.34
2.20 10.89 2.26 10.25
4.41 11.25 4.51 10.35
6.63 11.58 6.75 10.47
8.85 11.89 8.99 10.62
11.08 12.20 11.22 10.77
13.30 12.49 13.46 10.94
15.52 12.79 15.70 11.10
17.75 13.07 17.93 11.27
19.97 13.36 20.17 11.45
22.20 13.64 22.40 11.63
24.42 13.91 24.64 11.81
26.65 14.19 26.87 11.99
28.87 14.46 29.11 12.18
31.10 14.74 31.34 12.36
33.32 15.01 33.58 12.55
35.55 15.28 35.81 12.74
37.78 15.54 38.04 12.93
40.00 15.81 40.28 13.13
42.23 16.08 42.51 13.32
44.45 16.34 44.75 13.51
46.68 16.60 46.98 13.71
48.91 16.87 49.21 13.90
51.13 17.13 51.45 14.10
53.36 17.39 53.68 14.30
55.59 17.65 55.91 14.50
57.81 17.91 58.15 14.70
60.04 18.17 60.38 14.90
62.27 18.43 62.61 15.10
64.50 18.68 64.84 15.30
66.72 18.94 67.08 15.50
68.95 19.20 69.31 15.70
71.18 19.46 71.54 15.90
73.40 19.71 73.78 16.10
75.63 19.97 76.01 16.31
77.86 20.22 78.24 16.51
80.09 20.48 80.47 16.72
82.31 20.73 82.71 16.92
84.54 20.98 84.94 17.12
86.77 21.24 87.17 17.33
89.00 21.49 89.40 17.53
91.22 21.74 91.64 17.74
93.45 22.00 93.87 17.95
95.68 22.25 96.10 18.15
97.91 22.50 98.33 18.36
100.13 22.75 100.57 18.57
102.36 23.00 102.80 18.77
104.59 23.26 105.03 18.98
106.82 23.51 107.26 19.19
109.05 23.76 109.49 19.40
111.27 24.01 111.73 19.61
113.50 24.26 113.96 19.82
115.73 24.51 116.19 20.02
117.96 24.76 118.42 20.23
120.19 25.01 120.65 20.44
122.41 25.26 122.89 20.65
124.64 25.50 125.12 20.86
126.87 25.75 127.35 21.07
129.10 26.00 129.58 21.28
131.33 26.25 131.81 21.49
133.55 26.50 134.05 21.70
135.78 26.75 136.28 21.91
138.01 26.99 138.51 22.12
140.24 27.24 140.74 22.34
142.47 27.49 142.97 22.55
144.69 27.74 145.21 22.76
146.92 27.98 147.44 22.97
149.15 28.23 149.67 23.18
151.38 28.48 151.90 23.39
153.61 28.72 154.13 23.61
155.84 28.97 156.36 23.82
158.06 29.22 158.60 24.03
160.29 29.46 160.83 24.24
162.52 29.71 163.06 24.46
164.75 29.95 165.29 24.67
166.98 30.20 167.52 24.88
169.20 30.45 169.76 25.09
171.43 30.69 171.99 25.31
173.66 30.94 174.22 25.52
175.89 31.18 176.45 25.74
178.12 31.43 178.68 25.95
180.35 31.67 180.91 26.16
182.58 31.92 183.14 26.38
184.80 32.16 185.38 26.59
187.03 32.41 187.61 26.80
189.26 32.65 189.84 27.02
191.49 32.89 192.07 27.23
193.72 33.14 194.30 27.45
195.95 33.38 196.53 27.66
198.17 33.63 198.77 27.88
200.40 33.87 201.00 28.09
202.63 34.11 203.23 28.31
204.86 34.36 205.46 28.52
207.09 34.60 207.69 28.74
209.32 34.84 209.92 28.95
211.55 35.09 212.15 29.17
213.77 35.33 214.39 29.38
216.00 35.57 216.62 29.60
218.23 35.82 218.85 29.81
220.46 36.06 221.08 30.03
222.69 36.30 223.31 30.25
224.92 36.55 225.54 30.46
227.15 36.79 227.77 30.68
229.37 37.03 230.01 30.89
231.60 37.27 232.24 31.11
233.83 37.52 234.47 31.33
236.06 37.76 236.70 31.54
238.29 38.00 238.93 31.76
240.52 38.24 241.16 31.98
242.75 38.49 243.39 32.19
244.98 38.73 245.62 32.41
247.20 38.97 247.86 32.63
249.43 39.21 250.09 32.84
251.66 39.45 252.32 33.06
253.89 39.69 254.55 33.28
256.12 39.94 256.78 33.49
258.35 40.18 259.01 33.71
260.58 40.42 261.24 33.93
262.81 40.66 263.47 34.15
265.03 40.90 265.71 34.36
267.26 41.14 267.94 34.58
269.49 41.38 270.17 34.80
271.72 41.62 272.40 35.02
273.95 41.87 274.63 35.23
276.18 42.11 276.86 35.45
278.41 42.35 279.09 35.67
280.64 42.59 281.32 35.89
282.86 42.83 283.56 36.11
285.09 43.07 285.79 36.32
287.32 43.31 288.02 36.54
289.55 43.55 290.25 36.76
291.78 43.79 292.48 36.98
294.01 44.03 294.71 37.20
296.24 44.27 296.94 37.42
298.47 44.51 299.17 37.63
300.70 44.75 301.40 37.85
302.92 44.99 303.64 38.07
305.15 45.23 305.87 38.29
307.38 45.47 308.10 38.51
309.61 45.71 310.33 38.73
311.84 45.95 312.56 38.95
314.07 46.19 314.79 39.17
316.30 46.43 317.02 39.38
318.53 46.67 319.25 39.60
320.76 46.91 321.48 39.82
322.98 47.15 323.72 40.04
325.21 47.39 325.95 40.26
327.44 47.63 328.18 40.48
329.67 47.87 330.41 40.70
331.90 48.11 332.64 40.92
334.13 48.35 334.87 41.14
336.36 48.59 337.10 41.36
338.59 48.83 339.33 41.58
340.82 49.07 341.56 41.80
343.05 49.30 343.79 42.02
345.27 49.54 346.03 42.24
347.50 49.78 348.26 42.46
349.73 50.02 350.49 42.68
351.96 50.26 352.72 42.90
354.19 50.50 354.95 43.12
356.42 50.74 357.18 43.34
358.65 50.98 359.41 43.56
360.88 51.21 361.64 43.78
363.11 51.45 363.87 44.00
365.34 51.69 366.10 44.22
367.56 51.93 368.34 44.44
369.79 52.17 370.57 44.66
372.02 52.41 372.80 44.88
374.25 52.65 375.03 45.10
376.48 52.88 377.26 45.32
378.71 53.12 379.49 45.54
380.94 53.36 381.72 45.76
383.17 53.60 383.95 45.98
385.40 53.84 386.18 46.20
387.63 54.07 388.41 46.42
389.86 54.31 390.64 46.64
392.08 54.55 392.88 46.86
394.31 54.79 395.11 47.08
396.54 55.03 397.34 47.30
398.77 55.26 399.57 47.52
401.00 55.50 401.80 47.74
403.23 55.74 404.03 47.97
405.46 55.98 406.26 48.19
407.69 56.22 408.49 48.41
409.92 56.45 410.72 48.63
412.15 56.69 412.95 48.85
414.38 56.93 415.18 49.07
416.61 57.17 417.41 49.29
418.83 57.40 419.65 49.51
421.06 57.64 421.88 49.74
423.29 57.88 424.11 49.96
425.52 58.11 426.34 50.18
427.75 58.35 428.57 50.40
429.98 58.59 430.80 50.62
432.21 58.83 433.03 50.84
434.44 59.06 435.26 51.06
436.67 59.30 437.49 51.29
438.90 59.54 439.72 51.51
441.13 59.77 441.95 51.73
443.36 60.01 444.18 51.95
445.58 60.25 446.42 52.17
447.81 60.49 448.65 52.39
450.04 60.72 450.88 52.62
452.27 60.96 453.11 52.84
454.50 61.20 455.34 53.06
456.73 61.43 457.57 53.28
458.96 61.67 459.80 53.50
461.19 61.91 462.03 53.73
463.42 62.14 464.26 53.95
465.65 62.38 466.49 54.17
467.88 62.62 468.72 54.39
470.11 62.85 470.95 54.61
472.34 63.09 473.18 54.84
474.56 63.33 475.42 55.06
476.79 63.56 477.65 55.28
479.02 63.80 479.88 55.50
481.25 64.03 482.11 55.73
483.48 64.27 484.34 55.95
485.71 64.51 486.57 56.17
487.94 64.74 488.80 56.39
490.17 64.98 491.03 56.62
492.40 65.22 493.26 56.84
494.63 65.45 495.49 57.06
496.86 65.69 497.72 57.28
499.09 65.92 499.95 57.51
501.32 66.16 502.18 57.73
503.55 66.40 504.41 57.95
505.78 66.63 506.64 58.17
508.00 66.87 508.88 58.40
510.23 67.10 511.11 58.62
512.46 67.34 513.34 58.84
514.69 67.58 515.57 59.07
516.92 67.81 517.80 59.29
519.15 68.05 520.03 59.51
521.38 68.28 522.26 59.73
523.61 68.52 524.49 59.96
525.84 68.75 526.72 60.18
528.07 68.99 528.95 60.40
530.30 69.23 531.18 60.63
532.53 69.46 533.41 60.85
534.76 69.70 535.64 61.07
536.99 69.93 537.87 61.30
539.22 70.17 540.10 61.52
541.44 70.40 542.34 61.74
543.67 70.64 544.57 61.97
545.90 70.87 546.80 62.19
548.13 71.11 549.03 62.41
550.36 71.34 551.26 62.64
552.59 71.58 553.49 62.86
554.82 71.81 555.72 63.08
557.05 72.05 557.95 63.31
559.28 72.29 560.18 63.53
561.51 72.52 562.41 63.75
563.74 72.76 564.64 63.98
565.97 72.99 566.87 64.20
568.20 73.23 569.10 64.43
570.43 73.46 571.33 64.65
572.66 73.70 573.56 64.87
574.89 73.93 575.79 65.10
577.12 74.17 578.02 65.32
579.34 74.40 580.26 65.54
581.57 74.64 582.49 65.77
583.80 74.87 584.72 65.99
586.03 75.10 586.95 66.22
588.26 75.34 589.18 66.44
590.49 75.57 591.41 66.66
592.72 75.81 593.64 66.89
594.95 76.04 595.87 67.11
597.18 76.28 598.10 67.34
599.41 76.51 600.33 67.56
601.64 76.75 602.56 67.78
603.87 76.98 604.79 68.01
606.10 77.22 607.02 68.23
608.33 77.45 609.25 68.46
610.56 77.69 611.48 68.68
612.79 77.92 613.71 68.90
615.02 78.15 615.94 69.13
617.25 78.39 618.17 69.35
619.47 78.62 620.41 69.58
621.70 78.86 622.64 69.80
623.93 79.09 624.87 70.03
626.16 79.33 627.10 70.25
628.39 79.56 629.33 70.48
630.62 79.79 631.56 70.70
632.85 80.03 633.79 70.92
635.08 80.26 636.02 71.15
637.31 80.50 638.25 71.37
639.54 80.73 640.48 71.60
641.77 80.97 642.71 71.82
644.00 81.20 644.94 72.05
646.23 81.43 647.17 72.27
648.46 81.67 649.40 72.50
650.69 81.90 651.63 72.72
652.92 82.14 653.86 72.95
655.15 82.37 656.09 73.17
657.38 82.60 658.32 73.40
659.61 82.84 660.55 73.62
661.84 83.07 662.78 73.85
664.07 83.31 665.01 74.07
666.29 83.54 667.25 74.30
668.52 83.77 669.48 74.52
670.75 84.01 671.71 74.75
672.98 84.24 673.94 74.97
675.21 84.47 676.17 75.20
677.44 84.71 678.40 75.42
679.67 84.94 680.63 75.65
681.90 85.17 682.86 75.87
684.13 85.41 685.09 76.10
686.36 85.64 687.32 76.32
688.59 85.88 689.55 76.55
690.82 86.11 691.78 76.77
693.05 86.34 694.01 77.00
695.28 86.58 696.24 77.22
697.51 86.81 698.47 77.45
699.74 87.04 700.70 77.67
701.97 87.28 702.93 77.90
704.20 87.51 705.16 78.12
706.43 87.74 707.39 78.35
708.66 87.98 709.62 78.57
710.89 88.21 711.85 78.80
713.12 88.44 714.08 79.02
715.35 88.68 716.31 79.25
717.57 88.91 718.55 79.48
719.80 89.14 720.78 79.70
722.03 89.38 723.01 79.93
724.26 89.61 725.24 80.15
726.49 89.84 727.47 80.38
728.72 90.08 729.70 80.60
730.95 90.31 731.93 80.83
733.18 90.54 734.16 81.05
735.41 90.77 736.39 81.28
737.64 91.01 738.62 81.51
739.87 91.24 740.85 81.73
742.10 91.47 743.08 81.96
744.33 91.71 745.31 82.18
746.56 91.94 747.54 82.41
748.79 92.17 749.77 82.63
751.02 92.40 752.00 82.86
753.25 92.64 754.23 83.09
755.48 92.87 756.46 83.31
757.71 93.10 758.69 83.54
759.94 93.34 760.92 83.76
762.17 93.57 763.15 83.99
764.40 93.80 765.38 84.22
766.63 94.03 767.61 84.44
768.86 94.27 769.84 84.67
771.09 94.50 772.07 84.89
773.32 94.73 774.30 85.12
775.55 94.96 776.53 85.35
777.78 95.20 778.76 85.57
780.00 95.43 781.00 85.80
782.23 95.66 783.23 86.03
784.46 95.89 785.46 86.25
786.69 96.13 787.69 86.48
788.92 96.36 789.92 86.70
791.15 96.59 792.15 86.93
793.38 96.82 794.38 87.16
795.61 97.06 796.61 87.38
797.84 97.29 798.84 87.61
800.07 97.52 801.07 87.84
802.30 97.75 803.30 88.06
804.53 97.99 805.53 88.29
806.76 98.22 807.76 88.51
808.99 98.45 809.99 88.74
811.22 98.68 812.22 88.97
813.45 98.92 814.45 89.19
815.68 99.15 816.68 89.42
817.91 99.38 818.91 89.65
820.14 99.61 821.14 89.87
822.37 99.84 823.37 90.10
824.60 100.08 825.60 90.33
826.83 100.31 827.83 90.55
829.06 100.54 830.06 90.78
831.29 100.77 832.29 91.01
833.52 101.00 834.52 91.23
835.75 101.24 836.75 91.46
837.98 101.47 838.98 91.69
840.21 101.70 841.21 91.91
842.44 101.93 843.44 92.14
844.67 102.16 845.67 92.37
846.90 102.40 847.90 92.59
849.13 102.63 850.13 92.82
851.36 102.86 852.36 93.05
853.59 103.09 854.59 93.28
855.81 103.32 856.83 93.50
858.04 103.55 859.06 93.73
860.27 103.79 861.29 93.96
862.50 104.02 863.52 94.18
864.73 104.25 865.75 94.41
866.96 104.48 867.98 94.64
869.19 104.71 870.21 94.86
871.42 104.94 872.44 95.09
873.65 105.18 874.67 95.32
875.88 105.41 876.90 95.55
878.11 105.64 879.13 95.77
880.34 105.87 881.36 96.00
882.57 106.10 883.59 96.23
884.80 106.33 885.82 96.45
887.03 106.57 888.05 96.68
889.26 106.80 890.28 96.91
891.49 107.03 892.51 97.14
893.72 107.26 894.74 97.36
895.95 107.49 896.97 97.59
898.18 107.72 899.20 97.82
900.41 107.95 901.43 98.05
902.64 108.18 903.66 98.27
904.87 108.42 905.89 98.50
907.10 108.65 908.12 98.73
909.33 108.88 910.35 98.96
911.56 109.11 912.58 99.18
913.79 109.34 914.81 99.41
916.02 109.57 917.04 99.64
918.25 109.80 919.27 99.87
920.48 110.03 921.50 100.09
922.71 110.27 923.73 100.32
924.94 110.50 925.96 100.55
927.17 110.73 928.19 100.78
929.40 110.96 930.42 101.00
931.63 111.19 932.65 101.23
933.86 111.42 934.88 101.46
936.09 111.65 937.11 101.69
938.32 111.88 939.34 101.91
940.55 112.11 941.57 102.14
942.78 112.35 943.80 102.37
945.01 112.58 946.03 102.60
947.24 112.81 948.26 102.83
949.47 113.04 950.49 103.05
951.70 113.27 952.72 103.28
953.93 113.50 954.95 103.51
956.16 113.73 957.18 103.74
958.39 113.96 959.41 103.97
960.62 114.19 961.64 104.19
962.85 114.42 963.87 104.42
965.08 114.65 966.10 104.65
967.31 114.88 968.33 104.88
969.54 115.11 970.56 105.10
971.77 115.35 972.79 105.33
973.99 115.58 975.03 105.56
976.22 115.81 977.26 105.79
978.45 116.04 979.49 106.02
980.68 116.27 981.72 106.25
982.91 116.50 983.95 106.47
985.14 116.73 986.18 106.70
987.37 116.96 988.41 106.93
989.60 117.19 990.64 107.16
991.83 117.42 992.87 107.39
994.06 117.65 995.10 107.61
996.29 117.88 997.33 107.84
998.52 118.11 999.56 108.07
1000.75 118.34 1001.79 108.30
1002.98 118.57 1004.02 108.53
1005.21 118.80 1006.25 108.76
1007.44 119.03 1008.48 108.98
1009.67 119.26 1010.71 109.21
1011.90 119.49 1012.94 109.44
1014.13 119.72 1015.17 109.67
1016.36 119.95 1017.40 109.90
1018.59 120.18 1019.63 110.13
1020.82 120.42 1021.86 110.36
1023.05 120.65 1024.09 110.58
1025.28 120.88 1026.32 110.81
1027.51 121.11 1028.55 111.04
1029.74 121.34 1030.78 111.27
1031.97 121.57 1033.01 111.50
1034.20 121.80 1035.24 111.73
1036.43 122.03 1037.47 111.96
1038.66 122.26 1039.70 112.18
1040.89 122.49 1041.93 112.41
1043.12 122.72 1044.16 112.64
1045.35 122.95 1046.39 112.87
1047.58 123.18 1048.62 113.10
1049.81 123.41 1050.85 113.33
1052.04 123.64 1053.08 113.56
1054.27 123.87 1055.31 113.79
1056.50 124.10 1057.54 114.01
1058.73 124.33 1059.77 114.24
1060.96 124.56 1062.00 114.47
1063.19 124.79 1064.23 114.70
1065.42 125.02 1066.46 114.93
1067.65 125.24 1068.69 115.16
1069.88 125.47 1070.92 115.39
1072.11 125.70 1073.15 115.62
1074.34 125.93 1075.38 115.85
1076.57 126.16 1077.61 116.07
1078.80 126.39 1079.84 116.30
1081.03 126.62 1082.07 116.53
1083.26 126.85 1084.30 116.76
1085.49 127.08 1086.53 116.99
1087.72 127.31 1088.76 117.22
1089.95 127.54 1090.99 117.45
1092.18 127.77 1093.22 117.68
1094.41 128.00 1095.45 117.91
1096.64 128.23 1097.68 118.14
1098.87 128.46 1099.91 118.37
1101.10 128.69 1102.14 118.59
1103.33 128.92 1104.37 118.82
1105.56 129.15 1106.60 119.05
1107.79 129.38 1108.83 119.28
1110.02 129.61 1111.06 119.51
1112.25 129.84 1113.29 119.74
1114.48 130.07 1115.52 119.97
1116.71 130.30 1117.75 120.20
1118.94 130.52 1119.98 120.43
1121.17 130.75 1122.21 120.66
1123.40 130.98 1124.44 120.89
1125.63 131.21 1126.67 121.12
1127.86 131.44 1128.90 121.35
1130.09 131.67 1131.13 121.58
1132.32 131.90 1133.36 121.81
1134.55 132.13 1135.59 122.04
1136.78 132.36 1137.82 122.26
1139.01 132.59 1140.05 122.49
1141.24 132.82 1142.28 122.72
1143.47 133.05 1144.51 122.95
1145.70 133.27 1146.74 123.18
1147.93 133.50 1148.97 123.41
1150.16 133.73 1151.20 123.64
1152.39 133.96 1153.43 123.87
1154.62 134.19 1155.66 124.10
1156.85 134.42 1157.89 124.33
1159.08 134.65 1160.12 124.56
1161.31 134.88 1162.35 124.79
1163.54 135.11 1164.58 125.02
1165.77 135.34 1166.81 125.25
1168.00 135.56 1169.04 125.48
1170.23 135.79 1171.27 125.71
1172.46 136.02 1173.50 125.94
1174.69 136.25 1175.73 126.17
1176.92 136.48 1177.96 126.40
1179.15 136.71 1180.19 126.63
1181.38 136.94 1182.42 126.86
1183.61 137.17 1184.65 127.09
1185.84 137.40 1186.88 127.32
1188.07 137.62 1189.11 127.55
1190.30 137.85 1191.34 127.78
1192.53 138.08 1193.57 128.01
1194.76 138.31 1195.80 128.24
1196.99 138.54 1198.03 128.47
1199.22 138.77 1200.26 128.70
1201.45 139.00 1202.49 128.93
1203.68 139.22 1204.72 129.16
1205.91 139.45 1206.95 129.39
1208.14 139.68 1209.18 129.62
1210.37 139.91 1211.41 129.85
1212.60 140.14 1213.64 130.08
1214.83 140.37 1215.87 130.31
1217.06 140.60 1218.10 130.54
1219.29 140.82 1220.33 130.77
1221.52 141.05 1222.56 131.00
1223.75 141.28 1224.79 131.23
1225.98 141.51 1227.02 131.46
1228.21 141.74 1229.25 131.69
1230.44 141.97 1231.48 131.92
1232.67 142.19 1233.71 132.15
1234.90 142.42 1235.94 132.39
1237.13 142.65 1238.17 132.62
1239.36 142.88 1240.40 132.85
1241.59 143.11 1242.63 133.08
1243.82 143.33 1244.86 133.31
1246.05 143.56 1247.09 133.54
1248.28 143.79 1249.32 133.77
1250.51 144.02 1251.55 134.00
1252.74 144.25 1253.78 134.23
1254.97 144.48 1256.01 134.46
1257.21 144.70 1258.23 134.69
1259.44 144.93 1260.46 134.92
1261.67 145.16 1262.69 135.15
1263.90 145.39 1264.92 135.38
1266.13 145.62 1267.15 135.61
1268.36 145.84 1269.38 135.84
1270.59 146.07 1271.61 136.08
1272.82 146.30 1273.84 136.31
1275.05 146.53 1276.07 136.54
1277.28 146.76 1278.30 136.77
1279.51 146.98 1280.53 137.00
1281.74 147.21 1282.76 137.23
1283.97 147.44 1284.99 137.46
1286.20 147.67 1287.22 137.69
1288.43 147.89 1289.45 137.92
1290.66 148.12 1291.68 138.15
1292.89 148.35 1293.91 138.38
1295.12 148.58 1296.14 138.62
1297.35 148.80 1298.37 138.85
1299.58 149.03 1300.60 139.08
1301.81 149.26 1302.83 139.31
1304.04 149.49 1305.06 139.54
1306.27 149.72 1307.29 139.77
1308.50 149.94 1309.52 140.00
1310.73 150.17 1311.75 140.23
1312.96 150.40 1313.98 140.46
1315.19 150.63 1316.21 140.70
1317.42 150.85 1318.44 140.93
1319.65 151.08 1320.67 141.16
1321.88 151.31 1322.90 141.39
1324.11 151.54 1325.13 141.62
1326.34 151.76 1327.36 141.85
1328.57 151.99 1329.59 142.08
1330.80 152.22 1331.82 142.31
1333.03 152.45 1334.05 142.55
1335.26 152.67 1336.28 142.78
1337.49 152.90 1338.51 143.01
1339.72 153.13 1340.74 143.24
1341.95 153.35 1342.97 143.47
1344.18 153.58 1345.20 143.70
1346.41 153.81 1347.43 143.93
1348.64 154.04 1349.66 144.17
1350.87 154.26 1351.89 144.40
1353.10 154.49 1354.12 144.63
1355.33 154.72 1356.35 144.86
1357.56 154.94 1358.58 145.09
1359.79 155.17 1360.81 145.32
1362.02 155.40 1363.04 145.56
1364.25 155.63 1365.27 145.79
1366.48 155.85 1367.50 146.02
1368.71 156.08 1369.73 146.25
1370.94 156.31 1371.96 146.48
1373.17 156.53 1374.19 146.71
1375.41 156.76 1376.41 146.95
1377.64 156.99 1378.64 147.18
1379.87 157.21 1380.87 147.41
1382.10 157.44 1383.10 147.64
1384.33 157.67 1385.33 147.87
1386.56 157.90 1387.56 148.10
1388.79 158.12 1389.79 148.34
1391.02 158.35 1392.02 148.57
1393.25 158.58 1394.25 148.80
1395.48 158.80 1396.48 149.03
1397.71 159.03 1398.71 149.26
1399.94 159.26 1400.94 149.50
1402.17 159.48 1403.17 149.73
1404.40 159.71 1405.40 149.96
1406.63 159.94 1407.63 150.19
1408.86 160.16 1409.86 150.42
1411.09 160.39 1412.09 150.66
1413.32 160.62 1414.32 150.89
1415.55 160.84 1416.55 151.12
1417.78 161.07 1418.78 151.35
1420.01 161.29 1421.01 151.59
1422.24 161.52 1423.24 151.82
1424.47 161.75 1425.47 152.05
1426.70 161.97 1427.70 152.28
1428.93 162.20 1429.93 152.51
1431.16 162.43 1432.16 152.75
1433.39 162.65 1434.39 152.98
1435.62 162.88 1436.62 153.21
1437.85 163.11 1438.85 153.44
1440.08 163.33 1441.08 153.68
1442.31 163.56 1443.31 153.91
1444.54 163.78 1445.54 154.14
1446.77 164.01 1447.77 154.37
1449.00 164.24 1450.00 154.61
1451.24 164.46 1452.22 154.84
1453.47 164.69 1454.45 155.07
1455.70 164.92 1456.68 155.30
1457.93 165.14 1458.91 155.54
1460.16 165.37 1461.14 155.77
1462.39 165.59 1463.37 156.00
1464.62 165.82 1465.60 156.23
1466.85 166.05 1467.83 156.47
1469.08 166.27 1470.06 156.70
1471.31 166.50 1472.29 156.93
1473.54 166.72 1474.52 157.17
1475.77 166.95 1476.75 157.40
1478.00 167.18 1478.98 157.63
1480.23 167.40 1481.21 157.86
1482.46 167.63 1483.44 158.10
1484.69 167.85 1485.67 158.33
1486.92 168.08 1487.90 158.56
1489.15 168.30 1490.13 158.80
1491.38 168.53 1492.36 159.03
1493.61 168.76 1494.59 159.26
1495.84 168.98 1496.82 159.50
1498.07 169.21 1499.05 159.73
1500.30 169.43 1501.28 159.96
1502.53 169.66 1503.51 160.19
1504.76 169.88 1505.74 160.43
1506.99 170.11 1507.97 160.66
1509.22 170.34 1510.20 160.89
1511.45 170.56 1512.43 161.13
1513.69 170.79 1514.65 161.36
1515.92 171.01 1516.88 161.59
1518.15 171.24 1519.11 161.83
1520.38 171.46 1521.34 162.06
1522.61 171.69 1523.57 162.29
1524.84 171.91 1525.80 162.53
1527.07 172.14 1528.03 162.76
1529.30 172.36 1530.26 162.99
1531.53 172.59 1532.49 163.23
1533.76 172.81 1534.72 163.46
1535.99 173.04 1536.95 163.69
1538.22 173.27 1539.18 163.93
1540.45 173.49 1541.41 164.16
1542.68 173.72 1543.64 164.39
1544.91 173.94 1545.87 164.63
1547.14 174.17 1548.10 164.86
1549.37 174.39 1550.33 165.09
1551.60 174.62 1552.56 165.33
1553.83 174.84 1554.79 165.56
1556.06 175.07 1557.02 165.80
1558.29 175.29 1559.25 166.03
1560.52 175.52 1561.48 166.26
1562.75 175.74 1563.71 166.50
1564.99 175.97 1565.93 166.73
1567.22 176.19 1568.16 166.96
1569.45 176.42 1570.39 167.20
1571.68 176.64 1572.62 167.43
1573.91 176.87 1574.85 167.67
1576.14 177.09 1577.08 167.90
1578.37 177.31 1579.31 168.13
1580.60 177.54 1581.54 168.37
1582.83 177.76 1583.77 168.60
1585.06 177.99 1586.00 168.84
1587.29 178.21 1588.23 169.07
1589.52 178.44 1590.46 169.30
1591.75 178.66 1592.69 169.54
1593.98 178.89 1594.92 169.77
1596.21 179.11 1597.15 170.01
1598.44 179.34 1599.38 170.24
1600.67 179.56 1601.61 170.48
1602.90 179.79 1603.84 170.71
1605.13 180.01 1606.07 170.94
1607.36 180.23 1608.30 171.18
1609.59 180.46 1610.53 171.41
1611.83 180.68 1612.75 171.65
1614.06 180.91 1614.98 171.88
1616.29 181.13 1617.21 172.12
1618.52 181.36 1619.44 172.35
1620.75 181.58 1621.67 172.58
1622.98 181.80 1623.90 172.82
1625.21 182.03 1626.13 173.05
1627.44 182.25 1628.36 173.29
1629.67 182.48 1630.59 173.52
1631.90 182.70 1632.82 173.76
1634.13 182.92 1635.05 173.99
1636.36 183.15 1637.28 174.23
1638.59 183.37 1639.51 174.46
1640.82 183.60 1641.74 174.70
1643.05 183.82 1643.97 174.93
1645.28 184.04 1646.20 175.17
1647.51 184.27 1648.43 175.40
1649.74 184.49 1650.66 175.64
1651.98 184.72 1652.88 175.87
1654.21 184.94 1655.11 176.11
1656.44 185.16 1657.34 176.34
1658.67 185.39 1659.57 176.58
1660.90 185.61 1661.80 176.81
1663.13 185.83 1664.03 177.05
1665.36 186.06 1666.26 177.28
1667.59 186.28 1668.49 177.52
1669.82 186.51 1670.72 177.75
1672.05 186.73 1672.95 177.99
1674.28 186.95 1675.18 178.22
1676.51 187.18 1677.41 178.46
1678.74 187.40 1679.64 178.69
1680.97 187.62 1681.87 178.93
1683.20 187.85 1684.10 179.16
1685.43 188.07 1686.33 179.40
1687.66 188.29 1688.56 179.63
1689.90 188.52 1690.78 179.87
1692.13 188.74 1693.01 180.10
1694.36 188.96 1695.24 180.34
1696.59 189.19 1697.47 180.58
1698.82 189.41 1699.70 180.81
1701.05 189.63 1701.93 181.05
1703.28 189.86 1704.16 181.28
1705.51 190.08 1706.39 181.52
1707.74 190.30 1708.62 181.75
1709.97 190.52 1710.85 181.99
1712.20 190.75 1713.08 182.22
1714.43 190.97 1715.31 182.46
1716.66 191.19 1717.54 182.70
1718.89 191.42 1719.77 182.93
1721.12 191.64 1722.00 183.17
1723.36 191.86 1724.22 183.40
1725.59 192.08 1726.45 183.64
1727.82 192.31 1728.68 183.88
1730.05 192.53 1730.91 184.11
1732.28 192.75 1733.14 184.35
1734.51 192.98 1735.37 184.58
1736.74 193.20 1737.60 184.82
1738.97 193.42 1739.83 185.06
1741.20 193.64 1742.06 185.29
1743.43 193.87 1744.29 185.53
1745.66 194.09 1746.52 185.77
1747.89 194.31 1748.75 186.00
1750.12 194.53 1750.98 186.24
1752.35 194.76 1753.21 186.47
1754.58 194.98 1755.44 186.71
1756.82 195.20 1757.66 186.95
1759.05 195.42 1759.89 187.18
1761.28 195.64 1762.12 187.42
1763.51 195.87 1764.35 187.66
1765.74 196.09 1766.58 187.89
1767.97 196.31 1768.81 188.13
1770.20 196.53 1771.04 188.37
1772.43 196.75 1773.27 188.60
1774.66 196.98 1775.50 188.84
1776.89 197.20 1777.73 189.08
1779.12 197.42 1779.96 189.31
1781.35 197.64 1782.19 189.55
1783.58 197.86 1784.42 189.79
1785.82 198.09 1786.64 190.02
1788.05 198.31 1788.87 190.26
1790.28 198.53 1791.10 190.50
1792.51 198.75 1793.33 190.74
1794.74 198.97 1795.56 190.97
1796.97 199.19 1797.79 191.21
1799.20 199.42 1800.02 191.45
1801.43 199.64 1802.25 191.68
1803.66 199.86 1804.48 191.92
1805.89 200.08 1806.71 192.16
1808.12 200.30 1808.94 192.40
1810.35 200.52 1811.17 192.63
1812.59 200.74 1813.39 192.87
1814.82 200.96 1815.62 193.11
1817.05 201.19 1817.85 193.35
1819.28 201.41 1820.08 193.58
1821.51 201.63 1822.31 193.82
1823.74 201.85 1824.54 194.06
1825.97 202.07 1826.77 194.30
1828.20 202.29 1829.00 194.53
1830.43 202.51 1831.23 194.77
1832.66 202.73 1833.46 195.01
1834.89 202.95 1835.69 195.25
1837.12 203.17 1837.92 195.49
1839.36 203.40 1840.14 195.72
1841.59 203.62 1842.37 195.96
1843.82 203.84 1844.60 196.20
1846.05 204.06 1846.83 196.44
1848.28 204.28 1849.06 196.68
1850.51 204.50 1851.29 196.91
1852.74 204.72 1853.52 197.15
1854.97 204.94 1855.75 197.39
1857.20 205.16 1857.98 197.63
1859.43 205.38 1860.21 197.87
1861.66 205.60 1862.44 198.11
1863.90 205.82 1864.66 198.34
1866.13 206.04 1866.89 198.58
1868.36 206.26 1869.12 198.82
1870.59 206.48 1871.35 199.06
1872.82 206.70 1873.58 199.30
1875.05 206.92 1875.81 199.54
1877.28 207.14 1878.04 199.78
1879.51 207.36 1880.27 200.02
1881.74 207.58 1882.50 200.25
1883.97 207.80 1884.73 200.49
1886.21 208.02 1886.95 200.73
1888.44 208.24 1889.18 200.97
1890.67 208.46 1891.41 201.21
1892.90 208.68 1893.64 201.45
1895.13 208.90 1895.87 201.69
1897.36 209.12 1898.10 201.93
1899.59 209.34 1900.33 202.17
1901.82 209.56 1902.56 202.41
1904.05 209.78 1904.79 202.65
1906.28 210.00 1907.02 202.89
1908.52 210.21 1909.24 203.13
1910.75 210.43 1911.47 203.36
1912.98 210.65 1913.70 203.60
1915.21 210.87 1915.93 203.84
1917.44 211.09 1918.16 204.08
1919.67 211.31 1920.39 204.32
1921.90 211.53 1922.62 204.56
1924.13 211.75 1924.85 204.80
1926.36 211.97 1927.08 205.04
1928.60 212.18 1929.30 205.28
1930.83 212.40 1931.53 205.52
1933.06 212.62 1933.76 205.76
1935.29 212.84 1935.99 206.00
1937.52 213.06 1938.22 206.25
1939.75 213.28 1940.45 206.49
1941.98 213.49 1942.68 206.73
1944.21 213.71 1944.91 206.97
1946.44 213.93 1947.14 207.21
1948.68 214.15 1949.36 207.45
1950.91 214.37 1951.59 207.69
1953.14 214.58 1953.82 207.93
1955.37 214.80 1956.05 208.17
1957.60 215.02 1958.28 208.41
1959.83 215.24 1960.51 208.65
1962.06 215.46 1962.74 208.89
1964.29 215.67 1964.97 209.13
1966.53 215.89 1967.19 209.38
1968.76 216.11 1969.42 209.62
1970.99 216.32 1971.65 209.86
1973.22 216.54 1973.88 210.10
1975.45 216.76 1976.11 210.34
1977.68 216.98 1978.34 210.58
1979.91 217.19 1980.57 210.83
1982.14 217.41 1982.80 211.07
1984.38 217.63 1985.02 211.31
1986.61 217.84 1987.25 211.55
1988.84 218.06 1989.48 211.79
1991.07 218.28 1991.71 212.04
1993.30 218.49 1993.94 212.28
1995.53 218.71 1996.17 212.52
1997.76 218.93 1998.40 212.76
1999.99 219.14 2000.63 213.00
2002.23 219.36 2002.85 213.25
2004.46 219.57 2005.08 213.49
2006.69 219.79 2007.31 213.73
2008.92 220.01 2009.54 213.98
2011.15 220.22 2011.77 214.22
2013.38 220.44 2014.00 214.46
2015.61 220.65 2016.23 214.70
2017.85 220.87 2018.45 214.95
2020.08 221.08 2020.68 215.19
2022.31 221.30 2022.91 215.43
2024.54 221.51 2025.14 215.68
2026.77 221.73 2027.37 215.92
2029.00 221.94 2029.60 216.17
2031.23 222.16 2031.83 216.41
2033.47 222.37 2034.05 216.65
2035.70 222.59 2036.28 216.90
2037.93 222.80 2038.51 217.14
2040.16 223.02 2040.74 217.39
2042.39 223.23 2042.97 217.63
2044.62 223.45 2045.20 217.88
2046.86 223.66 2047.42 218.12
2049.09 223.87 2049.65 218.36
2051.32 224.09 2051.88 218.61
2053.55 224.30 2054.11 218.85
2055.78 224.51 2056.34 219.10
2058.01 224.73 2058.57 219.35
2060.24 224.94 2060.80 219.59
2062.48 225.15 2063.02 219.84
2064.71 225.37 2065.25 220.08
2066.94 225.58 2067.48 220.33
2069.17 225.79 2069.71 220.57
2071.40 226.01 2071.94 220.82
2073.64 226.22 2074.16 221.07
2075.87 226.43 2076.39 221.31
2078.10 226.64 2078.62 221.56
2080.33 226.85 2080.85 221.81
2082.56 227.07 2083.08 222.05
2084.79 227.28 2085.31 222.30
2087.03 227.49 2087.53 222.55
2089.26 227.70 2089.76 222.79
2091.49 227.91 2091.99 223.04
2093.72 228.12 2094.22 223.29
2095.95 228.33 2096.45 223.54
2098.19 228.54 2098.67 223.79
2100.42 228.75 2100.90 224.03
2102.65 228.96 2103.13 224.28
2104.88 229.17 2105.36 224.53
2107.11 229.38 2107.59 224.78
2109.35 229.59 2109.81 225.03
2111.58 229.80 2112.04 225.28
2113.81 230.01 2114.27 225.53
2116.04 230.22 2116.50 225.78
2118.27 230.43 2118.73 226.03
2120.51 230.64 2120.95 226.28
2122.74 230.85 2123.18 226.53
2124.97 231.05 2125.41 226.78
2127.20 231.26 2127.64 227.03
2129.43 231.47 2129.87 227.28
2131.67 231.68 2132.09 227.54
2133.90 231.88 2134.32 227.79
2136.13 232.09 2136.55 228.04
2138.36 232.30 2138.78 228.29
2140.60 232.50 2141.00 228.54
2142.83 232.71 2143.23 228.80
2145.06 232.91 2145.46 229.05
2147.29 233.12 2147.69 229.31
2149.53 233.32 2149.91 229.56
2151.76 233.53 2152.14 229.81
2153.99 233.73 2154.37 230.07
2156.22 233.93 2156.60 230.33
2158.46 234.13 2158.82 230.58
2160.69 234.34 2161.05 230.84
2162.92 234.54 2163.28 231.09
2165.16 234.74 2165.50 231.35
2167.39 234.94 2167.73 231.61
2169.62 235.14 2169.96 231.87
2171.85 235.34 2172.19 232.13
2174.09 235.54 2174.41 232.39
2176.32 235.74 2176.64 232.65
2178.55 235.94 2178.87 232.91
2180.79 236.13 2181.09 233.17
2183.02 236.33 2183.32 233.43
2185.25 236.52 2185.55 233.70
2187.49 236.72 2187.77 233.96
2189.72 236.91 2190.00 234.23
2191.96 237.10 2192.22 234.49
2194.19 237.29 2194.45 234.76
2196.42 237.48 2196.68 235.03
2198.66 237.67 2198.90 235.30
2200.89 237.86 2201.13 235.57
2203.13 238.04 2203.35 235.85
2205.36 238.23 2205.58 236.12
2207.60 238.41 2207.80 236.40
2209.83 238.59 2210.03 236.68
2212.07 238.76 2212.25 236.96
2214.30 238.93 2214.48 237.25
2216.54 239.10 2216.70 237.54
2218.78 239.26 2218.92 237.84
2221.01 239.42 2221.15 238.14
2223.25 239.56 2223.37 238.46
2225.49 239.69 2225.59 238.79
2227.74 239.79 2227.80 239.15
2230.00 239.70 2230.00 239.70
