0.00 6.00 0.00 6.00
26.57 7.56 26.61 5.36
53.15 8.48 53.21 5.36
79.74 9.29 79.80 5.47
106.32 10.04 106.40 5.63
132.91 10.76 132.99 5.83
159.49 11.45 159.59 6.06
186.08 12.13 186.18 6.30
212.67 12.79 212.77 6.56
239.25 13.43 239.37 6.83
265.84 14.07 265.96 7.11
292.43 14.70 292.55 7.41
319.01 15.32 319.15 7.70
345.60 15.93 345.74 8.01
372.19 16.53 372.33 8.32
398.78 17.14 398.92 8.64
425.36 17.73 425.52 8.96
451.95 18.32 452.11 9.29
478.54 18.91 478.70 9.62
505.13 19.50 505.29 9.95
531.72 20.08 531.88 10.29
558.30 20.65 558.48 10.63
584.89 21.23 585.07 10.97
611.48 21.80 611.66 11.32
638.07 22.37 638.25 11.67
664.66 22.93 664.84 12.02
691.24 23.50 691.44 12.38
717.83 24.06 718.03 12.73
744.42 24.62 744.62 13.09
771.01 25.18 771.21 13.45
797.60 25.74 797.80 13.81
824.19 26.29 824.39 14.18
850.77 26.84 850.99 14.54
877.36 27.39 877.58 14.91
903.95 27.94 904.17 15.28
930.54 28.49 930.76 15.65
957.13 29.04 957.35 16.02
983.72 29.58 983.94 16.39
1010.30 30.13 1010.54 16.76
1036.89 30.67 1037.13 17.14
1063.48 31.21 1063.72 17.52
1090.07 31.75 1090.31 17.89
1116.66 32.29 1116.90 18.27
1143.25 32.83 1143.49 18.65
1169.84 33.37 1170.08 19.03
1196.42 33.91 1196.68 19.41
1223.01 34.44 1223.27 19.80
1249.60 34.97 1249.86 20.18
1276.19 35.51 1276.45 20.57
1302.78 36.04 1303.04 20.95
1329.37 36.57 1329.63 21.34
1355.96 37.10 1356.22 21.73
1382.55 37.63 1382.81 22.11
1409.13 38.16 1409.41 22.50
1435.72 38.69 1436.00 22.89
1462.31 39.22 1462.59 23.28
1488.90 39.75 1489.18 23.67
1515.49 40.27 1515.77 24.07
1542.08 40.80 1542.36 24.46
1568.67 41.32 1568.95 24.85
1595.26 41.85 1595.54 25.25
1621.85 42.37 1622.13 25.64
1648.43 42.89 1648.73 26.04
1675.02 43.42 1675.32 26.43
1701.61 43.94 1701.91 26.83
1728.20 44.46 1728.50 27.23
1754.79 44.98 1755.09 27.62
1781.38 45.50 1781.68 28.02
1807.97 46.02 1808.27 28.42
1834.56 46.54 1834.86 28.82
1861.15 47.05 1861.45 29.22
1887.74 47.57 1888.04 29.62
1914.32 48.09 1914.64 30.02
1940.91 48.61 1941.23 30.42
1967.50 49.12 1967.82 30.82
1994.09 49.64 1994.41 31.23
2020.68 50.15 2021.00 31.63
2047.27 50.67 2047.59 32.03
2073.86 51.18 2074.18 32.44
2100.45 51.70 2100.77 32.84
2127.04 52.21 2127.36 33.25
2153.63 52.72 2153.95 33.65
2180.21 53.24 2180.55 34.06
2206.80 53.75 2207.14 34.46
2233.39 54.26 2233.73 34.87
2259.98 54.77 2260.32 35.28
2286.57 55.28 2286.91 35.68
2313.16 55.79 2313.50 36.09
2339.75 56.30 2340.09 36.50
2366.34 56.81 2366.68 36.91
2392.93 57.32 2393.27 37.32
2419.52 57.83 2419.86 37.73
2446.11 58.34 2446.45 38.14
2472.69 58.85 2473.05 38.55
2499.28 59.35 2499.64 38.96
2525.87 59.86 2526.23 39.37
2552.46 60.37 2552.82 39.78
2579.05 60.88 2579.41 40.19
2605.64 61.38 2606.00 40.60
2632.23 61.89 2632.59 41.01
2658.82 62.39 2659.18 41.42
2685.41 62.90 2685.77 41.84
2712.00 63.41 2712.36 42.25
2738.59 63.91 2738.95 42.66
2765.18 64.42 2765.54 43.08
2791.77 64.92 2792.13 43.49
2818.35 65.42 2818.73 43.91
2844.94 65.93 2845.32 44.32
2871.53 66.43 2871.91 44.73
2898.12 66.93 2898.50 45.15
2924.71 67.44 2925.09 45.57
2951.30 67.94 2951.68 45.98
2977.89 68.44 2978.27 46.40
3004.48 68.94 3004.86 46.81
3031.07 69.44 3031.45 47.23
3057.66 69.95 3058.04 47.65
3084.25 70.45 3084.63 48.06
3110.84 70.95 3111.22 48.48
3137.43 71.45 3137.81 48.90
3164.01 71.95 3164.41 49.32
3190.60 72.45 3191.00 49.73
3217.19 72.95 3217.59 50.15
3243.78 73.45 3244.18 50.57
3270.37 73.95 3270.77 50.99
3296.96 74.45 3297.36 51.41
3323.55 74.95 3323.95 51.83
3350.14 75.44 3350.54 52.25
3376.73 75.94 3377.13 52.67
3403.32 76.44 3403.72 53.09
3429.91 76.94 3430.31 53.51
3456.50 77.44 3456.90 53.93
3483.09 77.93 3483.49 54.35
3509.68 78.43 3510.08 54.77
3536.27 78.93 3536.67 55.19
3562.85 79.42 3563.27 55.61
3589.44 79.92 3589.86 56.03
3616.03 80.42 3616.45 56.46
3642.62 80.91 3643.04 56.88
3669.21 81.41 3669.63 57.30
3695.80 81.91 3696.22 57.72
3722.39 82.40 3722.81 58.15
3748.98 82.90 3749.40 58.57
3775.57 83.39 3775.99 58.99
3802.16 83.89 3802.58 59.42
3828.75 84.38 3829.17 59.84
3855.34 84.87 3855.76 60.26
3881.93 85.37 3882.35 60.69
3908.52 85.86 3908.94 61.11
3935.11 86.36 3935.53 61.54
3961.70 86.85 3962.12 61.96
3988.28 87.34 3988.72 62.38
4014.87 87.84 4015.31 62.81
4041.46 88.33 4041.90 63.23
4068.05 88.82 4068.49 63.66
4094.64 89.32 4095.08 64.09
4121.23 89.81 4121.67 64.51
4147.82 90.30 4148.26 64.94
4174.41 90.79 4174.85 65.36
4201.00 91.28 4201.44 65.79
4227.59 91.78 4228.03 66.22
4254.18 92.27 4254.62 66.64
4280.77 92.76 4281.21 67.07
4307.36 93.25 4307.80 67.50
4333.95 93.74 4334.39 67.92
4360.54 94.23 4360.98 68.35
4387.13 94.72 4387.57 68.78
4413.72 95.21 4414.16 69.21
4440.30 95.70 4440.76 69.63
4466.89 96.19 4467.35 70.06
4493.48 96.68 4493.94 70.49
4520.07 97.17 4520.53 70.92
4546.66 97.66 4547.12 71.35
4573.25 98.15 4573.71 71.77
4599.84 98.64 4600.30 72.20
4626.43 99.13 4626.89 72.63
4653.02 99.62 4653.48 73.06
4679.61 100.11 4680.07 73.49
4706.20 100.60 4706.66 73.92
4732.79 101.09 4733.25 74.35
4759.38 101.58 4759.84 74.78
4785.97 102.06 4786.43 75.21
4812.56 102.55 4813.02 75.64
4839.15 103.04 4839.61 76.07
4865.74 103.53 4866.20 76.50
4892.33 104.02 4892.79 76.93
4918.92 104.50 4919.38 77.36
4945.51 104.99 4945.97 77.79
4972.09 105.48 4972.57 78.22
4998.68 105.97 4999.16 78.65
5025.27 106.45 5025.75 79.09
5051.86 106.94 5052.34 79.52
5078.45 107.43 5078.93 79.95
5105.04 107.91 5105.52 80.38
5131.63 108.40 5132.11 80.81
5158.22 108.88 5158.70 81.24
5184.81 109.37 5185.29 81.68
5211.40 109.86 5211.88 82.11
5237.99 110.34 5238.47 82.54
5264.58 110.83 5265.06 82.97
5291.17 111.31 5291.65 83.41
5317.76 111.80 5318.24 83.84
5344.35 112.28 5344.83 84.27
5370.94 112.77 5371.42 84.70
5397.53 113.25 5398.01 85.14
5424.12 113.74 5424.60 85.57
5450.71 114.22 5451.19 86.00
5477.30 114.71 5477.78 86.44
5503.89 115.19 5504.37 86.87
5530.48 115.68 5530.96 87.31
5557.06 116.16 5557.56 87.74
5583.65 116.65 5584.15 88.17
5610.24 117.13 5610.74 88.61
5636.83 117.61 5637.33 89.04
5663.42 118.10 5663.92 89.48
5690.01 118.58 5690.51 89.91
5716.60 119.06 5717.10 90.35
5743.19 119.55 5743.69 90.78
5769.78 120.03 5770.28 91.22
5796.37 120.51 5796.87 91.65
5822.96 121.00 5823.46 92.09
5849.55 121.48 5850.05 92.52
5876.14 121.96 5876.64 92.96
5902.73 122.44 5903.23 93.39
5929.32 122.93 5929.82 93.83
5955.91 123.41 5956.41 94.27
5982.50 123.89 5983.00 94.70
6009.09 124.37 6009.59 95.14
6035.68 124.85 6036.18 95.57
6062.27 125.34 6062.77 96.01
6088.86 125.82 6089.36 96.45
6115.45 126.30 6115.95 96.88
6142.04 126.78 6142.54 97.32
6168.63 127.26 6169.13 97.76
6195.21 127.74 6195.73 98.19
6221.80 128.22 6222.32 98.63
6248.39 128.71 6248.91 99.07
6274.98 129.19 6275.50 99.51
6301.57 129.67 6302.09 99.94
6328.16 130.15 6328.68 100.38
6354.75 130.63 6355.27 100.82
6381.34 131.11 6381.86 101.26
6407.93 131.59 6408.45 101.69
6434.52 132.07 6435.04 102.13
6461.11 132.55 6461.63 102.57
6487.70 133.03 6488.22 103.01
6514.29 133.51 6514.81 103.45
6540.88 133.99 6541.40 103.88
6567.47 134.47 6567.99 104.32
6594.06 134.95 6594.58 104.76
6620.65 135.43 6621.17 105.20
6647.24 135.91 6647.76 105.64
6673.83 136.39 6674.35 106.08
6700.42 136.87 6700.94 106.52
6727.01 137.34 6727.53 106.96
6753.60 137.82 6754.12 107.40
6780.19 138.30 6780.71 107.84
6806.78 138.78 6807.30 108.27
6833.37 139.26 6833.89 108.71
6859.96 139.74 6860.48 109.15
6886.55 140.22 6887.07 109.59
6913.14 140.69 6913.66 110.03
6939.72 141.17 6940.26 110.47
6966.31 141.65 6966.85 110.91
6992.90 142.13 6993.44 111.35
7019.49 142.61 7020.03 111.79
7046.08 143.08 7046.62 112.23
7072.67 143.56 7073.21 112.68
7099.26 144.04 7099.80 113.12
7125.85 144.52 7126.39 113.56
7152.44 144.99 7152.98 114.00
7179.03 145.47 7179.57 114.44
7205.62 145.95 7206.16 114.88
7232.21 146.43 7232.75 115.32
7258.80 146.90 7259.34 115.76
7285.39 147.38 7285.93 116.20
7311.98 147.86 7312.52 116.64
7338.57 148.33 7339.11 117.09
7365.16 148.81 7365.70 117.53
7391.75 149.29 7392.29 117.97
7418.34 149.76 7418.88 118.41
7444.93 150.24 7445.47 118.85
7471.52 150.71 7472.06 119.30
7498.11 151.19 7498.65 119.74
7524.70 151.67 7525.24 120.18
7551.29 152.14 7551.83 120.62
7577.88 152.62 7578.42 121.06
7604.47 153.09 7605.01 121.51
7631.06 153.57 7631.60 121.95
7657.65 154.05 7658.19 122.39
7684.24 154.52 7684.78 122.83
7710.83 155.00 7711.37 123.28
7737.42 155.47 7737.96 123.72
7764.01 155.95 7764.55 124.16
7790.60 156.42 7791.14 124.61
7817.19 156.90 7817.73 125.05
7843.77 157.37 7844.33 125.49
7870.36 157.85 7870.92 125.94
7896.95 158.32 7897.51 126.38
7923.54 158.79 7924.10 126.82
7950.13 159.27 7950.69 127.27
7976.72 159.74 7977.28 127.71
8003.31 160.22 8003.87 128.16
8029.90 160.69 8030.46 128.60
8056.49 161.17 8057.05 129.04
8083.08 161.64 8083.64 129.49
8109.67 162.11 8110.23 129.93
8136.26 162.59 8136.82 130.38
8162.85 163.06 8163.41 130.82
8189.44 163.54 8190.00 131.27
8216.03 164.01 8216.59 131.71
8242.62 164.48 8243.18 132.15
8269.21 164.96 8269.77 132.60
8295.80 165.43 8296.36 133.04
8322.39 165.90 8322.95 133.49
8348.98 166.38 8349.54 133.93
8375.57 166.85 8376.13 134.38
8402.16 167.32 8402.72 134.82
8428.75 167.79 8429.31 135.27
8455.34 168.27 8455.90 135.72
8481.93 168.74 8482.49 136.16
8508.52 169.21 8509.08 136.61
8535.11 169.69 8535.67 137.05
8561.70 170.16 8562.26 137.50
8588.29 170.63 8588.85 137.94
8614.88 171.10 8615.44 138.39
8641.47 171.57 8642.03 138.84
8668.06 172.05 8668.62 139.28
8694.65 172.52 8695.21 139.73
8721.24 172.99 8721.80 140.17
8747.83 173.46 8748.39 140.62
8774.42 173.93 8774.98 141.07
8801.01 174.41 8801.57 141.51
8827.60 174.88 8828.16 141.96
8854.19 175.35 8854.75 142.41
8880.78 175.82 8881.34 142.85
8907.37 176.29 8907.93 143.30
8933.95 176.76 8934.53 143.75
8960.54 177.23 8961.12 144.19
8987.13 177.71 8987.71 144.64
9013.72 178.18 9014.30 145.09
9040.31 178.65 9040.89 145.54
9066.90 179.12 9067.48 145.98
9093.49 179.59 9094.07 146.43
9120.08 180.06 9120.66 146.88
9146.67 180.53 9147.25 147.32
9173.26 181.00 9173.84 147.77
9199.85 181.47 9200.43 148.22
9226.44 181.94 9227.02 148.67
9253.03 182.41 9253.61 149.12
9279.62 182.88 9280.20 149.56
9306.21 183.35 9306.79 150.01
9332.80 183.82 9333.38 150.46
9359.39 184.29 9359.97 150.91
9385.98 184.76 9386.56 151.36
9412.57 185.23 9413.15 151.81
9439.16 185.70 9439.74 152.25
9465.75 186.17 9466.33 152.70
9492.34 186.64 9492.92 153.15
9518.93 187.11 9519.51 153.60
9545.52 187.58 9546.10 154.05
9572.11 188.05 9572.69 154.50
9598.70 188.52 9599.28 154.95
9625.29 188.99 9625.87 155.39
9651.88 189.46 9652.46 155.84
9678.47 189.93 9679.05 156.29
9705.06 190.39 9705.64 156.74
9731.65 190.86 9732.23 157.19
9758.24 191.33 9758.82 157.64
9784.83 191.80 9785.41 158.09
9811.42 192.27 9812.00 158.54
9838.01 192.74 9838.59 158.99
9864.60 193.21 9865.18 159.44
9891.19 193.67 9891.77 159.89
9917.78 194.14 9918.36 160.34
9944.37 194.61 9944.95 160.79
9970.96 195.08 9971.54 161.24
9997.55 195.55 9998.13 161.69
10024.14 196.02 10024.72 162.14
10050.73 196.48 10051.31 162.59
10077.32 196.95 10077.90 163.04
10103.91 197.42 10104.49 163.49
10130.50 197.89 10131.08 163.94
10157.09 198.35 10157.67 164.39
10183.68 198.82 10184.26 164.84
10210.27 199.29 10210.85 165.29
10236.86 199.76 10237.44 165.74
10263.45 200.22 10264.03 166.19
10290.04 200.69 10290.62 166.65
10316.63 201.16 10317.21 167.10
10343.22 201.63 10343.80 167.55
10369.81 202.09 10370.39 168.00
10396.40 202.56 10396.98 168.45
10422.99 203.03 10423.57 168.90
10449.58 203.49 10450.16 169.35
10476.17 203.96 10476.75 169.80
10502.76 204.43 10503.34 170.26
10529.34 204.89 10529.94 170.71
10555.93 205.36 10556.53 171.16
10582.52 205.83 10583.12 171.61
10609.11 206.29 10609.71 172.06
10635.70 206.76 10636.30 172.51
10662.29 207.22 10662.89 172.97
10688.88 207.69 10689.48 173.42
10715.47 208.16 10716.07 173.87
10742.06 208.62 10742.66 174.32
10768.65 209.09 10769.25 174.78
10795.24 209.55 10795.84 175.23
10821.83 210.02 10822.43 175.68
10848.42 210.49 10849.02 176.13
10875.01 210.95 10875.61 176.59
10901.60 211.42 10902.20 177.04
10928.19 211.88 10928.79 177.49
10954.78 212.35 10955.38 177.94
10981.37 212.81 10981.97 178.40
11007.96 213.28 11008.56 178.85
11034.55 213.74 11035.15 179.30
11061.14 214.21 11061.74 179.76
11087.73 214.67 11088.33 180.21
11114.32 215.14 11114.92 180.66
11140.91 215.60 11141.51 181.12
11167.50 216.07 11168.10 181.57
11194.09 216.53 11194.69 182.02
11220.68 217.00 11221.28 182.48
11247.27 217.46 11247.87 182.93
11273.86 217.93 11274.46 183.38
11300.45 218.39 11301.05 183.84
11327.04 218.86 11327.64 184.29
11353.63 219.32 11354.23 184.74
11380.22 219.78 11380.82 185.20
11406.81 220.25 11407.41 185.65
11433.40 220.71 11434.00 186.11
11459.99 221.18 11460.59 186.56
11486.58 221.64 11487.18 187.01
11513.17 222.10 11513.77 187.47
11539.76 222.57 11540.36 187.92
11566.35 223.03 11566.95 188.38
11592.94 223.50 11593.54 188.83
11619.53 223.96 11620.13 189.29
11646.12 224.42 11646.72 189.74
11672.71 224.89 11673.31 190.20
11699.30 225.35 11699.90 190.65
11725.89 225.81 11726.49 191.11
11752.48 226.28 11753.08 191.56
11779.07 226.74 11779.67 192.02
11805.66 227.20 11806.26 192.47
11832.25 227.66 11832.85 192.93
11858.84 228.13 11859.44 193.38
11885.43 228.59 11886.03 193.84
11912.02 229.05 11912.62 194.29
11938.61 229.52 11939.21 194.75
11965.20 229.98 11965.80 195.20
11991.79 230.44 11992.39 195.66
12018.38 230.90 12018.98 196.11
12044.97 231.37 12045.57 196.57
12071.56 231.83 12072.16 197.03
12098.15 232.29 12098.75 197.48
12124.74 232.75 12125.34 197.94
12151.33 233.21 12151.93 198.39
12177.92 233.68 12178.52 198.85
12204.51 234.14 12205.11 199.31
12231.10 234.60 12231.70 199.76
12257.69 235.06 12258.29 200.22
12284.28 235.52 12284.88 200.68
12310.87 235.99 12311.47 201.13
12337.46 236.45 12338.06 201.59
12364.05 236.91 12364.65 202.05
12390.64 237.37 12391.24 202.50
12417.23 237.83 12417.83 202.96
12443.82 238.29 12444.42 203.42
12470.41 238.76 12471.01 203.87
12497.00 239.22 12497.60 204.33
12523.59 239.68 12524.19 204.79
12550.18 240.14 12550.78 205.24
12576.77 240.60 12577.37 205.70
12603.36 241.06 12603.96 206.16
12629.95 241.52 12630.55 206.62
12656.54 241.98 12657.14 207.07
12683.13 242.44 12683.73 207.53
12709.72 242.90 12710.32 207.99
12736.31 243.36 12736.91 208.45
12762.90 243.82 12763.50 208.90
12789.49 244.29 12790.09 209.36
12816.08 244.75 12816.68 209.82
12842.67 245.21 12843.27 210.28
12869.26 245.67 12869.86 210.73
12895.85 246.13 12896.45 211.19
12922.44 246.59 12923.04 211.65
12949.03 247.05 12949.63 212.11
12975.62 247.51 12976.22 212.57
13002.21 247.97 13002.81 213.02
13028.80 248.43 13029.40 213.48
13055.39 248.89 13055.99 213.94
13081.98 249.35 13082.58 214.40
13108.57 249.81 13109.17 214.86
13135.16 250.26 13135.76 215.32
13161.75 250.72 13162.35 215.78
13188.34 251.18 13188.94 216.23
13214.93 251.64 13215.53 216.69
13241.52 252.10 13242.12 217.15
13268.11 252.56 13268.71 217.61
13294.70 253.02 13295.30 218.07
13321.29 253.48 13321.89 218.53
13347.88 253.94 13348.48 218.99
13374.47 254.40 13375.07 219.45
13401.06 254.86 13401.66 219.91
13427.65 255.32 13428.25 220.37
13454.24 255.77 13454.84 220.83
13480.83 256.23 13481.43 221.29
13507.42 256.69 13508.02 221.75
13534.01 257.15 13534.61 222.21
13560.60 257.61 13561.20 222.66
13587.19 258.07 13587.79 223.12
13613.78 258.52 13614.38 223.58
13640.37 258.98 13640.97 224.04
13666.96 259.44 13667.56 224.50
13693.55 259.90 13694.15 224.96
13720.14 260.36 13720.74 225.42
13746.73 260.81 13747.33 225.89
13773.32 261.27 13773.92 226.35
13799.91 261.73 13800.51 226.81
13826.50 262.19 13827.10 227.27
13853.09 262.65 13853.69 227.73
13879.68 263.10 13880.28 228.19
13906.27 263.56 13906.87 228.65
13932.86 264.02 13933.46 229.11
13959.45 264.48 13960.05 229.57
13986.04 264.93 13986.64 230.03
14012.63 265.39 14013.23 230.49
14039.22 265.85 14039.82 230.95
14065.81 266.30 14066.41 231.41
14092.40 266.76 14093.00 231.87
14118.99 267.22 14119.59 232.34
14145.58 267.68 14146.18 232.80
14172.17 268.13 14172.77 233.26
14198.76 268.59 14199.36 233.72
14225.35 269.05 14225.95 234.18
14251.94 269.50 14252.54 234.64
14278.53 269.96 14279.13 235.10
14305.12 270.42 14305.72 235.57
14331.71 270.87 14332.31 236.03
14358.30 271.33 14358.90 236.49
14384.89 271.78 14385.49 236.95
14411.48 272.24 14412.08 237.41
14438.07 272.70 14438.67 237.88
14464.66 273.15 14465.26 238.34
14491.25 273.61 14491.85 238.80
14517.84 274.06 14518.44 239.26
14544.43 274.52 14545.03 239.73
14571.02 274.98 14571.62 240.19
14597.61 275.43 14598.21 240.65
14624.20 275.89 14624.80 241.11
14650.79 276.34 14651.39 241.58
14677.38 276.80 14677.98 242.04
14703.97 277.25 14704.57 242.50
14730.56 277.71 14731.16 242.96
14757.15 278.16 14757.75 243.43
14783.74 278.62 14784.34 243.89
14810.33 279.07 14810.93 244.35
14836.92 279.53 14837.52 244.82
14863.51 279.98 14864.11 245.28
14890.10 280.44 14890.70 245.74
14916.69 280.89 14917.29 246.21
14943.28 281.35 14943.88 246.67
14969.87 281.80 14970.47 247.13
14996.46 282.26 14997.06 247.60
15023.05 282.71 15023.65 248.06
15049.64 283.17 15050.24 248.52
15076.23 283.62 15076.83 248.99
15102.82 284.08 15103.42 249.45
15129.41 284.53 15130.01 249.91
15156.00 284.98 15156.60 250.38
15182.59 285.44 15183.19 250.84
15209.18 285.89 15209.78 251.31
15235.77 286.35 15236.37 251.77
15262.36 286.80 15262.96 252.24
15288.95 287.25 15289.55 252.70
15315.54 287.71 15316.14 253.16
15342.13 288.16 15342.73 253.63
15368.72 288.62 15369.32 254.09
15395.31 289.07 15395.91 254.56
15421.90 289.52 15422.50 255.02
15448.49 289.98 15449.09 255.49
15475.08 290.43 15475.68 255.95
15501.67 290.88 15502.27 256.42
15528.26 291.34 15528.86 256.88
15554.85 291.79 15555.45 257.35
15581.44 292.24 15582.04 257.81
15608.03 292.69 15608.63 258.28
15634.62 293.15 15635.22 258.74
15661.21 293.60 15661.81 259.21
15687.80 294.05 15688.40 259.67
15714.39 294.51 15714.99 260.14
15740.98 294.96 15741.58 260.61
15767.57 295.41 15768.17 261.07
15794.16 295.86 15794.76 261.54
15820.75 296.32 15821.35 262.00
15847.34 296.77 15847.94 262.47
15873.93 297.22 15874.53 262.93
15900.52 297.67 15901.12 263.40
15927.11 298.12 15927.71 263.87
15953.70 298.58 15954.30 264.33
15980.29 299.03 15980.89 264.80
16006.88 299.48 16007.48 265.27
16033.47 299.93 16034.07 265.73
16060.06 300.38 16060.66 266.20
16086.66 300.84 16087.24 266.66
16113.25 301.29 16113.83 267.13
16139.84 301.74 16140.42 267.60
16166.43 302.19 16167.01 268.06
16193.02 302.64 16193.60 268.53
16219.61 303.09 16220.19 269.00
16246.20 303.54 16246.78 269.47
16272.79 303.99 16273.37 269.93
16299.38 304.45 16299.96 270.40
16325.97 304.90 16326.55 270.87
16352.56 305.35 16353.14 271.33
16379.15 305.80 16379.73 271.80
16405.74 306.25 16406.32 272.27
16432.33 306.70 16432.91 272.74
16458.92 307.15 16459.50 273.20
16485.51 307.60 16486.09 273.67
16512.10 308.05 16512.68 274.14
16538.69 308.50 16539.27 274.61
16565.28 308.95 16565.86 275.08
16591.87 309.40 16592.45 275.54
16618.46 309.85 16619.04 276.01
16645.05 310.30 16645.63 276.48
16671.64 310.75 16672.22 276.95
16698.23 311.20 16698.81 277.42
16724.82 311.65 16725.40 277.88
16751.41 312.10 16751.99 278.35
16778.00 312.55 16778.58 278.82
16804.59 313.00 16805.17 279.29
16831.18 313.45 16831.76 279.76
16857.77 313.90 16858.35 280.23
16884.36 314.35 16884.94 280.70
16910.95 314.80 16911.53 281.17
16937.54 315.25 16938.12 281.63
16964.13 315.70 16964.71 282.10
16990.72 316.15 16991.30 282.57
17017.31 316.59 17017.89 283.04
17043.90 317.04 17044.48 283.51
17070.49 317.49 17071.07 283.98
17097.08 317.94 17097.66 284.45
17123.67 318.39 17124.25 284.92
17150.26 318.84 17150.84 285.39
17176.85 319.29 17177.43 285.86
17203.44 319.73 17204.02 286.33
17230.03 320.18 17230.61 286.80
17256.62 320.63 17257.20 287.27
17283.21 321.08 17283.79 287.74
17309.80 321.53 17310.38 288.21
17336.39 321.97 17336.97 288.68
17362.98 322.42 17363.56 289.15
17389.57 322.87 17390.15 289.62
17416.16 323.32 17416.74 290.09
17442.75 323.77 17443.33 290.56
17469.34 324.21 17469.92 291.03
17495.93 324.66 17496.51 291.50
17522.52 325.11 17523.10 291.97
17549.11 325.56 17549.69 292.44
17575.70 326.00 17576.28 292.91
17602.29 326.45 17602.87 293.39
17628.88 326.90 17629.46 293.86
17655.47 327.34 17656.05 294.33
17682.07 327.79 17682.63 294.80
17708.66 328.24 17709.22 295.27
17735.25 328.68 17735.81 295.74
17761.84 329.13 17762.40 296.21
17788.43 329.58 17788.99 296.69
17815.02 330.02 17815.58 297.16
17841.61 330.47 17842.17 297.63
17868.20 330.92 17868.76 298.10
17894.79 331.36 17895.35 298.57
17921.38 331.81 17921.94 299.04
17947.97 332.26 17948.53 299.52
17974.56 332.70 17975.12 299.99
18001.15 333.15 18001.71 300.46
18027.74 333.59 18028.30 300.93
18054.33 334.04 18054.89 301.41
18080.92 334.48 18081.48 301.88
18107.51 334.93 18108.07 302.35
18134.10 335.38 18134.66 302.82
18160.69 335.82 18161.25 303.30
18187.28 336.27 18187.84 303.77
18213.87 336.71 18214.43 304.24
18240.46 337.16 18241.02 304.72
18267.05 337.60 18267.61 305.19
18293.64 338.05 18294.20 305.66
18320.23 338.49 18320.79 306.13
18346.82 338.94 18347.38 306.61
18373.41 339.38 18373.97 307.08
18400.00 339.83 18400.56 307.56
18426.59 340.27 18427.15 308.03
18453.18 340.71 18453.74 308.50
18479.77 341.16 18480.33 308.98
18506.36 341.60 18506.92 309.45
18532.95 342.05 18533.51 309.92
18559.54 342.49 18560.10 310.40
18586.13 342.94 18586.69 310.87
18612.72 343.38 18613.28 311.35
18639.31 343.82 18639.87 311.82
18665.90 344.27 18666.46 312.30
18692.49 344.71 18693.05 312.77
18719.08 345.15 18719.64 313.25
18745.67 345.60 18746.23 313.72
18772.27 346.04 18772.81 314.19
18798.86 346.48 18799.40 314.67
18825.45 346.93 18825.99 315.14
18852.04 347.37 18852.58 315.62
18878.63 347.81 18879.17 316.10
18905.22 348.26 18905.76 316.57
18931.81 348.70 18932.35 317.05
18958.40 349.14 18958.94 317.52
18984.99 349.58 18985.53 318.00
19011.58 350.03 19012.12 318.47
19038.17 350.47 19038.71 318.95
19064.76 350.91 19065.30 319.42
19091.35 351.35 19091.89 319.90
19117.94 351.80 19118.48 320.38
19144.53 352.24 19145.07 320.85
19171.12 352.68 19171.66 321.33
19197.71 353.12 19198.25 321.81
19224.30 353.56 19224.84 322.28
19250.89 354.00 19251.43 322.76
19277.48 354.45 19278.02 323.23
19304.07 354.89 19304.61 323.71
19330.66 355.33 19331.20 324.19
19357.25 355.77 19357.79 324.67
19383.84 356.21 19384.38 325.14
19410.43 356.65 19410.97 325.62
19437.02 357.09 19437.56 326.10
19463.61 357.53 19464.15 326.57
19490.20 357.97 19490.74 327.05
19516.79 358.42 19517.33 327.53
19543.38 358.86 19543.92 328.01
19569.97 359.30 19570.51 328.48
19596.56 359.74 19597.10 328.96
19623.15 360.18 19623.69 329.44
19649.74 360.62 19650.28 329.92
19676.34 361.06 19676.86 330.40
19702.93 361.50 19703.45 330.87
19729.52 361.94 19730.04 331.35
19756.11 362.38 19756.63 331.83
19782.70 362.82 19783.22 332.31
19809.29 363.26 19809.81 332.79
19835.88 363.70 19836.40 333.27
19862.47 364.13 19862.99 333.75
19889.06 364.57 19889.58 334.23
19915.65 365.01 19916.17 334.70
19942.24 365.45 19942.76 335.18
19968.83 365.89 19969.35 335.66
19995.42 366.33 19995.94 336.14
20022.01 366.77 20022.53 336.62
20048.60 367.21 20049.12 337.10
20075.19 367.64 20075.71 337.58
20101.78 368.08 20102.30 338.06
20128.37 368.52 20128.89 338.54
20154.96 368.96 20155.48 339.02
20181.55 369.40 20182.07 339.50
20208.14 369.84 20208.66 339.98
20234.73 370.27 20235.25 340.46
20261.32 370.71 20261.84 340.94
20287.91 371.15 20288.43 341.42
20314.50 371.59 20315.02 341.90
20341.09 372.02 20341.61 342.39
20367.68 372.46 20368.20 342.87
20394.27 372.90 20394.79 343.35
20420.87 373.33 20421.37 343.83
20447.46 373.77 20447.96 344.31
20474.05 374.21 20474.55 344.79
20500.64 374.64 20501.14 345.27
20527.23 375.08 20527.73 345.75
20553.82 375.52 20554.32 346.24
20580.41 375.95 20580.91 346.72
20607.00 376.39 20607.50 347.20
20633.59 376.83 20634.09 347.68
20660.18 377.26 20660.68 348.16
20686.77 377.70 20687.27 348.65
20713.36 378.13 20713.86 349.13
20739.95 378.57 20740.45 349.61
20766.54 379.00 20767.04 350.10
20793.13 379.44 20793.63 350.58
20819.72 379.87 20820.22 351.06
20846.31 380.31 20846.81 351.54
20872.90 380.74 20873.40 352.03
20899.49 381.18 20899.99 352.51
20926.08 381.61 20926.58 352.99
20952.67 382.05 20953.17 353.48
20979.26 382.48 20979.76 353.96
21005.85 382.92 21006.35 354.45
21032.44 383.35 21032.94 354.93
21059.04 383.78 21059.52 355.41
21085.63 384.22 21086.11 355.90
21112.22 384.65 21112.70 356.38
21138.81 385.09 21139.29 356.87
21165.40 385.52 21165.88 357.35
21191.99 385.95 21192.47 357.84
21218.58 386.39 21219.06 358.32
21245.17 386.82 21245.65 358.81
21271.76 387.25 21272.24 359.29
21298.35 387.69 21298.83 359.78
21324.94 388.12 21325.42 360.26
21351.53 388.55 21352.01 360.75
21378.12 388.98 21378.60 361.23
21404.71 389.41 21405.19 361.72
21431.30 389.85 21431.78 362.21
21457.89 390.28 21458.37 362.69
21484.48 390.71 21484.96 363.18
21511.07 391.14 21511.55 363.67
21537.66 391.57 21538.14 364.15
21564.25 392.01 21564.73 364.64
21590.84 392.44 21591.32 365.13
21617.43 392.87 21617.91 365.61
21644.03 393.30 21644.49 366.10
21670.62 393.73 21671.08 366.59
21697.21 394.16 21697.67 367.08
21723.80 394.59 21724.26 367.56
21750.39 395.02 21750.85 368.05
21776.98 395.45 21777.44 368.54
21803.57 395.88 21804.03 369.03
21830.16 396.31 21830.62 369.51
21856.75 396.74 21857.21 370.00
21883.34 397.17 21883.80 370.49
21909.93 397.60 21910.39 370.98
21936.52 398.03 21936.98 371.47
21963.11 398.46 21963.57 371.96
21989.70 398.89 21990.16 372.45
22016.29 399.32 22016.75 372.94
22042.88 399.74 22043.34 373.43
22069.47 400.17 22069.93 373.92
22096.06 400.60 22096.52 374.41
22122.65 401.03 22123.11 374.90
22149.24 401.46 22149.70 375.39
22175.84 401.89 22176.28 375.88
22202.43 402.31 22202.87 376.37
22229.02 402.74 22229.46 376.86
22255.61 403.17 22256.05 377.35
22282.20 403.59 22282.64 377.84
22308.79 404.02 22309.23 378.33
22335.38 404.45 22335.82 378.82
22361.97 404.88 22362.41 379.31
22388.56 405.30 22389.00 379.81
22415.15 405.73 22415.59 380.30
22441.74 406.15 22442.18 380.79
22468.33 406.58 22468.77 381.28
22494.92 407.01 22495.36 381.78
22521.51 407.43 22521.95 382.27
22548.10 407.86 22548.54 382.76
22574.69 408.28 22575.13 383.25
22601.28 408.71 22601.72 383.75
22627.88 409.13 22628.30 384.24
22654.47 409.56 22654.89 384.73
22681.06 409.98 22681.48 385.23
22707.65 410.40 22708.07 385.72
22734.24 410.83 22734.66 386.22
22760.83 411.25 22761.25 386.71
22787.42 411.68 22787.84 387.21
22814.01 412.10 22814.43 387.70
22840.60 412.52 22841.02 388.20
22867.19 412.94 22867.61 388.69
22893.78 413.37 22894.20 389.19
22920.37 413.79 22920.79 389.68
22946.96 414.21 22947.38 390.18
22973.55 414.63 22973.97 390.67
23000.14 415.06 23000.56 391.17
23026.73 415.48 23027.15 391.67
23053.33 415.90 23053.73 392.16
23079.92 416.32 23080.32 392.66
23106.51 416.74 23106.91 393.16
23133.10 417.16 23133.50 393.65
23159.69 417.58 23160.09 394.15
23186.28 418.00 23186.68 394.65
23212.87 418.42 23213.27 395.15
23239.46 418.84 23239.86 395.65
23266.05 419.26 23266.45 396.15
23292.64 419.68 23293.04 396.64
23319.23 420.10 23319.63 397.14
23345.82 420.52 23346.22 397.64
23372.41 420.94 23372.81 398.14
23399.00 421.36 23399.40 398.64
23425.59 421.77 23425.99 399.14
23452.19 422.19 23452.57 399.64
23478.78 422.61 23479.16 400.14
23505.37 423.03 23505.75 400.64
23531.96 423.44 23532.34 401.14
23558.55 423.86 23558.93 401.65
23585.14 424.28 23585.52 402.15
23611.73 424.69 23612.11 402.65
23638.32 425.11 23638.70 403.15
23664.91 425.53 23665.29 403.65
23691.50 425.94 23691.88 404.16
23718.09 426.36 23718.47 404.66
23744.68 426.77 23745.06 405.16
23771.27 427.19 23771.65 405.67
23797.87 427.60 23798.23 406.17
23824.46 428.01 23824.82 406.68
23851.05 428.43 23851.41 407.18
23877.64 428.84 23878.00 407.69
23904.23 429.25 23904.59 408.19
23930.82 429.67 23931.18 408.70
23957.41 430.08 23957.77 409.20
23984.00 430.49 23984.36 409.71
24010.59 430.90 24010.95 410.21
24037.18 431.31 24037.54 410.72
24063.77 431.72 24064.13 411.23
24090.36 432.14 24090.72 411.74
24116.95 432.55 24117.31 412.24
24143.55 432.96 24143.89 412.75
24170.14 433.36 24170.48 413.26
24196.73 433.77 24197.07 413.77
24223.32 434.18 24223.66 414.28
24249.91 434.59 24250.25 414.79
24276.50 435.00 24276.84 415.30
24303.09 435.41 24303.43 415.81
24329.68 435.81 24330.02 416.32
24356.27 436.22 24356.61 416.83
24382.86 436.63 24383.20 417.34
24409.45 437.03 24409.79 417.86
24436.05 437.44 24436.37 418.37
24462.64 437.84 24462.96 418.88
24489.23 438.25 24489.55 419.39
24515.82 438.65 24516.14 419.91
24542.41 439.06 24542.73 420.42
24569.00 439.46 24569.32 420.94
24595.59 439.86 24595.91 421.45
24622.18 440.27 24622.50 421.97
24648.77 440.67 24649.09 422.48
24675.36 441.07 24675.68 423.00
24701.96 441.47 24702.26 423.52
24728.55 441.87 24728.85 424.04
24755.14 442.27 24755.44 424.55
24781.73 442.67 24782.03 425.07
24808.32 443.07 24808.62 425.59
24834.91 443.47 24835.21 426.11
24861.50 443.87 24861.80 426.63
24888.09 444.26 24888.39 427.15
24914.68 444.66 24914.98 427.68
24941.27 445.05 24941.57 428.20
24967.87 445.45 24968.15 428.72
24994.46 445.84 24994.74 429.24
25021.05 446.24 25021.33 429.77
25047.64 446.63 25047.92 430.29
25074.23 447.02 25074.51 430.82
25100.82 447.42 25101.10 431.35
25127.41 447.81 25127.69 431.87
25154.00 448.20 25154.28 432.40
25180.59 448.59 25180.87 432.93
25207.19 448.98 25207.45 433.46
25233.78 449.37 25234.04 433.99
25260.37 449.75 25260.63 434.52
25286.96 450.14 25287.22 435.05
25313.55 450.52 25313.81 435.58
25340.14 450.91 25340.40 436.12
25366.73 451.29 25366.99 436.65
25393.32 451.68 25393.58 437.19
25419.92 452.06 25420.16 437.72
25446.51 452.44 25446.75 438.26
25473.10 452.82 25473.34 438.80
25499.69 453.20 25499.93 439.34
25526.28 453.58 25526.52 439.88
25552.87 453.95 25553.11 440.42
25579.46 454.33 25579.70 440.96
25606.06 454.70 25606.28 441.51
25632.65 455.07 25632.87 442.05
25659.24 455.45 25659.46 442.60
25685.83 455.81 25686.05 443.15
25712.42 456.18 25712.64 443.70
25739.01 456.55 25739.23 444.25
25765.61 456.92 25765.81 444.80
25792.20 457.28 25792.40 445.36
25818.79 457.64 25818.99 445.91
25845.38 458.00 25845.58 446.47
25871.97 458.36 25872.17 447.03
25898.56 458.72 25898.76 447.59
25925.16 459.07 25925.34 448.16
25951.75 459.42 25951.93 448.72
25978.34 459.77 25978.52 449.29
26004.93 460.12 26005.11 449.86
26031.52 460.46 26031.70 450.44
26058.12 460.80 26058.28 451.02
26084.71 461.14 26084.87 451.60
26111.30 461.47 26111.46 452.18
26137.89 461.80 26138.05 452.77
26164.48 462.13 26164.64 453.36
26191.08 462.45 26191.22 453.96
26217.67 462.77 26217.81 454.56
26244.26 463.08 26244.40 455.16
26270.85 463.39 26270.99 455.78
26297.45 463.69 26297.57 456.39
26324.04 463.98 26324.16 457.02
26350.63 464.26 26350.75 457.66
26377.23 464.53 26377.33 458.30
26403.82 464.79 26403.92 458.96
26430.41 465.03 26430.51 459.64
26457.01 465.26 26457.09 460.33
26483.60 465.46 26483.68 461.05
26510.20 465.62 26510.26 461.80
26536.79 465.73 26536.85 462.61
26563.39 465.74 26563.43 463.53
26590.00 465.09 26590.00 465.09
