0.00 465.09 0.00 465.09
26.61 465.74 26.57 463.53
53.21 465.73 53.15 462.61
79.80 465.62 79.74 461.80
106.40 465.46 106.32 461.05
132.99 465.26 132.91 460.33
159.59 465.03 159.49 459.64
186.18 464.79 186.08 458.96
212.77 464.53 212.67 458.30
239.37 464.26 239.25 457.66
265.96 463.98 265.84 457.02
292.55 463.69 292.43 456.39
319.15 463.39 319.01 455.78
345.74 463.08 345.60 455.16
372.33 462.77 372.19 454.56
398.92 462.45 398.78 453.96
425.52 462.13 425.36 453.36
452.11 461.80 451.95 452.77
478.70 461.47 478.54 452.18
505.29 461.14 505.13 451.60
531.88 460.80 531.72 451.02
558.48 460.46 558.30 450.44
585.07 460.12 584.89 449.86
611.66 459.77 611.48 449.29
638.25 459.42 638.07 448.72
664.84 459.07 664.66 448.16
691.44 458.72 691.24 447.59
718.03 458.36 717.83 447.03
744.62 458.00 744.42 446.47
771.21 457.64 771.01 445.91
797.80 457.28 797.60 445.36
824.39 456.92 824.19 444.80
850.99 456.55 850.77 444.25
877.58 456.18 877.36 443.70
904.17 455.81 903.95 443.15
930.76 455.45 930.54 442.60
957.35 455.07 957.13 442.05
983.94 454.70 983.72 441.51
1010.54 454.33 1010.30 440.96
1037.13 453.95 1036.89 440.42
1063.72 453.58 1063.48 439.88
1090.31 453.20 1090.07 439.34
1116.90 452.82 1116.66 438.80
1143.49 452.44 1143.25 438.26
1170.08 452.06 1169.84 437.72
1196.68 451.68 1196.42 437.19
1223.27 451.29 1223.01 436.65
1249.86 450.91 1249.60 436.12
1276.45 450.52 1276.19 435.58
1303.04 450.14 1302.78 435.05
1329.63 449.75 1329.37 434.52
1356.22 449.37 1355.96 433.99
1382.81 448.98 1382.55 433.46
1409.41 448.59 1409.13 432.93
1436.00 448.20 1435.72 432.40
1462.59 447.81 1462.31 431.87
1489.18 447.42 1488.90 431.35
1515.77 447.02 1515.49 430.82
1542.36 446.63 1542.08 430.29
1568.95 446.24 1568.67 429.77
1595.54 445.84 1595.26 429.24
1622.13 445.45 1621.85 428.72
1648.73 445.05 1648.43 428.20
1675.32 444.66 1675.02 427.68
1701.91 444.26 1701.61 427.15
1728.50 443.87 1728.20 426.63
1755.09 443.47 1754.79 426.11
1781.68 443.07 1781.38 425.59
1808.27 442.67 1807.97 425.07
1834.86 442.27 1834.56 424.55
1861.45 441.87 1861.15 424.04
1888.04 441.47 1887.74 423.52
1914.64 441.07 1914.32 423.00
1941.23 440.67 1940.91 422.48
1967.82 440.27 1967.50 421.97
1994.41 439.86 1994.09 421.45
2021.00 439.46 2020.68 420.94
2047.59 439.06 2047.27 420.42
2074.18 438.65 2073.86 419.91
2100.77 438.25 2100.45 419.39
2127.36 437.84 2127.04 418.88
2153.95 437.44 2153.63 418.37
2180.55 437.03 2180.21 417.86
2207.14 436.63 2206.80 417.34
2233.73 436.22 2233.39 416.83
2260.32 435.81 2259.98 416.32
2286.91 435.41 2286.57 415.81
2313.50 435.00 2313.16 415.30
2340.09 434.59 2339.75 414.79
2366.68 434.18 2366.34 414.28
2393.27 433.77 2392.93 413.77
2419.86 433.36 2419.52 413.26
2446.45 432.96 2446.11 412.75
2473.05 432.55 2472.69 412.24
2499.64 432.14 2499.28 411.74
2526.23 431.72 2525.87 411.23
2552.82 431.31 2552.46 410.72
2579.41 430.90 2579.05 410.21
2606.00 430.49 2605.64 409.71
2632.59 430.08 2632.23 409.20
2659.18 429.67 2658.82 408.70
2685.77 429.25 2685.41 408.19
2712.36 428.84 2712.00 407.69
2738.95 428.43 2738.59 407.18
2765.54 428.01 2765.18 406.68
2792.13 427.60 2791.77 406.17
2818.73 427.19 2818.35 405.67
2845.32 426.77 2844.94 405.16
2871.91 426.36 2871.53 404.66
2898.50 425.94 2898.12 404.16
2925.09 425.53 2924.71 403.65
2951.68 425.11 2951.30 403.15
2978.27 424.69 2977.89 402.65
3004.86 424.28 3004.48 402.15
3031.45 423.86 3031.07 401.65
3058.04 423.44 3057.66 401.14
3084.63 423.03 3084.25 400.64
3111.22 422.61 3110.84 400.14
3137.81 422.19 3137.43 399.64
3164.41 421.77 3164.01 399.14
3191.00 421.36 3190.60 398.64
3217.59 420.94 3217.19 398.14
3244.18 420.52 3243.78 397.64
3270.77 420.10 3270.37 397.14
3297.36 419.68 3296.96 396.64
3323.95 419.26 3323.55 396.15
3350.54 418.84 3350.14 395.65
3377.13 418.42 3376.73 395.15
3403.72 418.00 3403.32 394.65
3430.31 417.58 3429.91 394.15
3456.90 417.16 3456.50 393.65
3483.49 416.74 3483.09 393.16
3510.08 416.32 3509.68 392.66
3536.67 415.90 3536.27 392.16
3563.27 415.48 3562.85 391.67
3589.86 415.06 3589.44 391.17
3616.45 414.63 3616.03 390.67
3643.04 414.21 3642.62 390.18
3669.63 413.79 3669.21 389.68
3696.22 413.37 3695.80 389.19
3722.81 412.94 3722.39 388.69
3749.40 412.52 3748.98 388.20
3775.99 412.10 3775.57 387.70
3802.58 411.68 3802.16 387.21
3829.17 411.25 3828.75 386.71
3855.76 410.83 3855.34 386.22
3882.35 410.40 3881.93 385.72
3908.94 409.98 3908.52 385.23
3935.53 409.56 3935.11 384.73
3962.12 409.13 3961.70 384.24
3988.72 408.71 3988.28 383.75
4015.31 408.28 4014.87 383.25
4041.90 407.86 4041.46 382.76
4068.49 407.43 4068.05 382.27
4095.08 407.01 4094.64 381.78
4121.67 406.58 4121.23 381.28
4148.26 406.15 4147.82 380.79
4174.85 405.73 4174.41 380.30
4201.44 405.30 4201.00 379.81
4228.03 404.88 4227.59 379.31
4254.62 404.45 4254.18 378.82
4281.21 404.02 4280.77 378.33
4307.80 403.59 4307.36 377.84
4334.39 403.17 4333.95 377.35
4360.98 402.74 4360.54 376.86
4387.57 402.31 4387.13 376.37
4414.16 401.89 4413.72 375.88
4440.76 401.46 4440.30 375.39
4467.35 401.03 4466.89 374.90
4493.94 400.60 4493.48 374.41
4520.53 400.17 4520.07 373.92
4547.12 399.74 4546.66 373.43
4573.71 399.32 4573.25 372.94
4600.30 398.89 4599.84 372.45
4626.89 398.46 4626.43 371.96
4653.48 398.03 4653.02 371.47
4680.07 397.60 4679.61 370.98
4706.66 397.17 4706.20 370.49
4733.25 396.74 4732.79 370.00
4759.84 396.31 4759.38 369.51
4786.43 395.88 4785.97 369.03
4813.02 395.45 4812.56 368.54
4839.61 395.02 4839.15 368.05
4866.20 394.59 4865.74 367.56
4892.79 394.16 4892.33 367.08
4919.38 393.73 4918.92 366.59
4945.97 393.30 4945.51 366.10
4972.57 392.87 4972.09 365.61
4999.16 392.44 4998.68 365.13
5025.75 392.01 5025.27 364.64
5052.34 391.57 5051.86 364.15
5078.93 391.14 5078.45 363.67
5105.52 390.71 5105.04 363.18
5132.11 390.28 5131.63 362.69
5158.70 389.85 5158.22 362.21
5185.29 389.41 5184.81 361.72
5211.88 388.98 5211.40 361.23
5238.47 388.55 5237.99 360.75
5265.06 388.12 5264.58 360.26
5291.65 387.69 5291.17 359.78
5318.24 387.25 5317.76 359.29
5344.83 386.82 5344.35 358.81
5371.42 386.39 5370.94 358.32
5398.01 385.95 5397.53 357.84
5424.60 385.52 5424.12 357.35
5451.19 385.09 5450.71 356.87
5477.78 384.65 5477.30 356.38
5504.37 384.22 5503.89 355.90
5530.96 383.78 5530.48 355.41
5557.56 383.35 5557.06 354.93
5584.15 382.92 5583.65 354.45
5610.74 382.48 5610.24 353.96
5637.33 382.05 5636.83 353.48
5663.92 381.61 5663.42 352.99
5690.51 381.18 5690.01 352.51
5717.10 380.74 5716.60 352.03
5743.69 380.31 5743.19 351.54
5770.28 379.87 5769.78 351.06
5796.87 379.44 5796.37 350.58
5823.46 379.00 5822.96 350.10
5850.05 378.57 5849.55 349.61
5876.64 378.13 5876.14 349.13
5903.23 377.70 5902.73 348.65
5929.82 377.26 5929.32 348.16
5956.41 376.83 5955.91 347.68
5983.00 376.39 5982.50 347.20
6009.59 375.95 6009.09 346.72
6036.18 375.52 6035.68 346.24
6062.77 375.08 6062.27 345.75
6089.36 374.64 6088.86 345.27
6115.95 374.21 6115.45 344.79
6142.54 373.77 6142.04 344.31
6169.13 373.33 6168.63 343.83
6195.73 372.90 6195.21 343.35
6222.32 372.46 6221.80 342.87
6248.91 372.02 6248.39 342.39
6275.50 371.59 6274.98 341.90
6302.09 371.15 6301.57 341.42
6328.68 370.71 6328.16 340.94
6355.27 370.27 6354.75 340.46
6381.86 369.84 6381.34 339.98
6408.45 369.40 6407.93 339.50
6435.04 368.96 6434.52 339.02
6461.63 368.52 6461.11 338.54
6488.22 368.08 6487.70 338.06
6514.81 367.64 6514.29 337.58
6541.40 367.21 6540.88 337.10
6567.99 366.77 6567.47 336.62
6594.58 366.33 6594.06 336.14
6621.17 365.89 6620.65 335.66
6647.76 365.45 6647.24 335.18
6674.35 365.01 6673.83 334.70
6700.94 364.57 6700.42 334.23
6727.53 364.13 6727.01 333.75
6754.12 363.70 6753.60 333.27
6780.71 363.26 6780.19 332.79
6807.30 362.82 6806.78 332.31
6833.89 362.38 6833.37 331.83
6860.48 361.94 6859.96 331.35
6887.07 361.50 6886.55 330.87
6913.66 361.06 6913.14 330.40
6940.26 360.62 6939.72 329.92
6966.85 360.18 6966.31 329.44
6993.44 359.74 6992.90 328.96
7020.03 359.30 7019.49 328.48
7046.62 358.86 7046.08 328.01
7073.21 358.42 7072.67 327.53
7099.80 357.97 7099.26 327.05
7126.39 357.53 7125.85 326.57
7152.98 357.09 7152.44 326.10
7179.57 356.65 7179.03 325.62
7206.16 356.21 7205.62 325.14
7232.75 355.77 7232.21 324.67
7259.34 355.33 7258.80 324.19
7285.93 354.89 7285.39 323.71
7312.52 354.45 7311.98 323.23
7339.11 354.00 7338.57 322.76
7365.70 353.56 7365.16 322.28
7392.29 353.12 7391.75 321.81
7418.88 352.68 7418.34 321.33
7445.47 352.24 7444.93 320.85
7472.06 351.80 7471.52 320.38
7498.65 351.35 7498.11 319.90
7525.24 350.91 7524.70 319.42
7551.83 350.47 7551.29 318.95
7578.42 350.03 7577.88 318.47
7605.01 349.58 7604.47 318.00
7631.60 349.14 7631.06 317.52
7658.19 348.70 7657.65 317.05
7684.78 348.26 7684.24 316.57
7711.37 347.81 7710.83 316.10
7737.96 347.37 7737.42 315.62
7764.55 346.93 7764.01 315.14
7791.14 346.48 7790.60 314.67
7817.73 346.04 7817.19 314.19
7844.33 345.60 7843.77 313.72
7870.92 345.15 7870.36 313.25
7897.51 344.71 7896.95 312.77
7924.10 344.27 7923.54 312.30
7950.69 343.82 7950.13 311.82
7977.28 343.38 7976.72 311.35
8003.87 342.94 8003.31 310.87
8030.46 342.49 8029.90 310.40
8057.05 342.05 8056.49 309.92
8083.64 341.60 8083.08 309.45
8110.23 341.16 8109.67 308.98
8136.82 340.71 8136.26 308.50
8163.41 340.27 8162.85 308.03
8190.00 339.83 8189.44 307.56
8216.59 339.38 8216.03 307.08
8243.18 338.94 8242.62 306.61
8269.77 338.49 8269.21 306.13
8296.36 338.05 8295.80 305.66
8322.95 337.60 8322.39 305.19
8349.54 337.16 8348.98 304.72
8376.13 336.71 8375.57 304.24
8402.72 336.27 8402.16 303.77
8429.31 335.82 8428.75 303.30
8455.90 335.38 8455.34 302.82
8482.49 334.93 8481.93 302.35
8509.08 334.48 8508.52 301.88
8535.67 334.04 8535.11 301.41
8562.26 333.59 8561.70 300.93
8588.85 333.15 8588.29 300.46
8615.44 332.70 8614.88 299.99
8642.03 332.26 8641.47 299.52
8668.62 331.81 8668.06 299.04
8695.21 331.36 8694.65 298.57
8721.80 330.92 8721.24 298.10
8748.39 330.47 8747.83 297.63
8774.98 330.02 8774.42 297.16
8801.57 329.58 8801.01 296.69
8828.16 329.13 8827.60 296.21
8854.75 328.68 8854.19 295.74
8881.34 328.24 8880.78 295.27
8907.93 327.79 8907.37 294.80
8934.53 327.34 8933.95 294.33
8961.12 326.90 8960.54 293.86
8987.71 326.45 8987.13 293.39
9014.30 326.00 9013.72 292.91
9040.89 325.56 9040.31 292.44
9067.48 325.11 9066.90 291.97
9094.07 324.66 9093.49 291.50
9120.66 324.21 9120.08 291.03
9147.25 323.77 9146.67 290.56
9173.84 323.32 9173.26 290.09
9200.43 322.87 9199.85 289.62
9227.02 322.42 9226.44 289.15
9253.61 321.97 9253.03 288.68
9280.20 321.53 9279.62 288.21
9306.79 321.08 9306.21 287.74
9333.38 320.63 9332.80 287.27
9359.97 320.18 9359.39 286.80
9386.56 319.73 9385.98 286.33
9413.15 319.29 9412.57 285.86
9439.74 318.84 9439.16 285.39
9466.33 318.39 9465.75 284.92
9492.92 317.94 9492.34 284.45
9519.51 317.49 9518.93 283.98
9546.10 317.04 9545.52 283.51
9572.69 316.59 9572.11 283.04
9599.28 316.15 9598.70 282.57
9625.87 315.70 9625.29 282.10
9652.46 315.25 9651.88 281.63
9679.05 314.80 9678.47 281.17
9705.64 314.35 9705.06 280.70
9732.23 313.90 9731.65 280.23
9758.82 313.45 9758.24 279.76
9785.41 313.00 9784.83 279.29
9812.00 312.55 9811.42 278.82
9838.59 312.10 9838.01 278.35
9865.18 311.65 9864.60 277.88
9891.77 311.20 9891.19 277.42
9918.36 310.75 9917.78 276.95
9944.95 310.30 9944.37 276.48
9971.54 309.85 9970.96 276.01
9998.13 309.40 9997.55 275.54
10024.72 308.95 10024.14 275.08
10051.31 308.50 10050.73 274.61
10077.90 308.05 10077.32 274.14
10104.49 307.60 10103.91 273.67
10131.08 307.15 10130.50 273.20
10157.67 306.70 10157.09 272.74
10184.26 306.25 10183.68 272.27
10210.85 305.80 10210.27 271.80
10237.44 305.35 10236.86 271.33
10264.03 304.90 10263.45 270.87
10290.62 304.45 10290.04 270.40
10317.21 303.99 10316.63 269.93
10343.80 303.54 10343.22 269.47
10370.39 303.09 10369.81 269.00
10396.98 302.64 10396.40 268.53
10423.57 302.19 10422.99 268.06
10450.16 301.74 10449.58 267.60
10476.75 301.29 10476.17 267.13
10503.34 300.84 10502.76 266.66
10529.94 300.38 10529.34 266.20
10556.53 299.93 10555.93 265.73
10583.12 299.48 10582.52 265.27
10609.71 299.03 10609.11 264.80
10636.30 298.58 10635.70 264.33
10662.89 298.12 10662.29 263.87
10689.48 297.67 10688.88 263.40
10716.07 297.22 10715.47 262.93
10742.66 296.77 10742.06 262.47
10769.25 296.32 10768.65 262.00
10795.84 295.86 10795.24 261.54
10822.43 295.41 10821.83 261.07
10849.02 294.96 10848.42 260.61
10875.61 294.51 10875.01 260.14
10902.20 294.05 10901.60 259.67
10928.79 293.60 10928.19 259.21
10955.38 293.15 10954.78 258.74
10981.97 292.69 10981.37 258.28
11008.56 292.24 11007.96 257.81
11035.15 291.79 11034.55 257.35
11061.74 291.34 11061.14 256.88
11088.33 290.88 11087.73 256.42
11114.92 290.43 11114.32 255.95
11141.51 289.98 11140.91 255.49
11168.10 289.52 11167.50 255.02
11194.69 289.07 11194.09 254.56
11221.28 288.62 11220.68 254.09
11247.87 288.16 11247.27 253.63
11274.46 287.71 11273.86 253.16
11301.05 287.25 11300.45 252.70
11327.64 286.80 11327.04 252.24
11354.23 286.35 11353.63 251.77
11380.82 285.89 11380.22 251.31
11407.41 285.44 11406.81 250.84
11434.00 284.98 11433.40 250.38
11460.59 284.53 11459.99 249.91
11487.18 284.08 11486.58 249.45
11513.77 283.62 11513.17 248.99
11540.36 283.17 11539.76 248.52
11566.95 282.71 11566.35 248.06
11593.54 282.26 11592.94 247.60
11620.13 281.80 11619.53 247.13
11646.72 281.35 11646.12 246.67
11673.31 280.89 11672.71 246.21
11699.90 280.44 11699.30 245.74
11726.49 279.98 11725.89 245.28
11753.08 279.53 11752.48 244.82
11779.67 279.07 11779.07 244.35
11806.26 278.62 11805.66 243.89
11832.85 278.16 11832.25 243.43
11859.44 277.71 11858.84 242.96
11886.03 277.25 11885.43 242.50
11912.62 276.80 11912.02 242.04
11939.21 276.34 11938.61 241.58
11965.80 275.89 11965.20 241.11
11992.39 275.43 11991.79 240.65
12018.98 274.98 12018.38 240.19
12045.57 274.52 12044.97 239.73
12072.16 274.06 12071.56 239.26
12098.75 273.61 12098.15 238.80
12125.34 273.15 12124.74 238.34
12151.93 272.70 12151.33 237.88
12178.52 272.24 12177.92 237.41
12205.11 271.78 12204.51 236.95
12231.70 271.33 12231.10 236.49
12258.29 270.87 12257.69 236.03
12284.88 270.42 12284.28 235.57
12311.47 269.96 12310.87 235.10
12338.06 269.50 12337.46 234.64
12364.65 269.05 12364.05 234.18
12391.24 268.59 12390.64 233.72
12417.83 268.13 12417.23 233.26
12444.42 267.68 12443.82 232.80
12471.01 267.22 12470.41 232.34
12497.60 266.76 12497.00 231.87
12524.19 266.30 12523.59 231.41
12550.78 265.85 12550.18 230.95
12577.37 265.39 12576.77 230.49
12603.96 264.93 12603.36 230.03
12630.55 264.48 12629.95 229.57
12657.14 264.02 12656.54 229.11
12683.73 263.56 12683.13 228.65
12710.32 263.10 12709.72 228.19
12736.91 262.65 12736.31 227.73
12763.50 262.19 12762.90 227.27
12790.09 261.73 12789.49 226.81
12816.68 261.27 12816.08 226.35
12843.27 260.81 12842.67 225.89
12869.86 260.36 12869.26 225.42
12896.45 259.90 12895.85 224.96
12923.04 259.44 12922.44 224.50
12949.63 258.98 12949.03 224.04
12976.22 258.52 12975.62 223.58
13002.81 258.07 13002.21 223.12
13029.40 257.61 13028.80 222.66
13055.99 257.15 13055.39 222.21
13082.58 256.69 13081.98 221.75
13109.17 256.23 13108.57 221.29
13135.76 255.77 13135.16 220.83
13162.35 255.32 13161.75 220.37
13188.94 254.86 13188.34 219.91
13215.53 254.40 13214.93 219.45
13242.12 253.94 13241.52 218.99
13268.71 253.48 13268.11 218.53
13295.30 253.02 13294.70 218.07
13321.89 252.56 13321.29 217.61
13348.48 252.10 13347.88 217.15
13375.07 251.64 13374.47 216.69
13401.66 251.18 13401.06 216.23
13428.25 250.72 13427.65 215.78
13454.84 250.26 13454.24 215.32
13481.43 249.81 13480.83 214.86
13508.02 249.35 13507.42 214.40
13534.61 248.89 13534.01 213.94
13561.20 248.43 13560.60 213.48
13587.79 247.97 13587.19 213.02
13614.38 247.51 13613.78 212.57
13640.97 247.05 13640.37 212.11
13667.56 246.59 13666.96 211.65
13694.15 246.13 13693.55 211.19
13720.74 245.67 13720.14 210.73
13747.33 245.21 13746.73 210.28
13773.92 244.75 13773.32 209.82
13800.51 244.29 13799.91 209.36
13827.10 243.82 13826.50 208.90
13853.69 243.36 13853.09 208.45
13880.28 242.90 13879.68 207.99
13906.87 242.44 13906.27 207.53
13933.46 241.98 13932.86 207.07
13960.05 241.52 13959.45 206.62
13986.64 241.06 13986.04 206.16
14013.23 240.60 14012.63 205.70
14039.82 240.14 14039.22 205.24
14066.41 239.68 14065.81 204.79
14093.00 239.22 14092.40 204.33
14119.59 238.76 14118.99 203.87
14146.18 238.29 14145.58 203.42
14172.77 237.83 14172.17 202.96
14199.36 237.37 14198.76 202.50
14225.95 236.91 14225.35 202.05
14252.54 236.45 14251.94 201.59
14279.13 235.99 14278.53 201.13
14305.72 235.52 14305.12 200.68
14332.31 235.06 14331.71 200.22
14358.90 234.60 14358.30 199.76
14385.49 234.14 14384.89 199.31
14412.08 233.68 14411.48 198.85
14438.67 233.21 14438.07 198.39
14465.26 232.75 14464.66 197.94
14491.85 232.29 14491.25 197.48
14518.44 231.83 14517.84 197.03
14545.03 231.37 14544.43 196.57
14571.62 230.90 14571.02 196.11
14598.21 230.44 14597.61 195.66
14624.80 229.98 14624.20 195.20
14651.39 229.52 14650.79 194.75
14677.98 229.05 14677.38 194.29
14704.57 228.59 14703.97 193.84
14731.16 228.13 14730.56 193.38
14757.75 227.66 14757.15 192.93
14784.34 227.20 14783.74 192.47
14810.93 226.74 14810.33 192.02
14837.52 226.28 14836.92 191.56
14864.11 225.81 14863.51 191.11
14890.70 225.35 14890.10 190.65
14917.29 224.89 14916.69 190.20
14943.88 224.42 14943.28 189.74
14970.47 223.96 14969.87 189.29
14997.06 223.50 14996.46 188.83
15023.65 223.03 15023.05 188.38
15050.24 222.57 15049.64 187.92
15076.83 222.10 15076.23 187.47
15103.42 221.64 15102.82 187.01
15130.01 221.18 15129.41 186.56
15156.60 220.71 15156.00 186.11
15183.19 220.25 15182.59 185.65
15209.78 219.78 15209.18 185.20
15236.37 219.32 15235.77 184.74
15262.96 218.86 15262.36 184.29
15289.55 218.39 15288.95 183.84
15316.14 217.93 15315.54 183.38
15342.73 217.46 15342.13 182.93
15369.32 217.00 15368.72 182.48
15395.91 216.53 15395.31 182.02
15422.50 216.07 15421.90 181.57
15449.09 215.60 15448.49 181.12
15475.68 215.14 15475.08 180.66
15502.27 214.67 15501.67 180.21
15528.86 214.21 15528.26 179.76
15555.45 213.74 15554.85 179.30
15582.04 213.28 15581.44 178.85
15608.63 212.81 15608.03 178.40
15635.22 212.35 15634.62 177.94
15661.81 211.88 15661.21 177.49
15688.40 211.42 15687.80 177.04
15714.99 210.95 15714.39 176.59
15741.58 210.49 15740.98 176.13
15768.17 210.02 15767.57 175.68
15794.76 209.55 15794.16 175.23
15821.35 209.09 15820.75 174.78
15847.94 208.62 15847.34 174.32
15874.53 208.16 15873.93 173.87
15901.12 207.69 15900.52 173.42
15927.71 207.22 15927.11 172.97
15954.30 206.76 15953.70 172.51
15980.89 206.29 15980.29 172.06
16007.48 205.83 16006.88 171.61
16034.07 205.36 16033.47 171.16
16060.66 204.89 16060.06 170.71
16087.24 204.43 16086.66 170.26
16113.83 203.96 16113.25 169.80
16140.42 203.49 16139.84 169.35
16167.01 203.03 16166.43 168.90
16193.60 202.56 16193.02 168.45
16220.19 202.09 16219.61 168.00
16246.78 201.63 16246.20 167.55
16273.37 201.16 16272.79 167.10
16299.96 200.69 16299.38 166.65
16326.55 200.22 16325.97 166.19
16353.14 199.76 16352.56 165.74
16379.73 199.29 16379.15 165.29
16406.32 198.82 16405.74 164.84
16432.91 198.35 16432.33 164.39
16459.50 197.89 16458.92 163.94
16486.09 197.42 16485.51 163.49
16512.68 196.95 16512.10 163.04
16539.27 196.48 16538.69 162.59
16565.86 196.02 16565.28 162.14
16592.45 195.55 16591.87 161.69
16619.04 195.08 16618.46 161.24
16645.63 194.61 16645.05 160.79
16672.22 194.14 16671.64 160.34
16698.81 193.67 16698.23 159.89
16725.40 193.21 16724.82 159.44
16751.99 192.74 16751.41 158.99
16778.58 192.27 16778.00 158.54
16805.17 191.80 16804.59 158.09
16831.76 191.33 16831.18 157.64
16858.35 190.86 16857.77 157.19
16884.94 190.39 16884.36 156.74
16911.53 189.93 16910.95 156.29
16938.12 189.46 16937.54 155.84
16964.71 188.99 16964.13 155.39
16991.30 188.52 16990.72 154.95
17017.89 188.05 17017.31 154.50
17044.48 187.58 17043.90 154.05
17071.07 187.11 17070.49 153.60
17097.66 186.64 17097.08 153.15
17124.25 186.17 17123.67 152.70
17150.84 185.70 17150.26 152.25
17177.43 185.23 17176.85 151.81
17204.02 184.76 17203.44 151.36
17230.61 184.29 17230.03 150.91
17257.20 183.82 17256.62 150.46
17283.79 183.35 17283.21 150.01
17310.38 182.88 17309.80 149.56
17336.97 182.41 17336.39 149.12
17363.56 181.94 17362.98 148.67
17390.15 181.47 17389.57 148.22
17416.74 181.00 17416.16 147.77
17443.33 180.53 17442.75 147.32
17469.92 180.06 17469.34 146.88
17496.51 179.59 17495.93 146.43
17523.10 179.12 17522.52 145.98
17549.69 178.65 17549.11 145.54
17576.28 178.18 17575.70 145.09
17602.87 177.71 17602.29 144.64
17629.46 177.23 17628.88 144.19
17656.05 176.76 17655.47 143.75
17682.63 176.29 17682.07 143.30
17709.22 175.82 17708.66 142.85
17735.81 175.35 17735.25 142.41
17762.40 174.88 17761.84 141.96
17788.99 174.41 17788.43 141.51
17815.58 173.93 17815.02 141.07
17842.17 173.46 17841.61 140.62
17868.76 172.99 17868.20 140.17
17895.35 172.52 17894.79 139.73
17921.94 172.05 17921.38 139.28
17948.53 171.57 17947.97 138.84
17975.12 171.10 17974.56 138.39
18001.71 170.63 18001.15 137.94
18028.30 170.16 18027.74 137.50
18054.89 169.69 18054.33 137.05
18081.48 169.21 18080.92 136.61
18108.07 168.74 18107.51 136.16
18134.66 168.27 18134.10 135.72
18161.25 167.79 18160.69 135.27
18187.84 167.32 18187.28 134.82
18214.43 166.85 18213.87 134.38
18241.02 166.38 18240.46 133.93
18267.61 165.90 18267.05 133.49
18294.20 165.43 18293.64 133.04
18320.79 164.96 18320.23 132.60
18347.38 164.48 18346.82 132.15
18373.97 164.01 18373.41 131.71
18400.56 163.54 18400.00 131.27
18427.15 163.06 18426.59 130.82
18453.74 162.59 18453.18 130.38
18480.33 162.11 18479.77 129.93
18506.92 161.64 18506.36 129.49
18533.51 161.17 18532.95 129.04
18560.10 160.69 18559.54 128.60
18586.69 160.22 18586.13 128.16
18613.28 159.74 18612.72 127.71
18639.87 159.27 18639.31 127.27
18666.46 158.79 18665.90 126.82
18693.05 158.32 18692.49 126.38
18719.64 157.85 18719.08 125.94
18746.23 157.37 18745.67 125.49
18772.81 156.90 18772.27 125.05
18799.40 156.42 18798.86 124.61
18825.99 155.95 18825.45 124.16
18852.58 155.47 18852.04 123.72
18879.17 155.00 18878.63 123.28
18905.76 154.52 18905.22 122.83
18932.35 154.05 18931.81 122.39
18958.94 153.57 18958.40 121.95
18985.53 153.09 18984.99 121.51
19012.12 152.62 19011.58 121.06
19038.71 152.14 19038.17 120.62
19065.30 151.67 19064.76 120.18
19091.89 151.19 19091.35 119.74
19118.48 150.71 19117.94 119.30
19145.07 150.24 19144.53 118.85
19171.66 149.76 19171.12 118.41
19198.25 149.29 19197.71 117.97
19224.84 148.81 19224.30 117.53
19251.43 148.33 19250.89 117.09
19278.02 147.86 19277.48 116.64
19304.61 147.38 19304.07 116.20
19331.20 146.90 19330.66 115.76
19357.79 146.43 19357.25 115.32
19384.38 145.95 19383.84 114.88
19410.97 145.47 19410.43 114.44
19437.56 144.99 19437.02 114.00
19464.15 144.52 19463.61 113.56
19490.74 144.04 19490.20 113.12
19517.33 143.56 19516.79 112.68
19543.92 143.08 19543.38 112.23
19570.51 142.61 19569.97 111.79
19597.10 142.13 19596.56 111.35
19623.69 141.65 19623.15 110.91
19650.28 141.17 19649.74 110.47
19676.86 140.69 19676.34 110.03
19703.45 140.22 19702.93 109.59
19730.04 139.74 19729.52 109.15
19756.63 139.26 19756.11 108.71
19783.22 138.78 19782.70 108.27
19809.81 138.30 19809.29 107.84
19836.40 137.82 19835.88 107.40
19862.99 137.34 19862.47 106.96
19889.58 136.87 19889.06 106.52
19916.17 136.39 19915.65 106.08
19942.76 135.91 19942.24 105.64
19969.35 135.43 19968.83 105.20
19995.94 134.95 19995.42 104.76
20022.53 134.47 20022.01 104.32
20049.12 133.99 20048.60 103.88
20075.71 133.51 20075.19 103.45
20102.30 133.03 20101.78 103.01
20128.89 132.55 20128.37 102.57
20155.48 132.07 20154.96 102.13
20182.07 131.59 20181.55 101.69
20208.66 131.11 20208.14 101.26
20235.25 130.63 20234.73 100.82
20261.84 130.15 20261.32 100.38
20288.43 129.67 20287.91 99.94
20315.02 129.19 20314.50 99.51
20341.61 128.71 20341.09 99.07
20368.20 128.22 20367.68 98.63
20394.79 127.74 20394.27 98.19
20421.37 127.26 20420.87 97.76
20447.96 126.78 20447.46 97.32
20474.55 126.30 20474.05 96.88
20501.14 125.82 20500.64 96.45
20527.73 125.34 20527.23 96.01
20554.32 124.85 20553.82 95.57
20580.91 124.37 20580.41 95.14
20607.50 123.89 20607.00 94.70
20634.09 123.41 20633.59 94.27
20660.68 122.93 20660.18 93.83
20687.27 122.44 20686.77 93.39
20713.86 121.96 20713.36 92.96
20740.45 121.48 20739.95 92.52
20767.04 121.00 20766.54 92.09
20793.63 120.51 20793.13 91.65
20820.22 120.03 20819.72 91.22
20846.81 119.55 20846.31 90.78
20873.40 119.06 20872.90 90.35
20899.99 118.58 20899.49 89.91
20926.58 118.10 20926.08 89.48
20953.17 117.61 20952.67 89.04
20979.76 117.13 20979.26 88.61
21006.35 116.65 21005.85 88.17
21032.94 116.16 21032.44 87.74
21059.52 115.68 21059.04 87.31
21086.11 115.19 21085.63 86.87
21112.70 114.71 21112.22 86.44
21139.29 114.22 21138.81 86.00
21165.88 113.74 21165.40 85.57
21192.47 113.25 21191.99 85.14
21219.06 112.77 21218.58 84.70
21245.65 112.28 21245.17 84.27
21272.24 111.80 21271.76 83.84
21298.83 111.31 21298.35 83.41
21325.42 110.83 21324.94 82.97
21352.01 110.34 21351.53 82.54
21378.60 109.86 21378.12 82.11
21405.19 109.37 21404.71 81.68
21431.78 108.88 21431.30 81.24
21458.37 108.40 21457.89 80.81
21484.96 107.91 21484.48 80.38
21511.55 107.43 21511.07 79.95
21538.14 106.94 21537.66 79.52
21564.73 106.45 21564.25 79.09
21591.32 105.97 21590.84 78.65
21617.91 105.48 21617.43 78.22
21644.49 104.99 21644.03 77.79
21671.08 104.50 21670.62 77.36
21697.67 104.02 21697.21 76.93
21724.26 103.53 21723.80 76.50
21750.85 103.04 21750.39 76.07
21777.44 102.55 21776.98 75.64
21804.03 102.06 21803.57 75.21
21830.62 101.58 21830.16 74.78
21857.21 101.09 21856.75 74.35
21883.80 100.60 21883.34 73.92
21910.39 100.11 21909.93 73.49
21936.98 99.62 21936.52 73.06
21963.57 99.13 21963.11 72.63
21990.16 98.64 21989.70 72.20
22016.75 98.15 22016.29 71.77
22043.34 97.66 22042.88 71.35
22069.93 97.17 22069.47 70.92
22096.52 96.68 22096.06 70.49
22123.11 96.19 22122.65 70.06
22149.70 95.70 22149.24 69.63
22176.28 95.21 22175.84 69.21
22202.87 94.72 22202.43 68.78
22229.46 94.23 22229.02 68.35
22256.05 93.74 22255.61 67.92
22282.64 93.25 22282.20 67.50
22309.23 92.76 22308.79 67.07
22335.82 92.27 22335.38 66.64
22362.41 91.78 22361.97 66.22
22389.00 91.28 22388.56 65.79
22415.59 90.79 22415.15 65.36
22442.18 90.30 22441.74 64.94
22468.77 89.81 22468.33 64.51
22495.36 89.32 22494.92 64.09
22521.95 88.82 22521.51 63.66
22548.54 88.33 22548.10 63.23
22575.13 87.84 22574.69 62.81
22601.72 87.34 22601.28 62.38
22628.30 86.85 22627.88 61.96
22654.89 86.36 22654.47 61.54
22681.48 85.86 22681.06 61.11
22708.07 85.37 22707.65 60.69
22734.66 84.87 22734.24 60.26
22761.25 84.38 22760.83 59.84
22787.84 83.89 22787.42 59.42
22814.43 83.39 22814.01 58.99
22841.02 82.90 22840.60 58.57
22867.61 82.40 22867.19 58.15
22894.20 81.91 22893.78 57.72
22920.79 81.41 22920.37 57.30
22947.38 80.91 22946.96 56.88
22973.97 80.42 22973.55 56.46
23000.56 79.92 23000.14 56.03
23027.15 79.42 23026.73 55.61
23053.73 78.93 23053.33 55.19
23080.32 78.43 23079.92 54.77
23106.91 77.93 23106.51 54.35
23133.50 77.44 23133.10 53.93
23160.09 76.94 23159.69 53.51
23186.68 76.44 23186.28 53.09
23213.27 75.94 23212.87 52.67
23239.86 75.44 23239.46 52.25
23266.45 74.95 23266.05 51.83
23293.04 74.45 23292.64 51.41
23319.63 73.95 23319.23 50.99
23346.22 73.45 23345.82 50.57
23372.81 72.95 23372.41 50.15
23399.40 72.45 23399.00 49.73
23425.99 71.95 23425.59 49.32
23452.57 71.45 23452.19 48.90
23479.16 70.95 23478.78 48.48
23505.75 70.45 23505.37 48.06
23532.34 69.95 23531.96 47.65
23558.93 69.44 23558.55 47.23
23585.52 68.94 23585.14 46.81
23612.11 68.44 23611.73 46.40
23638.70 67.94 23638.32 45.98
23665.29 67.44 23664.91 45.57
23691.88 66.93 23691.50 45.15
23718.47 66.43 23718.09 44.73
23745.06 65.93 23744.68 44.32
23771.65 65.42 23771.27 43.91
23798.23 64.92 23797.87 43.49
23824.82 64.42 23824.46 43.08
23851.41 63.91 23851.05 42.66
23878.00 63.41 23877.64 42.25
23904.59 62.90 23904.23 41.84
23931.18 62.39 23930.82 41.42
23957.77 61.89 23957.41 41.01
23984.36 61.38 23984.00 40.60
24010.95 60.88 24010.59 40.19
24037.54 60.37 24037.18 39.78
24064.13 59.86 24063.77 39.37
24090.72 59.35 24090.36 38.96
24117.31 58.85 24116.95 38.55
24143.89 58.34 24143.55 38.14
24170.48 57.83 24170.14 37.73
24197.07 57.32 24196.73 37.32
24223.66 56.81 24223.32 36.91
24250.25 56.30 24249.91 36.50
24276.84 55.79 24276.50 36.09
24303.43 55.28 24303.09 35.68
24330.02 54.77 24329.68 35.28
24356.61 54.26 24356.27 34.87
24383.20 53.75 24382.86 34.46
24409.79 53.24 24409.45 34.06
24436.37 52.72 24436.05 33.65
24462.96 52.21 24462.64 33.25
24489.55 51.70 24489.23 32.84
24516.14 51.18 24515.82 32.44
24542.73 50.67 24542.41 32.03
24569.32 50.15 24569.00 31.63
24595.91 49.64 24595.59 31.23
24622.50 49.12 24622.18 30.82
24649.09 48.61 24648.77 30.42
24675.68 48.09 24675.36 30.02
24702.26 47.57 24701.96 29.62
24728.85 47.05 24728.55 29.22
24755.44 46.54 24755.14 28.82
24782.03 46.02 24781.73 28.42
24808.62 45.50 24808.32 28.02
24835.21 44.98 24834.91 27.62
24861.80 44.46 24861.50 27.23
24888.39 43.94 24888.09 26.83
24914.98 43.42 24914.68 26.43
24941.57 42.89 24941.27 26.04
24968.15 42.37 24967.87 25.64
24994.74 41.85 24994.46 25.25
25021.33 41.32 25021.05 24.85
25047.92 40.80 25047.64 24.46
25074.51 40.27 25074.23 24.07
25101.10 39.75 25100.82 23.67
25127.69 39.22 25127.41 23.28
25154.28 38.69 25154.00 22.89
25180.87 38.16 25180.59 22.50
25207.45 37.63 25207.19 22.11
25234.04 37.10 25233.78 21.73
25260.63 36.57 25260.37 21.34
25287.22 36.04 25286.96 20.95
25313.81 35.51 25313.55 20.57
25340.40 34.97 25340.14 20.18
25366.99 34.44 25366.73 19.80
25393.58 33.91 25393.32 19.41
25420.16 33.37 25419.92 19.03
25446.75 32.83 25446.51 18.65
25473.34 32.29 25473.10 18.27
25499.93 31.75 25499.69 17.89
25526.52 31.21 25526.28 17.52
25553.11 30.67 25552.87 17.14
25579.70 30.13 25579.46 16.76
25606.28 29.58 25606.06 16.39
25632.87 29.04 25632.65 16.02
25659.46 28.49 25659.24 15.65
25686.05 27.94 25685.83 15.28
25712.64 27.39 25712.42 14.91
25739.23 26.84 25739.01 14.54
25765.81 26.29 25765.61 14.18
25792.40 25.74 25792.20 13.81
25818.99 25.18 25818.79 13.45
25845.58 24.62 25845.38 13.09
25872.17 24.06 25871.97 12.73
25898.76 23.50 25898.56 12.38
25925.34 22.93 25925.16 12.02
25951.93 22.37 25951.75 11.67
25978.52 21.80 25978.34 11.32
26005.11 21.23 26004.93 10.97
26031.70 20.65 26031.52 10.63
26058.28 20.08 26058.12 10.29
26084.87 19.50 26084.71 9.95
26111.46 18.91 26111.30 9.62
26138.05 18.32 26137.89 9.29
26164.64 17.73 26164.48 8.96
26191.22 17.14 26191.08 8.64
26217.81 16.53 26217.67 8.32
26244.40 15.93 26244.26 8.01
26270.99 15.32 26270.85 7.70
26297.57 14.70 26297.45 7.41
26324.16 14.07 26324.04 7.11
26350.75 13.43 26350.63 6.83
26377.33 12.79 26377.23 6.56
26403.92 12.13 26403.82 6.30
26430.51 11.45 26430.41 6.06
26457.09 10.76 26457.01 5.83
26483.68 10.04 26483.60 5.63
26510.26 9.29 26510.20 5.47
26536.85 8.48 26536.79 5.36
26563.43 7.56 26563.39 5.36
26590.00 6.00 26590.00 6.00
