0.00 379.19
10.00 378.11
20.00 376.33
30.00 374.04
40.00 372.96
50.00 372.38
60.00 371.79
70.00 371.31
80.00 370.73
90.00 370.15
100.00 369.66
110.00 369.08
120.00 369.10
130.00 368.51
140.00 367.93
150.00 371.49
160.00 370.31
170.00 372.62
180.00 375.54
190.00 376.16
200.00 374.97
210.00 373.89
220.00 372.71
230.00 371.62
240.00 369.94
250.00 364.76
260.00 358.48
270.00 353.29
280.00 350.51
290.00 355.67
300.00 353.38
310.00 352.90
320.00 352.32
330.00 351.73
340.00 350.05
350.00 344.37
360.00 341.48
370.00 339.20
380.00 336.32
390.00 331.73
400.00 327.75
410.00 324.97
420.00 322.08
430.00 326.14
440.00 324.46
450.00 320.97
460.00 319.29
470.00 318.71
480.00 317.02
490.00 313.64
500.00 308.46
510.00 303.37
520.00 298.79
530.00 294.20
540.00 287.92
550.00 282.24
560.00 274.15
570.00 263.87
580.00 262.23
590.00 257.04
600.00 253.66
610.00 254.78
620.00 257.09
630.00 253.11
640.00 248.52
650.00 242.24
660.00 235.96
670.00 228.57
680.00 221.09
690.00 215.41
700.00 213.12
710.00 219.44
720.00 228.69
730.00 226.41
740.00 224.73
750.00 227.04
760.00 228.76
770.00 228.77
780.00 228.19
790.00 227.61
800.00 227.62
810.00 227.64
820.00 228.85
830.00 229.37
840.00 229.39
850.00 228.90
860.00 234.66
870.00 232.37
880.00 230.09
890.00 233.01
900.00 230.72
910.00 228.44
920.00 228.45
930.00 229.57
940.00 231.89
950.00 233.10
960.00 233.12
970.00 230.23
980.00 226.85
990.00 221.06
1000.00 221.08
1010.00 222.24
1020.00 214.75
1030.00 207.77
1040.00 202.58
1050.00 198.00
1060.00 193.91
1070.00 191.03
1080.00 185.85
1090.00 185.86
1100.00 191.08
1110.00 200.39
1120.00 206.21
1130.00 208.52
1140.00 208.54
1150.00 212.69
1160.00 212.71
1170.00 215.02
1180.00 219.04
1190.00 220.86
1200.00 216.17
1210.00 211.59
1220.00 211.59
1230.00 211.60
1240.00 212.22
1250.00 211.63
1260.00 211.05
1270.00 211.66
1280.00 213.98
1290.00 215.79
1300.00 221.65
1310.00 219.26
1320.00 222.18
1330.00 226.89
1340.00 233.21
1350.00 236.12
1360.00 238.44
1370.00 240.26
1380.00 242.57
1390.00 244.89
1400.00 247.80
1410.00 250.72
1420.00 253.03
1430.00 255.35
1440.00 259.50
1450.00 264.12
1460.00 265.33
1470.00 265.95
1480.00 272.26
1490.00 276.38
1500.00 276.99
1510.00 273.51
1520.00 272.92
1530.00 273.54
1540.00 272.95
1550.00 270.06
1560.00 265.48
1570.00 259.69
1580.00 255.65
1590.00 256.86
1600.00 255.68
1610.00 253.39
1620.00 249.91
1630.00 244.72
1640.00 238.44
1650.00 232.65
1660.00 226.87
1670.00 215.88
1680.00 207.80
1690.00 202.01
1700.00 197.93
1710.00 192.74
1720.00 189.85
1730.00 198.61
1740.00 203.22
1750.00 204.44
1760.00 203.25
1770.00 198.07
1780.00 194.68
1790.00 190.60
1800.00 187.71
1810.00 187.73
1820.00 189.44
1830.00 189.45
1840.00 189.47
1850.00 189.48
1860.00 184.90
1870.00 188.45
1880.00 193.07
1890.00 201.78
1900.00 206.99
1910.00 205.91
1920.00 203.02
1930.00 201.84
1940.00 201.85
1950.00 207.07
1960.00 206.48
1970.00 205.39
1980.00 200.71
1990.00 200.72
2000.00 198.44
2010.00 201.39
2020.00 201.41
2030.00 201.42
2040.00 201.43
2050.00 201.45
2060.00 202.66
2070.00 206.18
2080.00 209.59
2090.00 213.70
2100.00 218.92
2110.00 220.63
2120.00 220.15
2130.00 214.36
2140.00 207.37
2150.00 201.59
2160.00 201.64
2170.00 195.86
2180.00 191.87
2190.00 187.18
2200.00 180.30
2210.00 175.71
2220.00 168.12
2230.00 160.04
2240.00 154.85
2250.00 152.57
2260.00 149.08
2270.00 146.19
2280.00 142.81
2290.00 139.32
2300.00 139.97
2310.00 137.09
2320.00 135.90
2330.00 134.81
2340.00 132.43
2350.00 132.44
2360.00 133.66
2370.00 137.17
2380.00 140.08
2390.00 140.10
2400.00 136.01
2410.00 127.92
2420.00 126.24
2430.00 125.65
2440.00 125.06
2450.00 129.72
2460.00 129.23
2470.00 126.84
2480.00 127.46
2490.00 128.07
2500.00 125.78
2510.00 118.30
2520.00 111.91
2530.00 109.62
2540.00 110.74
2550.00 111.35
2560.00 110.76
2570.00 110.78
2580.00 109.69
2590.00 110.84
2600.00 109.16
2610.00 106.87
2620.00 105.08
2630.00 102.80
2640.00 101.71
2650.00 101.12
2660.00 101.14
2670.00 101.75
2680.00 102.26
2690.00 102.28
2700.00 102.89
2710.00 106.40
2720.00 109.91
2730.00 108.77
2740.00 108.78
2750.00 108.79
2760.00 110.01
2770.00 105.32
2780.00 98.43
2790.00 97.84
2800.00 98.46
2810.00 98.47
2820.00 100.78
2830.00 95.60
2840.00 92.71
2850.00 92.72
2860.00 94.43
2870.00 95.05
2880.00 100.30
2890.00 101.51
2900.00 100.93
2910.00 96.34
2920.00 92.25
2930.00 90.56
2940.00 91.18
2950.00 91.19
2960.00 91.70
2970.00 92.31
2980.00 91.23
2990.00 91.24
3000.00 91.25
3010.00 88.86
3020.00 88.42
3030.00 86.63
3040.00 83.74
3050.00 80.85
3060.00 81.47
3070.00 79.18
3080.00 79.19
3090.00 79.20
3100.00 79.22
3110.00 79.23
3120.00 79.24
3130.00 79.25
3140.00 79.27
3150.00 79.28
3160.00 79.33
3170.00 81.04
3180.00 81.66
3190.00 81.67
3200.00 85.78
3210.00 92.09
3220.00 95.60
3230.00 99.12
3240.00 101.43
3250.00 101.44
3260.00 104.35
3270.00 107.27
3280.00 108.98
3290.00 110.79
3300.00 112.50
3310.00 117.15
3320.00 118.37
3330.00 117.78
3340.00 116.69
3350.00 114.90
3360.00 113.21
3370.00 110.93
3380.00 112.04
3390.00 112.05
3400.00 112.06
3410.00 109.77
3420.00 109.79
3430.00 109.80
3440.00 109.81
3450.00 114.46
3460.00 115.67
3470.00 119.18
3480.00 123.80
3490.00 125.01
3500.00 123.22
3510.00 123.23
3520.00 125.64
3530.00 125.06
3540.00 122.77
3550.00 121.58
3560.00 120.39
3570.00 121.00
3580.00 121.61
3590.00 123.33
3600.00 129.78
3610.00 133.29
3620.00 134.40
3630.00 132.11
3640.00 130.42
3650.00 129.24
3660.00 126.95
3670.00 122.96
3680.00 118.27
3690.00 114.78
3700.00 112.49
3710.00 112.50
3720.00 112.52
3730.00 112.53
3740.00 112.58
3750.00 111.49
3760.00 109.70
3770.00 106.81
3780.00 104.52
3790.00 99.93
3800.00 94.75
3810.00 91.26
3820.00 89.57
3830.00 87.28
3840.00 86.09
3850.00 85.50
3860.00 83.81
3870.00 82.63
3880.00 81.58
3890.00 82.69
3900.00 80.40
3910.00 80.41
3920.00 80.42
3930.00 80.43
3940.00 80.44
3950.00 80.45
3960.00 80.47
3970.00 80.48
3980.00 80.49
3990.00 80.50
4000.00 80.51
4010.00 80.52
4020.00 80.53
4030.00 80.58
4040.00 80.59
4050.00 80.60
4060.00 80.61
4070.00 80.63
4080.00 80.64
4090.00 80.65
4100.00 80.66
4110.00 80.67
4120.00 80.68
4130.00 80.69
4140.00 80.70
4150.00 80.71
4160.00 80.72
4170.00 80.77
4180.00 80.78
4190.00 80.79
4200.00 80.81
4210.00 80.82
4220.00 80.83
4230.00 80.84
4240.00 80.85
4250.00 80.86
4260.00 80.87
4270.00 80.88
4280.00 80.89
4290.00 80.90
4300.00 80.91
4310.00 80.96
4320.00 80.97
4330.00 80.98
4340.00 80.99
4350.00 81.00
4360.00 81.01
4370.00 81.02
4380.00 81.04
4390.00 81.05
4400.00 81.06
4410.00 81.07
4420.00 81.08
4430.00 81.09
4440.00 81.10
4450.00 81.11
4460.00 81.16
4470.00 81.17
4480.00 81.18
4490.00 81.19
4500.00 81.20
4510.00 81.21
4520.00 81.22
4530.00 81.23
4540.00 81.24
4550.00 81.25
4560.00 81.26
4570.00 81.27
4580.00 81.28
4590.00 81.29
4600.00 81.34
4610.00 81.35
4620.00 81.36
4630.00 81.37
4640.00 81.38
4650.00 81.39
4660.00 81.40
4670.00 81.41
4680.00 81.42
4690.00 81.43
4700.00 81.44
4710.00 81.45
4720.00 81.46
4730.00 81.47
4740.00 81.48
4750.00 81.53
4760.00 81.54
4770.00 81.55
4780.00 81.56
4790.00 81.57
4800.00 81.58
4810.00 81.59
4820.00 81.60
4830.00 81.61
4840.00 81.62
4850.00 81.63
4860.00 81.64
4870.00 81.65
4880.00 81.65
4890.00 81.70
4900.00 81.71
4910.00 81.72
4920.00 81.73
4930.00 81.74
4940.00 81.75
4950.00 81.76
4960.00 81.77
4970.00 81.78
4980.00 81.79
4990.00 81.80
5000.00 81.81
5010.00 81.82
5020.00 81.83
5030.00 81.88
5040.00 81.89
5050.00 81.90
5060.00 81.90
5070.00 81.91
5080.00 81.92
5090.00 81.93
5100.00 81.94
5110.00 81.95
5120.00 81.96
5130.00 81.97
5140.00 81.98
5150.00 81.99
5160.00 82.00
5170.00 82.01
5180.00 82.06
5190.00 82.06
5200.00 82.07
5210.00 82.08
5220.00 82.09
5230.00 82.10
5240.00 82.11
5250.00 82.12
5260.00 82.13
5270.00 82.14
5280.00 82.15
5290.00 82.15
5300.00 82.16
5310.00 82.17
5320.00 82.22
5330.00 82.23
5340.00 82.23
5350.00 82.24
5360.00 82.25
5370.00 82.26
5380.00 82.27
5390.00 82.27
5400.00 82.28
5410.00 82.29
5420.00 82.30
5430.00 82.31
5440.00 82.32
5450.00 82.33
5460.00 82.38
5470.00 82.38
5480.00 82.39
5490.00 82.40
5500.00 82.41
5510.00 82.42
5520.00 82.43
5530.00 82.44
5540.00 82.45
5550.00 82.45
5560.00 82.46
5570.00 82.47
5580.00 82.48
5590.00 82.49
5600.00 82.50
5610.00 82.54
5620.00 82.55
5630.00 82.56
5640.00 82.57
5650.00 82.58
5660.00 82.59
5670.00 82.60
5680.00 82.60
5690.00 82.61
5700.00 82.62
5710.00 82.63
5720.00 82.64
5730.00 82.65
5740.00 82.65
5750.00 82.70
5760.00 82.71
5770.00 82.72
5780.00 82.73
5790.00 82.73
5800.00 82.74
5810.00 82.75
5820.00 82.76
5830.00 82.77
5840.00 82.78
5850.00 82.78
5860.00 82.79
5870.00 82.80
5880.00 82.81
5890.00 82.82
5900.00 82.86
5910.00 82.87
5920.00 82.88
5930.00 82.89
5940.00 82.90
5950.00 82.90
5960.00 82.91
5970.00 82.92
5980.00 82.93
5990.00 82.93
6000.00 82.94
6010.00 82.95
6020.00 82.96
6030.00 81.67
6040.00 81.71
6050.00 81.72
6060.00 81.73
6070.00 81.74
6080.00 81.74
6090.00 81.75
6100.00 81.76
6110.00 81.77
6120.00 81.78
6130.00 81.78
6140.00 81.79
6150.00 81.80
6160.00 81.81
6170.00 81.81
6180.00 81.86
6190.00 81.87
6200.00 81.88
6210.00 81.88
6220.00 81.89
6230.00 81.90
6240.00 81.91
6250.00 81.91
6260.00 81.92
6270.00 81.93
6280.00 81.94
6290.00 82.54
6300.00 83.15
6310.00 83.16
6320.00 86.07
6330.00 83.21
6340.00 83.22
6350.00 83.23
6360.00 83.23
6370.00 83.24
6380.00 83.25
6390.00 83.26
6400.00 83.26
6410.00 83.27
6420.00 83.28
6430.00 83.29
6440.00 83.29
6450.00 83.30
6460.00 83.31
6470.00 83.35
6480.00 83.36
6490.00 84.47
6500.00 85.07
6510.00 86.28
6520.00 87.39
6530.00 88.60
6540.00 87.40
6550.00 85.71
6560.00 85.72
6570.00 85.12
6580.00 85.73
6590.00 86.34
6600.00 88.05
6610.00 85.19
6620.00 85.80
6630.00 84.61
6640.00 84.61
6650.00 85.22
6660.00 86.93
6670.00 88.73
6680.00 88.74
6690.00 88.15
6700.00 87.55
6710.00 89.36
6720.00 92.77
6730.00 95.17
6740.00 96.88
6750.00 95.19
6760.00 92.33
6770.00 93.44
6780.00 92.85
6790.00 93.45
6800.00 95.76
6810.00 98.67
6820.00 101.57
6830.00 105.68
6840.00 112.09
6850.00 113.19
6860.00 112.10
6870.00 110.31
6880.00 106.91
6890.00 101.62
6900.00 91.86
6910.00 86.67
6920.00 83.78
6930.00 83.78
6940.00 82.59
6950.00 82.60
6960.00 82.60
6970.00 82.61
6980.00 82.62
6990.00 82.62
7000.00 82.63
7010.00 82.63
7020.00 82.64
7030.00 83.25
7040.00 83.85
7050.00 83.90
7060.00 83.91
7070.00 86.21
7080.00 85.62
7090.00 87.32
7100.00 89.73
7110.00 93.14
7120.00 95.54
7130.00 98.45
7140.00 101.85
7150.00 105.36
7160.00 110.57
7170.00 115.77
7180.00 122.18
7190.00 126.32
7200.00 128.63
7210.00 130.34
7220.00 133.84
7230.00 138.45
7240.00 143.15
7250.00 147.16
7260.00 151.87
7270.00 157.67
7280.00 165.18
7290.00 166.28
7300.00 167.49
7310.00 167.50
7320.00 166.30
7330.00 162.95
7340.00 162.95
7350.00 164.06
7360.00 164.66
7370.00 161.17
7380.00 156.57
7390.00 155.98
7400.00 158.29
7410.00 159.49
7420.00 158.90
7430.00 158.30
7440.00 157.81
7450.00 155.41
7460.00 149.12
7470.00 143.93
7480.00 134.07
7490.00 129.48
7500.00 126.58
7510.00 123.69
7520.00 122.49
7530.00 124.30
7540.00 123.10
7550.00 122.51
7560.00 120.21
7570.00 117.92
7580.00 114.43
7590.00 114.43
7600.00 113.24
7610.00 113.24
7620.00 114.49
7630.00 114.49
7640.00 114.50
7650.00 114.50
7660.00 114.51
7670.00 114.51
7680.00 116.82
7690.00 116.82
7700.00 116.83
7710.00 116.83
7720.00 116.84
7730.00 116.84
7740.00 114.55
7750.00 112.85
7760.00 110.00
7770.00 106.50
7780.00 101.91
7790.00 96.61
7800.00 91.42
7810.00 85.62
7820.00 84.53
7830.00 81.03
7840.00 75.84
7850.00 73.54
7860.00 73.55
7870.00 74.65
7880.00 75.86
7890.00 76.96
7900.00 78.77
7910.00 83.41
7920.00 85.22
7930.00 86.32
7940.00 86.93
7950.00 86.93
7960.00 88.04
7970.00 90.44
7980.00 93.85
7990.00 94.45
8000.00 94.46
8010.00 93.86
8020.00 93.87
8030.00 94.47
8040.00 94.48
8050.00 95.72
8060.00 95.72
8070.00 96.83
8080.00 96.33
8090.00 96.34
8100.00 96.84
8110.00 96.35
8120.00 96.85
8130.00 91.16
8140.00 86.46
8150.00 87.66
8160.00 88.17
8170.00 90.57
8180.00 95.18
8190.00 97.48
8200.00 103.93
8210.00 108.03
8220.00 116.14
8230.00 118.44
8240.00 114.34
8250.00 108.05
8260.00 104.55
8270.00 103.96
8280.00 102.76
8290.00 103.97
8300.00 107.47
8310.00 112.07
8320.00 117.28
8330.00 116.18
8340.00 115.03
8350.00 115.03
8360.00 115.03
8370.00 116.24
8380.00 115.04
8390.00 112.75
8400.00 110.45
8410.00 111.56
8420.00 112.76
8430.00 114.46
8440.00 115.07
8450.00 117.37
8460.00 117.38
8470.00 117.38
8480.00 117.42
8490.00 117.43
8500.00 117.43
8510.00 116.83
8520.00 117.44
8530.00 116.34
8540.00 114.55
8550.00 112.25
8560.00 109.35
8570.00 105.86
8580.00 100.66
8590.00 93.17
8600.00 89.67
8610.00 85.07
8620.00 79.28
8630.00 70.02
8640.00 62.52
8650.00 59.63
8660.00 58.43
8670.00 58.43
8680.00 59.04
8690.00 59.04
8700.00 58.45
8710.00 57.35
8720.00 56.15
8730.00 55.06
8740.00 55.06
8750.00 55.06
8760.00 55.07
8770.00 56.21
8780.00 56.81
8790.00 57.92
8800.00 58.52
8810.00 60.32
8820.00 61.43
8830.00 62.03
8840.00 63.73
8850.00 65.54
8860.00 66.14
8870.00 67.24
8880.00 67.25
8890.00 67.25
8900.00 67.25
8910.00 67.30
8920.00 65.00
8930.00 63.80
8940.00 62.11
8950.00 60.41
8960.00 58.01
8970.00 56.92
8980.00 55.22
8990.00 55.22
9000.00 55.23
9010.00 55.23
9020.00 55.23
9030.00 55.24
9040.00 55.24
9050.00 55.24
9060.00 55.28
9070.00 55.29
9080.00 55.29
9090.00 56.39
9100.00 59.30
9110.00 62.80
9120.00 66.80
9130.00 71.51
9140.00 76.71
9150.00 81.91
9160.00 86.01
9170.00 89.42
9180.00 92.32
9190.00 95.22
9200.00 98.16
9210.00 99.97
9220.00 101.07
9230.00 102.87
9240.00 105.78
9250.00 109.18
9260.00 112.08
9270.00 113.88
9280.00 114.39
9290.00 115.59
9300.00 117.89
9310.00 117.90
9320.00 117.90
9330.00 117.90
9340.00 117.90
9350.00 115.65
9360.00 114.45
9370.00 110.45
9380.00 111.55
9390.00 114.46
9400.00 119.16
9410.00 125.56
9420.00 127.86
9430.00 127.87
9440.00 127.87
9450.00 119.77
9460.00 113.37
9470.00 113.37
9480.00 107.58
9490.00 104.12
9500.00 96.02
9510.00 90.22
9520.00 86.72
9530.00 87.93
9540.00 87.93
9550.00 87.93
9560.00 87.93
9570.00 85.64
9580.00 85.04
9590.00 82.14
9600.00 79.84
9610.00 78.64
9620.00 83.35
9630.00 88.59
9640.00 91.49
9650.00 93.79
9660.00 96.69
9670.00 101.90
9680.00 107.70
9690.00 113.50
9700.00 115.80
9710.00 118.11
9720.00 118.71
9730.00 119.31
9740.00 118.11
9750.00 118.11
9760.00 114.62
9770.00 111.72
9780.00 109.46
9790.00 107.76
9800.00 102.56
9810.00 94.96
9820.00 86.87
9830.00 80.57
9840.00 74.77
9850.00 68.97
9860.00 64.27
9870.00 62.58
9880.00 63.78
9890.00 66.08
9900.00 66.68
9910.00 69.58
9920.00 78.22
9930.00 78.83
9940.00 72.43
9950.00 63.23
9960.00 56.83
9970.00 54.53
9980.00 53.33
9990.00 52.24
10000.00 51.64
10010.00 51.04
10020.00 51.04
10030.00 51.04
10040.00 51.04
10050.00 52.25
10060.00 53.99
10070.00 54.59
10080.00 55.79
10090.00 55.79
10100.00 55.79
10110.00 54.59
10120.00 53.99
10130.00 52.90
10140.00 51.70
10150.00 51.10
10160.00 50.00
10170.00 50.50
10180.00 50.50
10190.00 52.90
10200.00 52.91
10210.00 55.85
10220.00 56.95
10230.00 58.15
10240.00 59.25
10250.00 60.45
10260.00 61.55
10270.00 62.15
10280.00 64.45
10290.00 67.96
10300.00 73.16
10310.00 78.36
10320.00 81.86
10330.00 84.76
10340.00 88.26
10350.00 95.20
10360.00 86.00
10370.00 79.60
10380.00 72.60
10390.00 69.81
10400.00 69.81
10410.00 73.21
10420.00 76.71
10430.00 81.91
10440.00 88.31
10450.00 88.31
10460.00 88.31
10470.00 85.41
10480.00 81.91
10490.00 79.61
10500.00 77.35
10510.00 73.26
10520.00 69.86
10530.00 66.96
10540.00 63.46
10550.00 59.36
10560.00 55.36
10570.00 55.96
10580.00 55.36
10590.00 55.36
10600.00 55.96
10610.00 58.26
10620.00 59.96
10630.00 64.56
10640.00 68.10
10650.00 69.30
10660.00 68.70
10670.00 64.11
10680.00 63.51
10690.00 66.41
10700.00 72.21
10710.00 77.41
10720.00 78.51
10730.00 79.11
10740.00 78.51
10750.00 77.41
10760.00 73.91
10770.00 69.91
10780.00 71.65
10790.00 72.25
10800.00 72.25
10810.00 71.65
10820.00 69.35
10830.00 67.05
10840.00 65.85
10850.00 65.85
10860.00 69.35
10870.00 72.75
10880.00 76.25
10890.00 80.35
10900.00 84.95
10910.00 90.15
10920.00 97.75
10930.00 104.69
10940.00 108.19
10950.00 106.99
10960.00 108.19
10970.00 109.39
10980.00 110.49
10990.00 113.39
11000.00 113.99
11010.00 115.69
11020.00 115.79
11030.00 115.79
11040.00 116.09
11050.00 116.39
11060.00 116.39
11070.00 116.43
11080.00 116.43
11090.00 116.43
11100.00 116.43
11110.00 116.43
11120.00 118.23
11130.00 117.33
11140.00 113.23
11150.00 109.13
11160.00 104.63
11170.00 99.63
11180.00 95.53
11190.00 95.53
11200.00 95.53
11210.00 95.57
11220.00 95.57
11230.00 95.17
11240.00 96.07
11250.00 96.47
11260.00 96.97
11270.00 96.97
11280.00 96.97
11290.00 97.37
11300.00 98.37
11310.00 98.37
11320.00 98.36
11330.00 98.36
11340.00 98.36
11350.00 98.36
11360.00 98.40
11370.00 97.00
11380.00 96.10
11390.00 94.70
11400.00 92.90
11410.00 91.10
11420.00 89.30
11430.00 87.90
11440.00 87.50
11450.00 87.50
11460.00 86.60
11470.00 86.60
11480.00 86.59
11490.00 86.59
11500.00 87.53
11510.00 90.23
11520.00 94.33
11530.00 97.93
11540.00 105.63
11550.00 109.23
11560.00 112.03
11570.00 114.73
11580.00 117.83
11590.00 121.02
11600.00 124.22
11610.00 127.42
11620.00 133.32
11630.00 139.62
11640.00 145.02
11650.00 147.86
11660.00 151.86
11670.00 155.06
11680.00 157.75
11690.00 160.05
11700.00 161.45
11710.00 163.25
11720.00 165.55
11730.00 166.45
11740.00 168.25
11750.00 173.65
11760.00 177.75
11770.00 180.95
11780.00 184.54
11790.00 185.98
11800.00 189.08
11810.00 191.78
11820.00 193.58
11830.00 196.38
11840.00 199.98
11850.00 204.07
11860.00 207.67
11870.00 208.57
11880.00 210.87
11890.00 214.97
11900.00 218.07
11910.00 221.27
11920.00 223.56
11930.00 221.80
11940.00 221.80
11950.00 222.70
11960.00 224.00
11970.00 224.90
11980.00 224.90
11990.00 224.89
12000.00 224.89
12010.00 225.79
12020.00 226.79
12030.00 228.99
12040.00 230.79
12050.00 231.68
12060.00 230.78
12070.00 230.38
12080.00 228.12
12090.00 227.62
12100.00 226.81
12110.00 226.31
12120.00 225.41
12130.00 225.41
12140.00 225.41
12150.00 225.41
12160.00 225.40
12170.00 225.40
12180.00 228.10
12190.00 235.80
12200.00 240.80
12210.00 245.80
12220.00 246.73
12230.00 249.93
12240.00 251.73
12250.00 253.03
12260.00 254.42
12270.00 255.82
12280.00 257.62
12290.00 260.82
12300.00 264.42
12310.00 267.61
12320.00 268.91
12330.00 268.01
12340.00 267.61
12350.00 267.61
12360.00 263.54
12370.00 264.44
12380.00 264.84
12390.00 263.94
12400.00 260.34
12410.00 257.63
12420.00 257.63
12430.00 258.03
12440.00 257.63
12450.00 259.42
12460.00 264.42
12470.00 266.62
12480.00 268.52
12490.00 271.62
12500.00 277.51
12510.00 278.45
12520.00 283.95
12530.00 287.54
12540.00 290.74
12550.00 293.84
12560.00 292.94
12570.00 289.83
12580.00 284.83
12590.00 283.03
12600.00 280.23
12610.00 276.23
12620.00 273.02
12630.00 270.32
12640.00 268.52
12650.00 261.75
12660.00 259.45
12670.00 255.85
12680.00 253.05
12690.00 250.84
12700.00 249.04
12710.00 247.64
12720.00 247.64
12730.00 247.63
12740.00 248.13
12750.00 251.23
12760.00 254.03
12770.00 256.72
12780.00 256.72
12790.00 255.82
12800.00 244.45
12810.00 244.05
12820.00 242.65
12830.00 240.84
12840.00 239.04
12850.00 239.04
12860.00 241.34
12870.00 241.73
12880.00 242.23
12890.00 242.23
12900.00 241.72
12910.00 241.72
12920.00 241.72
12930.00 242.62
12940.00 238.15
12950.00 239.05
12960.00 240.85
12970.00 244.04
12980.00 245.34
12990.00 244.94
13000.00 245.83
13010.00 249.93
13020.00 250.83
13030.00 249.92
13040.00 251.22
13050.00 252.62
13060.00 251.71
13070.00 250.31
13080.00 242.65
13090.00 242.24
13100.00 239.44
13110.00 236.74
13120.00 233.63
13130.00 228.63
13140.00 226.83
13150.00 227.62
13160.00 229.52
13170.00 229.52
13180.00 227.61
13190.00 225.41
13200.00 222.71
13210.00 220.00
13220.00 218.60
13230.00 215.43
13240.00 214.13
13250.00 213.63
13260.00 213.62
13270.00 212.72
13280.00 212.72
13290.00 212.71
13300.00 212.71
13310.00 211.81
13320.00 210.90
13330.00 209.50
13340.00 208.60
13350.00 207.69
13360.00 207.69
13370.00 204.52
13380.00 205.42
13390.00 206.42
13400.00 206.81
13410.00 206.81
13420.00 208.21
13430.00 208.20
13440.00 209.50
13450.00 209.99
13460.00 209.09
13470.00 208.59
13480.00 208.58
13490.00 206.78
13500.00 205.87
13510.00 202.31
13520.00 200.91
13530.00 200.50
13540.00 200.50
13550.00 199.99
13560.00 199.59
13570.00 198.59
13580.00 197.68
13590.00 196.38
13600.00 196.38
13610.00 195.47
13620.00 194.07
13630.00 193.17
13640.00 192.76
13650.00 192.26
13660.00 189.59
13670.00 187.79
13680.00 183.68
13690.00 180.08
13700.00 177.28
13710.00 175.47
13720.00 174.17
13730.00 172.36
13740.00 171.86
13750.00 171.85
13760.00 172.35
13770.00 172.35
13780.00 172.34
13790.00 170.94
13800.00 166.87
13810.00 165.57
13820.00 165.96
13830.00 165.06
13840.00 164.15
13850.00 163.25
13860.00 162.35
13870.00 161.44
13880.00 160.54
13890.00 158.23
13900.00 157.73
13910.00 156.82
13920.00 155.52
13930.00 153.21
13940.00 150.91
13950.00 147.34
13960.00 146.94
13970.00 146.03
13980.00 144.13
13990.00 141.03
14000.00 140.52
14010.00 140.12
14020.00 139.21
14030.00 137.81
14040.00 136.40
14050.00 136.40
14060.00 136.39
14070.00 136.39
14080.00 137.28
14090.00 137.32
14100.00 137.31
14110.00 139.21
14120.00 141.40
14130.00 144.60
14140.00 147.29
14150.00 147.29
14160.00 147.28
14170.00 147.28
14180.00 144.57
14190.00 143.17
14200.00 140.96
14210.00 137.76
14220.00 135.05
14230.00 125.99
14240.00 121.88
14250.00 119.68
14260.00 118.27
14270.00 121.47
14280.00 122.36
14290.00 123.26
14300.00 125.95
14310.00 128.25
14320.00 128.24
14330.00 128.24
14340.00 125.93
14350.00 123.63
14360.00 120.02
14370.00 115.92
14380.00 107.85
14390.00 98.74
14400.00 92.44
14410.00 85.13
14420.00 76.03
14430.00 71.12
14440.00 68.32
14450.00 64.31
14460.00 58.41
14470.00 55.20
14480.00 52.90
14490.00 50.19
14500.00 50.18
14510.00 48.38
14520.00 47.31
14530.00 47.31
14540.00 47.30
14550.00 47.30
14560.00 47.29
14570.00 47.28
14580.00 47.28
14590.00 47.27
14600.00 47.27
14610.00 47.26
14620.00 47.26
14630.00 47.25
14640.00 47.25
14650.00 47.24
14660.00 47.27
14670.00 47.27
14680.00 47.26
14690.00 47.26
14700.00 47.25
14710.00 47.24
14720.00 47.24
14730.00 47.23
14740.00 47.23
14750.00 47.22
14760.00 47.22
14770.00 47.21
14780.00 47.20
14790.00 47.20
14800.00 47.19
14810.00 47.22
14820.00 47.22
14830.00 47.21
14840.00 47.21
14850.00 47.20
14860.00 47.19
14870.00 47.19
14880.00 47.18
14890.00 47.18
14900.00 47.17
14910.00 47.16
14920.00 47.16
14930.00 47.15
14940.00 47.15
14950.00 47.18
14960.00 47.17
14970.00 47.17
14980.00 47.16
14990.00 47.15
15000.00 47.15
15010.00 47.14
15020.00 47.14
15030.00 47.13
15040.00 47.12
15050.00 47.12
15060.00 47.11
15070.00 47.10
15080.00 47.10
15090.00 47.09
15100.00 47.12
15110.00 47.12
15120.00 47.11
15130.00 47.10
15140.00 47.10
15150.00 47.09
15160.00 47.08
15170.00 47.08
15180.00 47.07
15190.00 47.07
15200.00 47.06
15210.00 47.05
15220.00 47.05
15230.00 47.04
15240.00 47.07
15250.00 47.06
15260.00 47.06
15270.00 47.05
15280.00 47.04
15290.00 47.04
15300.00 47.03
15310.00 47.02
15320.00 47.02
15330.00 47.01
15340.00 47.00
15350.00 47.00
15360.00 46.99
15370.00 46.98
15380.00 47.02
15390.00 47.01
15400.00 47.00
15410.00 46.99
15420.00 46.99
15430.00 46.98
15440.00 46.97
15450.00 46.97
15460.00 46.96
15470.00 46.95
15480.00 46.95
15490.00 46.94
15500.00 46.93
15510.00 46.93
15520.00 46.92
15530.00 46.95
15540.00 46.94
15550.00 46.94
15560.00 46.93
15570.00 46.92
15580.00 46.91
15590.00 46.91
15600.00 46.90
15610.00 46.89
15620.00 46.89
15630.00 46.88
15640.00 46.87
15650.00 46.86
15660.00 46.86
15670.00 46.89
15680.00 46.88
15690.00 46.87
15700.00 46.87
15710.00 46.86
15720.00 46.85
15730.00 46.84
15740.00 46.84
15750.00 46.83
15760.00 46.82
15770.00 46.81
15780.00 46.81
15790.00 46.80
15800.00 46.79
15810.00 46.82
15820.00 46.82
15830.00 46.81
15840.00 46.80
15850.00 46.79
15860.00 46.79
15870.00 46.78
15880.00 46.77
15890.00 46.76
15900.00 46.76
15910.00 46.75
15920.00 46.74
15930.00 46.73
15940.00 46.72
15950.00 46.72
15960.00 46.75
15970.00 46.74
15980.00 46.73
15990.00 46.72
16000.00 46.72
16010.00 46.71
16020.00 46.70
16030.00 46.69
16040.00 46.69
16050.00 46.68
16060.00 46.67
16070.00 46.66
16080.00 46.65
16090.00 46.65
16100.00 46.68
16110.00 46.67
16120.00 46.66
16130.00 46.65
16140.00 46.64
16150.00 46.64
16160.00 46.63
16170.00 46.62
16180.00 46.61
16190.00 46.60
16200.00 46.60
16210.00 46.59
16220.00 46.58
16230.00 46.57
16240.00 46.56
16250.00 46.59
16260.00 46.59
16270.00 46.58
16280.00 46.57
16290.00 46.56
16300.00 46.55
16310.00 46.54
16320.00 46.54
16330.00 46.53
16340.00 46.52
16350.00 46.51
16360.00 46.50
16370.00 46.49
16380.00 46.49
16390.00 46.52
16400.00 46.51
16410.00 46.50
16420.00 46.49
16430.00 46.48
16440.00 46.47
16450.00 46.47
16460.00 46.46
16470.00 46.45
16480.00 46.44
16490.00 46.43
16500.00 46.42
16510.00 46.41
16520.00 46.41
16530.00 46.44
16540.00 46.43
16550.00 46.42
16560.00 46.41
16570.00 46.40
16580.00 46.39
16590.00 46.38
16600.00 46.37
16610.00 46.37
16620.00 46.36
16630.00 46.35
16640.00 46.34
16650.00 46.33
16660.00 46.32
16670.00 46.31
16680.00 46.34
16690.00 46.33
16700.00 46.33
16710.00 46.32
16720.00 46.31
16730.00 46.30
16740.00 46.29
16750.00 46.28
16760.00 46.27
16770.00 46.26
16780.00 46.25
16790.00 46.24
16800.00 46.24
16810.00 46.23
16820.00 46.26
16830.00 46.25
16840.00 46.24
16850.00 46.23
16860.00 46.22
16870.00 46.21
16880.00 46.20
16890.00 46.19
16900.00 46.18
16910.00 46.17
16920.00 46.16
16930.00 46.15
16940.00 46.15
16950.00 46.14
16960.00 46.17
16970.00 46.16
16980.00 46.15
16990.00 46.14
17000.00 46.13
17010.00 46.12
17020.00 46.11
17030.00 46.10
17040.00 46.09
17050.00 46.08
17060.00 46.07
17070.00 46.06
17080.00 46.05
17090.00 46.04
17100.00 46.03
17110.00 46.06
17120.00 46.05
17130.00 46.04
17140.00 46.03
17150.00 46.02
17160.00 46.01
17170.00 46.01
17180.00 46.00
17190.00 45.99
17200.00 45.98
17210.00 45.97
17220.00 45.96
17230.00 45.95
17240.00 45.94
17250.00 45.97
17260.00 45.96
17270.00 45.95
17280.00 45.94
17290.00 45.93
17300.00 45.92
17310.00 45.91
17320.00 45.90
17330.00 45.89
17340.00 45.88
17350.00 45.87
17360.00 45.86
17370.00 45.85
17380.00 45.84
17390.00 45.83
17400.00 45.86
17410.00 45.85
17420.00 45.84
17430.00 45.83
17440.00 45.82
17450.00 45.81
17460.00 45.80
17470.00 45.79
17480.00 45.78
17490.00 45.77
17500.00 45.76
17510.00 45.75
17520.00 45.74
17530.00 45.73
17540.00 45.75
17550.00 45.74
17560.00 45.73
17570.00 45.72
17580.00 45.71
17590.00 45.70
17600.00 45.69
17610.00 45.68
17620.00 45.67
17630.00 45.66
17640.00 45.65
17650.00 45.64
17660.00 45.63
17670.00 45.62
17680.00 45.65
17690.00 45.64
17700.00 45.63
17710.00 45.62
17720.00 45.61
17730.00 45.61
17740.00 45.59
17750.00 45.58
17760.00 45.57
17770.00 45.56
17780.00 45.55
17790.00 45.54
17800.00 45.53
17810.00 45.52
17820.00 45.51
17830.00 45.54
17840.00 45.53
17850.00 45.52
17860.00 45.51
17870.00 45.50
17880.00 45.48
17890.00 45.47
17900.00 45.46
17910.00 45.45
17920.00 45.44
17930.00 45.43
17940.00 45.42
17950.00 45.41
17960.00 45.40
17970.00 45.43
17980.00 45.41
17990.00 45.40
18000.00 45.39
18010.00 45.38
18020.00 45.37
18030.00 45.36
18040.00 45.35
18050.00 45.34
18060.00 45.33
18070.00 45.32
18080.00 45.31
18090.00 45.29
18100.00 45.28
18110.00 45.31
18120.00 45.30
18130.00 45.29
18140.00 45.28
18150.00 45.27
18160.00 45.25
18170.00 45.24
18180.00 45.23
18190.00 45.22
18200.00 45.21
18210.00 45.20
18220.00 45.19
18230.00 45.18
18240.00 45.16
18250.00 45.15
18260.00 45.18
18270.00 45.17
18280.00 45.16
18290.00 45.15
18300.00 45.13
18310.00 45.12
18320.00 45.11
18330.00 45.30
18340.00 45.89
18350.00 45.88
18360.00 45.07
18370.00 45.05
18380.00 45.04
18390.00 45.03
18400.00 45.06
18410.00 45.05
18420.00 45.04
18430.00 45.02
18440.00 45.01
18450.00 45.00
18460.00 44.99
18470.00 44.98
18480.00 44.97
18490.00 44.95
18500.00 44.94
18510.00 44.93
18520.00 44.92
18530.00 44.91
18540.00 44.90
18550.00 44.92
18560.00 44.91
18570.00 44.90
18580.00 44.89
18590.00 44.87
18600.00 44.86
18610.00 44.85
18620.00 44.84
18630.00 44.83
18640.00 44.82
18650.00 44.80
18660.00 44.79
18670.00 44.78
18680.00 44.77
18690.00 44.79
18700.00 44.78
18710.00 44.77
18720.00 44.76
18730.00 44.75
18740.00 44.73
18750.00 44.72
18760.00 44.71
18770.00 45.30
18780.00 45.88
18790.00 46.47
18800.00 46.66
18810.00 46.65
18820.00 46.84
18830.00 46.66
18840.00 46.65
18850.00 46.64
18860.00 46.63
18870.00 46.41
18880.00 46.60
18890.00 46.39
18900.00 46.58
18910.00 45.56
18920.00 44.55
18930.00 44.54
18940.00 44.53
18950.00 44.51
18960.00 44.50
18970.00 44.49
18980.00 44.52
18990.00 44.50
19000.00 44.49
19010.00 44.48
19020.00 44.47
19030.00 44.45
19040.00 44.44
19050.00 44.43
19060.00 44.42
19070.00 44.40
19080.00 44.39
19090.00 44.38
19100.00 44.36
19110.00 44.35
19120.00 44.38
19130.00 44.36
19140.00 44.35
19150.00 44.34
19160.00 44.33
19170.00 44.31
19180.00 44.30
19190.00 44.29
19200.00 44.28
19210.00 44.26
19220.00 44.25
19230.00 44.24
19240.00 44.22
19250.00 44.21
19260.00 44.24
19270.00 44.22
19280.00 44.21
19290.00 44.20
19300.00 44.19
19310.00 44.17
19320.00 44.16
19330.00 44.15
19340.00 44.13
19350.00 44.12
19360.00 44.11
19370.00 44.09
19380.00 44.08
19390.00 44.07
19400.00 44.05
19410.00 44.08
19420.00 44.07
19430.00 44.05
19440.00 44.04
19450.00 44.03
19460.00 44.01
19470.00 44.00
19480.00 43.99
19490.00 43.97
19500.00 43.96
19510.00 43.95
19520.00 43.93
19530.00 43.92
19540.00 43.91
19550.00 43.93
19560.00 43.92
19570.00 43.91
19580.00 43.89
19590.00 43.88
19600.00 43.87
19610.00 43.85
19620.00 43.84
19630.00 43.83
19640.00 43.81
19650.00 43.80
19660.00 43.78
19670.00 43.77
19680.00 43.76
19690.00 43.74
19700.00 43.77
19710.00 43.76
19720.00 43.74
19730.00 43.73
19740.00 43.71
19750.00 43.70
19760.00 43.69
19770.00 43.67
19780.00 43.66
19790.00 43.65
19800.00 43.63
19810.00 43.62
19820.00 43.60
19830.00 43.59
19840.00 43.62
19850.00 43.60
19860.00 43.59
19870.00 43.57
19880.00 43.56
19890.00 43.55
19900.00 43.53
19910.00 43.52
19920.00 43.50
19930.00 43.49
19940.00 43.48
19950.00 43.46
19960.00 43.45
19970.00 43.43
19980.00 43.46
19990.00 43.44
20000.00 43.43
20010.00 43.42
20020.00 43.40
20030.00 43.39
20040.00 43.37
20050.00 43.36
20060.00 43.35
20070.00 43.33
20080.00 43.32
20090.00 43.30
20100.00 43.29
20110.00 43.27
20120.00 43.26
20130.00 43.68
20140.00 43.47
20150.00 43.26
20160.00 43.24
20170.00 43.23
20180.00 43.21
20190.00 43.20
20200.00 43.18
20210.00 43.17
20220.00 43.16
20230.00 43.14
20240.00 43.13
20250.00 43.11
20260.00 43.10
20270.00 43.12
20280.00 43.51
20290.00 44.29
20300.00 44.48
20310.00 43.66
20320.00 43.25
20330.00 46.23
20340.00 51.82
20350.00 61.80
20360.00 65.39
20370.00 67.18
20380.00 67.96
20390.00 67.95
20400.00 64.33
20410.00 64.15
20420.00 63.94
20430.00 63.93
20440.00 56.31
20450.00 51.70
20460.00 48.48
20470.00 46.07
20480.00 45.85
20490.00 45.44
20500.00 43.82
20510.00 43.81
20520.00 43.79
20530.00 43.78
20540.00 43.76
20550.00 43.75
20560.00 45.77
20570.00 45.76
20580.00 45.74
20590.00 45.73
20600.00 44.51
20610.00 44.50
20620.00 44.48
20630.00 43.67
20640.00 45.65
20650.00 45.64
20660.00 43.62
20670.00 43.61
20680.00 43.59
20690.00 43.58
20700.00 43.60
20710.00 43.58
20720.00 43.57
20730.00 43.55
20740.00 44.54
20750.00 44.72
20760.00 44.91
20770.00 44.89
20780.00 44.68
20790.00 44.26
20800.00 43.45
20810.00 42.63
20820.00 42.42
20830.00 42.40
20840.00 42.38
20850.00 42.41
20860.00 42.39
20870.00 43.18
20880.00 43.76
20890.00 44.35
20900.00 44.33
20910.00 43.31
20920.00 43.30
20930.00 43.28
20940.00 46.47
20950.00 48.25
20960.00 50.44
20970.00 53.22
20980.00 53.21
20990.00 51.23
21000.00 51.21
21010.00 51.20
21020.00 51.18
21030.00 51.17
21040.00 52.15
21050.00 53.13
21060.00 51.22
21070.00 49.40
21080.00 44.89
21090.00 43.07
21100.00 42.36
21110.00 42.04
21120.00 42.02
21130.00 42.05
21140.00 42.03
21150.00 42.01
21160.00 42.00
21170.00 41.98
21180.00 41.97
21190.00 41.95
21200.00 41.93
21210.00 41.92
21220.00 41.90
21230.00 41.89
21240.00 41.87
21250.00 41.85
21260.00 41.84
21270.00 41.82
21280.00 41.84
21290.00 41.83
21300.00 41.81
21310.00 41.80
21320.00 41.78
21330.00 41.76
21340.00 41.75
21350.00 41.73
21360.00 41.72
21370.00 41.70
21380.00 41.68
21390.00 41.67
21400.00 41.65
21410.00 41.63
21420.00 41.66
21430.00 41.64
21440.00 41.62
21450.00 41.61
21460.00 41.59
21470.00 41.57
21480.00 41.56
21490.00 41.54
21500.00 41.53
21510.00 41.51
21520.00 41.49
21530.00 41.48
21540.00 41.46
21550.00 41.44
21560.00 41.46
21570.00 41.45
21580.00 41.43
21590.00 41.41
21600.00 41.40
21610.00 41.38
21620.00 42.37
21630.00 42.95
21640.00 44.53
21650.00 44.12
21660.00 48.10
21670.00 61.08
21680.00 67.17
21690.00 72.45
21700.00 76.93
21710.00 81.35
21720.00 82.94
21730.00 84.02
21740.00 86.30
21750.00 87.59
21760.00 87.87
21770.00 88.15
21780.00 88.44
21790.00 88.82
21800.00 87.50
21810.00 83.78
21820.00 80.07
21830.00 79.25
21840.00 77.83
21850.00 80.26
21860.00 80.26
21870.00 77.24
21880.00 75.52
21890.00 78.10
21900.00 80.59
21910.00 81.97
21920.00 80.95
21930.00 78.44
21940.00 72.82
21950.00 69.70
21960.00 68.38
21970.00 67.77
21980.00 67.15
21990.00 66.73
22000.00 67.55
22010.00 66.44
22020.00 66.92
22030.00 70.10
22040.00 72.39
22050.00 75.37
22060.00 79.15
22070.00 80.23
22080.00 79.92
22090.00 79.30
22100.00 78.58
22110.00 76.16
22120.00 75.95
22130.00 75.73
22140.00 76.05
22150.00 75.63
22160.00 75.21
22170.00 74.90
22180.00 74.48
22190.00 73.96
22200.00 73.45
22210.00 72.93
22220.00 72.31
22230.00 71.79
22240.00 71.48
22250.00 71.46
22260.00 69.24
22270.00 65.12
22280.00 59.44
22290.00 58.42
22300.00 58.41
22310.00 59.39
22320.00 59.37
22330.00 59.35
22340.00 59.34
22350.00 59.32
22360.00 59.30
22370.00 59.28
22380.00 59.27
22390.00 59.25
22400.00 60.33
22410.00 61.01
22420.00 62.09
22430.00 63.61
22440.00 65.20
22450.00 66.78
22460.00 68.56
22470.00 69.14
22480.00 71.12
22490.00 74.11
22500.00 77.99
22510.00 79.07
22520.00 79.05
22530.00 79.03
22540.00 79.02
22550.00 79.00
22560.00 80.98
22570.00 81.00
22580.00 78.98
22590.00 79.56
22600.00 78.65
22610.00 77.53
22620.00 76.31
22630.00 75.39
22640.00 74.97
22650.00 74.46
22660.00 73.84
22670.00 74.12
22680.00 74.30
22690.00 74.68
22700.00 75.26
22710.00 76.88
22720.00 77.67
22730.00 78.15
22740.00 78.73
22750.00 78.71
22760.00 81.19
22770.00 83.37
22780.00 86.06
22790.00 88.54
22800.00 91.02
22810.00 93.40
22820.00 95.68
22830.00 97.86
22840.00 100.54
22850.00 100.53
22860.00 98.55
22870.00 98.53
22880.00 99.51
22890.00 101.49
22900.00 105.97
22910.00 109.15
22920.00 110.43
22930.00 110.42
22940.00 108.90
22950.00 106.98
22960.00 103.96
22970.00 101.04
22980.00 98.82
22990.00 96.70
23000.00 94.02
23010.00 91.50
23020.00 88.58
23030.00 84.67
23040.00 80.65
23050.00 78.93
23060.00 77.41
23070.00 75.89
23080.00 74.27
23090.00 73.35
23100.00 72.63
23110.00 72.02
23120.00 71.80
23130.00 71.78
23140.00 71.96
23150.00 74.08
23160.00 74.46
23170.00 74.64
23180.00 77.72
23190.00 78.20
23200.00 77.98
23210.00 77.86
23220.00 78.24
23230.00 78.52
23240.00 77.91
23250.00 79.89
23260.00 79.87
23270.00 78.75
23280.00 78.03
23290.00 77.85
23300.00 77.83
23310.00 78.81
23320.00 78.09
23330.00 76.57
23340.00 74.05
23350.00 71.73
23360.00 69.51
23370.00 67.69
23380.00 67.67
23390.00 67.65
23400.00 67.64
23410.00 67.12
23420.00 66.70
23430.00 67.21
23440.00 67.60
23450.00 69.08
23460.00 70.46
23470.00 72.44
23480.00 74.72
23490.00 76.70
23500.00 77.88
23510.00 77.46
23520.00 81.14
23530.00 85.72
23540.00 86.80
23550.00 89.48
23560.00 89.46
23570.00 89.44
23580.00 90.06
23590.00 91.94
23600.00 94.02
23610.00 94.90
23620.00 95.08
23630.00 95.86
23640.00 96.34
23650.00 97.22
23660.00 97.60
23670.00 97.88
23680.00 97.66
23690.00 97.04
23700.00 94.72
23710.00 90.40
23720.00 87.12
23730.00 87.10
23740.00 87.08
23750.00 87.06
23760.00 89.14
23770.00 89.12
23780.00 89.10
23790.00 86.98
23800.00 86.56
23810.00 84.94
23820.00 83.22
23830.00 80.80
23840.00 77.88
23850.00 74.36
23860.00 71.38
23870.00 66.96
23880.00 63.64
23890.00 61.32
23900.00 58.60
23910.00 52.28
23920.00 46.76
23930.00 44.44
23940.00 39.82
23950.00 38.70
23960.00 38.78
23970.00 37.86
23980.00 37.64
23990.00 37.62
24000.00 37.60
24010.00 37.61
24020.00 37.59
24030.00 37.57
24040.00 37.55
24050.00 37.53
24060.00 37.51
24070.00 37.49
24080.00 37.47
24090.00 37.45
24100.00 37.93
24110.00 39.21
24120.00 39.39
24130.00 39.37
24140.00 38.35
24150.00 37.36
24160.00 37.34
24170.00 37.32
24180.00 37.30
24190.00 37.28
24200.00 37.26
24210.00 37.24
24220.00 38.22
24230.00 39.30
24240.00 39.18
24250.00 38.16
24260.00 38.14
24270.00 38.02
24280.00 37.10
24290.00 37.07
24300.00 37.09
24310.00 37.07
24320.00 37.75
24330.00 39.53
24340.00 42.61
24350.00 46.29
24360.00 47.47
24370.00 51.15
24380.00 56.82
24390.00 65.10
24400.00 68.18
24410.00 69.26
24420.00 68.74
24430.00 67.82
24440.00 67.84
24450.00 67.82
24460.00 66.19
24470.00 64.47
24480.00 61.75
24490.00 59.03
24500.00 57.81
24510.00 58.09
24520.00 57.77
24530.00 57.75
24540.00 57.73
24550.00 51.40
24560.00 46.08
24570.00 41.86
24580.00 36.88
24590.00 36.56
24600.00 36.54
24610.00 36.51
24620.00 36.49
24630.00 36.47
24640.00 36.45
24650.00 36.43
24660.00 36.41
24670.00 36.39
24680.00 36.37
24690.00 36.34
24700.00 36.32
24710.00 36.30
24720.00 36.28
24730.00 36.30
24740.00 36.27
24750.00 36.25
24760.00 38.33
24770.00 38.41
24780.00 38.19
24790.00 37.77
24800.00 37.15
24810.00 36.62
24820.00 36.10
24830.00 36.08
24840.00 36.06
24850.00 36.04
24860.00 36.02
24870.00 36.03
24880.00 36.01
24890.00 35.99
24900.00 35.97
24910.00 35.94
24920.00 35.92
24930.00 35.90
24940.00 35.88
24950.00 35.86
24960.00 35.84
24970.00 35.81
24980.00 35.79
24990.00 35.77
25000.00 35.75
25010.00 35.76
25020.00 35.74
25030.00 35.72
25040.00 35.70
25050.00 35.68
25060.00 35.65
25070.00 35.63
25080.00 35.61
25090.00 35.59
25100.00 35.57
25110.00 35.54
25120.00 35.52
25130.00 35.50
25140.00 35.48
25150.00 35.46
25160.00 35.47
25170.00 35.45
25180.00 35.43
25190.00 35.40
25200.00 35.38
25210.00 35.36
25220.00 35.34
25230.00 35.32
25240.00 35.29
25250.00 35.27
25260.00 35.25
25270.00 35.23
25280.00 35.20
25290.00 35.18
25300.00 35.20
25310.00 35.17
25320.00 35.15
25330.00 35.13
25340.00 35.11
25350.00 35.08
25360.00 35.06
25370.00 35.04
25380.00 35.02
25390.00 35.00
25400.00 34.97
25410.00 34.95
25420.00 34.93
25430.00 34.90
25440.00 34.88
25450.00 34.90
25460.00 34.87
25470.00 34.85
25480.00 34.83
25490.00 34.81
25500.00 34.78
25510.00 34.76
25520.00 34.74
25530.00 34.72
25540.00 34.69
25550.00 34.67
25560.00 34.65
25570.00 34.62
25580.00 34.60
25590.00 34.62
25600.00 34.59
25610.00 34.57
25620.00 34.55
25630.00 34.53
25640.00 34.50
25650.00 34.48
25660.00 34.46
25670.00 34.43
25680.00 34.41
25690.00 34.39
25700.00 34.36
25710.00 34.34
25720.00 34.32
25730.00 34.33
25740.00 34.31
25750.00 34.29
25760.00 34.26
25770.00 34.24
25780.00 34.22
25790.00 34.19
25800.00 34.17
25810.00 34.15
25820.00 34.13
25830.00 34.10
25840.00 34.08
25850.00 34.06
25860.00 34.03
25870.00 34.01
25880.00 34.02
25890.00 34.00
25900.00 33.98
25910.00 33.95
25920.00 33.93
25930.00 33.91
25940.00 33.88
25950.00 33.86
25960.00 33.84
25970.00 33.81
25980.00 33.81
25990.00 33.79
26000.00 33.77
26010.00 33.74
26020.00 33.76
26030.00 33.73
26040.00 33.71
26050.00 33.69
26060.00 33.66
26070.00 33.64
26080.00 33.62
26090.00 33.59
26100.00 33.57
26110.00 33.55
26120.00 33.52
26130.00 33.50
26140.00 33.47
26150.00 33.45
26160.00 33.46
26170.00 33.44
26180.00 33.42
26190.00 33.39
26200.00 33.37
26210.00 33.35
26220.00 33.32
26230.00 33.30
26240.00 33.27
26250.00 33.25
26260.00 33.23
26270.00 33.20
26280.00 33.18
26290.00 33.16
26300.00 33.13
26310.00 33.14
26320.00 33.12
26330.00 33.10
26340.00 33.07
26350.00 33.05
26360.00 33.02
26370.00 33.00
26380.00 32.98
26390.00 32.95
26400.00 32.93
26410.00 32.90
26420.00 32.88
26430.00 32.86
26440.00 32.83
26450.00 32.85
26460.00 32.82
26470.00 32.80
26480.00 32.77
26490.00 32.75
26500.00 32.72
26510.00 32.70
26520.00 32.68
26530.00 32.65
26540.00 32.63
26550.00 32.60
26560.00 32.58
26570.00 32.55
26580.00 32.53
26590.00 32.51
26600.00 32.52
26610.00 32.49
26620.00 32.47
26630.00 32.45
26640.00 32.42
26650.00 32.40
26660.00 32.37
26670.00 32.35
26680.00 32.32
26690.00 32.30
26700.00 32.27
26710.00 32.25
26720.00 32.23
26730.00 32.20
26740.00 32.21
26750.00 32.19
26760.00 32.16
26770.00 32.14
26780.00 32.11
26790.00 32.09
26800.00 32.07
26810.00 32.04
26820.00 32.02
26830.00 31.99
26840.00 31.97
26850.00 31.94
26860.00 31.92
26870.00 31.89
26880.00 31.90
26890.00 31.88
26900.00 31.85
26910.00 31.83
26920.00 31.81
26930.00 31.78
26940.00 31.76
26950.00 31.73
26960.00 31.71
26970.00 31.68
26980.00 31.66
26990.00 31.63
27000.00 31.61
27010.00 31.58
27020.00 31.56
27030.00 31.57
27040.00 31.54
27050.00 31.52
27060.00 31.49
27070.00 31.47
27080.00 31.44
27090.00 31.42
27100.00 31.39
27110.00 31.37
27120.00 31.34
27130.00 31.32
27140.00 31.29
27150.00 31.27
27160.00 31.24
27170.00 31.25
27180.00 31.23
27190.00 31.20
27200.00 31.18
27210.00 31.15
27220.00 31.13
27230.00 31.10
27240.00 31.08
27250.00 31.05
27260.00 31.02
27270.00 31.00
27280.00 30.97
27290.00 30.95
27300.00 30.92
27310.00 30.93
27320.00 30.91
27330.00 30.88
27340.00 30.86
27350.00 30.83
27360.00 30.81
27370.00 30.78
27380.00 30.76
27390.00 30.73
27400.00 30.70
27410.00 30.68
27420.00 30.65
27430.00 30.63
27440.00 30.60
27450.00 30.58
27460.00 30.59
27470.00 30.56
27480.00 30.54
27490.00 30.51
27500.00 30.48
27510.00 30.46
27520.00 30.43
27530.00 30.41
27540.00 30.38
27550.00 30.36
27560.00 30.33
27570.00 30.30
27580.00 30.28
27590.00 30.25
27600.00 30.26
27610.00 30.24
27620.00 30.21
27630.00 30.19
27640.00 30.16
27650.00 30.13
27660.00 30.11
27670.00 30.08
27680.00 30.05
27690.00 30.03
27700.00 30.00
27710.00 29.98
27720.00 29.95
27730.00 29.92
27740.00 29.90
27750.00 29.91
27760.00 29.88
27770.00 29.86
27780.00 29.83
27790.00 29.80
27800.00 29.78
27810.00 29.75
27820.00 29.73
27830.00 29.70
27840.00 29.67
27850.00 29.65
27860.00 29.62
27870.00 29.59
27880.00 29.57
27890.00 29.58
27900.00 29.55
27910.00 29.53
27920.00 29.50
27930.00 29.47
27940.00 29.45
27950.00 29.42
27960.00 29.39
27970.00 29.37
27980.00 29.34
27990.00 29.31
28000.00 29.29
28010.00 29.26
28020.00 29.23
28030.00 29.24
28040.00 29.22
28050.00 29.19
28060.00 29.16
28070.00 29.14
28080.00 29.11
28090.00 29.08
28100.00 29.06
28110.00 29.03
28120.00 29.00
28130.00 28.98
28140.00 28.95
28150.00 28.92
28160.00 28.90
28170.00 28.87
28180.00 28.88
28190.00 28.85
28200.00 28.83
28210.00 28.80
28220.00 28.77
28230.00 28.75
28240.00 28.72
28250.00 28.69
28260.00 28.66
28270.00 28.64
28280.00 28.61
28290.00 28.58
28300.00 28.56
28310.00 28.53
28320.00 28.54
28330.00 28.51
28340.00 28.49
28350.00 28.46
28360.00 28.43
28370.00 28.40
28380.00 28.38
28390.00 28.35
28400.00 28.32
28410.00 28.30
28420.00 28.27
28430.00 28.24
28440.00 28.21
28450.00 28.19
28460.00 28.20
28470.00 28.17
28480.00 28.14
28490.00 28.11
28500.00 28.09
28510.00 28.06
28520.00 28.03
28530.00 28.00
28540.00 27.98
28550.00 27.95
28560.00 27.92
28570.00 27.90
28580.00 27.87
28590.00 27.84
28600.00 27.81
28610.00 27.82
28620.00 27.79
28630.00 27.77
28640.00 27.74
28650.00 27.71
28660.00 27.68
28670.00 27.66
28680.00 27.63
28690.00 27.60
28700.00 27.57
28710.00 27.55
28720.00 27.52
28730.00 27.49
28740.00 27.46
28750.00 27.47
28760.00 27.44
28770.00 27.42
28780.00 27.39
28790.00 27.36
28800.00 27.33
28810.00 27.31
28820.00 27.28
28830.00 27.25
28840.00 27.22
28850.00 27.19
28860.00 27.17
28870.00 27.14
28880.00 27.11
28890.00 27.08
28900.00 27.09
28910.00 27.06
28920.00 27.04
28930.00 27.01
28940.00 26.98
28950.00 26.95
28960.00 26.92
28970.00 26.89
28980.00 26.87
28990.00 26.84
29000.00 26.81
29010.00 26.78
29020.00 26.75
29030.00 26.73
29040.00 26.73
29050.00 26.71
29060.00 26.68
29070.00 26.65
29080.00 26.62
29090.00 26.59
29100.00 26.57
29110.00 26.54
29120.00 26.51
29130.00 26.48
29140.00 26.45
29150.00 26.42
29160.00 26.40
29170.00 26.37
29180.00 26.38
29190.00 26.35
29200.00 26.32
29210.00 26.29
29220.00 26.26
29230.00 26.23
29240.00 26.20
29250.00 26.18
29260.00 26.15
29270.00 26.12
29280.00 26.09
29290.00 26.06
29300.00 26.03
29310.00 26.00
29320.00 25.98
29330.00 25.98
29340.00 25.96
29350.00 25.93
29360.00 25.90
29370.00 25.87
29380.00 25.84
29390.00 25.81
29400.00 25.78
29410.00 25.75
29420.00 25.73
29430.00 25.70
29440.00 25.67
29450.00 25.64
29460.00 25.61
29470.00 25.62
29480.00 25.59
29490.00 25.56
29500.00 25.53
29510.00 25.50
29520.00 25.47
29530.00 25.44
29540.00 25.42
29550.00 25.39
29560.00 25.36
29570.00 25.33
29580.00 25.30
29590.00 25.27
29600.00 25.24
29610.00 25.25
29620.00 25.22
29630.00 25.19
29640.00 25.16
29650.00 25.13
29660.00 25.10
29670.00 25.07
29680.00 25.05
29690.00 25.02
29700.00 24.99
29710.00 24.96
29720.00 24.93
29730.00 24.90
29740.00 24.87
29750.00 24.84
29760.00 24.85
29770.00 24.82
29780.00 24.79
29790.00 24.76
29800.00 24.73
29810.00 24.70
29820.00 24.67
29830.00 24.64
29840.00 24.61
29850.00 24.58
29860.00 24.55
29870.00 24.52
29880.00 24.49
29890.00 24.47
29900.00 24.47
29910.00 24.44
29920.00 24.41
29930.00 24.38
29940.00 24.35
29950.00 24.32
29960.00 24.30
29970.00 24.27
29980.00 24.24
29990.00 24.21
30000.00 24.18
30010.00 24.15
30020.00 24.12
30030.00 24.09
30040.00 24.06
30050.00 24.06
30060.00 24.03
30070.00 24.00
30080.00 23.97
30090.00 23.95
30100.00 23.92
30110.00 23.92
30120.00 23.89
30130.00 23.86
30140.00 23.83
30150.00 23.80
30160.00 23.77
30170.00 23.74
30180.00 23.71
30190.00 23.71
30200.00 23.68
30210.00 23.65
30220.00 23.62
30230.00 23.59
30240.00 23.56
30250.00 23.53
30260.00 23.50
30270.00 23.47
30280.00 23.44
30290.00 23.41
30300.00 23.38
30310.00 23.35
30320.00 23.32
30330.00 23.33
30340.00 23.30
30350.00 23.27
30360.00 23.24
30370.00 23.21
30380.00 23.18
30390.00 23.15
30400.00 23.12
30410.00 23.09
30420.00 23.06
30430.00 23.03
30440.00 22.99
30450.00 22.96
30460.00 22.93
30470.00 22.90
30480.00 22.91
30490.00 22.88
30500.00 22.85
30510.00 22.82
30520.00 22.79
30530.00 22.76
30540.00 22.73
30550.00 22.70
30560.00 22.67
30570.00 22.64
30580.00 22.60
30590.00 22.57
30600.00 22.54
30610.00 22.51
30620.00 22.52
30630.00 22.49
30640.00 22.46
30650.00 22.43
30660.00 22.40
30670.00 22.37
30680.00 22.33
30690.00 22.30
30700.00 22.27
30710.00 22.24
30720.00 22.21
30730.00 22.18
30740.00 22.15
30750.00 22.12
30760.00 22.12
30770.00 22.09
30780.00 22.06
30790.00 22.03
30800.00 22.00
30810.00 21.97
30820.00 21.94
30830.00 21.91
30840.00 21.88
30850.00 21.85
30860.00 21.82
30870.00 21.78
30880.00 21.75
30890.00 21.72
30900.00 21.69
30910.00 21.70
30920.00 21.67
30930.00 21.63
30940.00 21.60
30950.00 21.57
30960.00 21.54
30970.00 21.51
30980.00 21.48
30990.00 21.45
31000.00 21.42
31010.00 21.38
31020.00 21.35
31030.00 21.32
31040.00 21.29
31050.00 21.30
31060.00 21.26
31070.00 21.23
31080.00 21.20
31090.00 21.17
31100.00 21.14
31110.00 21.11
31120.00 21.08
31130.00 21.04
31140.00 21.01
31150.00 20.98
31160.00 20.95
31170.00 20.92
31180.00 20.89
31190.00 20.86
31200.00 20.86
31210.00 20.83
31220.00 20.80
31230.00 20.77
31240.00 20.73
31250.00 20.70
31260.00 20.67
31270.00 20.64
31280.00 20.61
31290.00 20.58
31300.00 20.54
31310.00 20.51
31320.00 20.48
31330.00 20.45
31340.00 20.45
31350.00 20.42
31360.00 20.39
31370.00 20.36
31380.00 20.33
31390.00 20.29
31400.00 20.26
31410.00 20.23
31420.00 20.20
31430.00 20.17
31440.00 20.13
31450.00 20.10
31460.00 20.07
31470.00 20.04
31480.00 20.04
31490.00 20.01
31500.00 19.98
31510.00 19.95
31520.00 19.92
31530.00 19.88
31540.00 19.85
31550.00 19.82
31560.00 19.79
31570.00 19.75
31580.00 19.72
31590.00 19.69
31600.00 19.66
31610.00 19.63
31620.00 19.59
31630.00 19.60
31640.00 19.57
31650.00 19.53
31660.00 19.50
31670.00 19.47
31680.00 19.44
31690.00 19.40
31700.00 19.37
31710.00 19.34
31720.00 19.31
31730.00 19.28
31740.00 19.24
31750.00 19.21
31760.00 19.18
31770.00 19.18
31780.00 19.15
31790.00 19.12
31800.00 19.08
31810.00 19.05
31820.00 19.02
31830.00 18.99
31840.00 18.95
31850.00 18.92
31860.00 18.89
31870.00 18.86
31880.00 18.82
31890.00 18.79
31900.00 18.76
31910.00 18.76
31920.00 18.73
31930.00 18.70
31940.00 18.66
31950.00 18.63
31960.00 18.60
31970.00 18.57
31980.00 18.53
31990.00 18.50
32000.00 18.47
32010.00 18.43
32020.00 18.40
32030.00 18.37
32040.00 18.34
32050.00 18.30
32060.00 18.31
32070.00 18.27
32080.00 18.24
32090.00 18.21
32100.00 18.18
32110.00 18.14
32120.00 18.11
32130.00 18.08
32140.00 18.04
32150.00 18.01
32160.00 17.98
32170.00 17.94
32180.00 17.91
32190.00 17.88
32200.00 17.88
32210.00 17.85
32220.00 17.81
32230.00 17.78
32240.00 17.75
32250.00 17.72
32260.00 17.68
32270.00 17.65
32280.00 17.62
32290.00 17.58
32300.00 17.55
32310.00 17.52
32320.00 17.48
32330.00 17.45
32340.00 17.42
32350.00 17.42
32360.00 17.39
32370.00 17.35
32380.00 17.32
32390.00 17.28
32400.00 17.25
32410.00 17.22
32420.00 17.18
32430.00 17.15
32440.00 17.12
32450.00 17.08
32460.00 17.05
32470.00 17.02
32480.00 16.98
32490.00 16.99
32500.00 16.95
32510.00 16.92
32520.00 16.89
32530.00 16.85
32540.00 16.82
32550.00 16.78
32560.00 16.75
32570.00 16.72
32580.00 16.68
32590.00 16.65
32600.00 16.62
32610.00 16.58
32620.00 16.55
32630.00 16.55
32640.00 16.52
32650.00 16.48
32660.00 16.45
32670.00 16.42
32680.00 16.38
32690.00 16.35
32700.00 16.31
32710.00 16.28
32720.00 16.25
32730.00 16.21
32740.00 16.18
32750.00 16.14
32760.00 16.11
32770.00 16.08
32780.00 16.08
32790.00 16.04
32800.00 16.01
32810.00 15.98
32820.00 15.94
32830.00 15.91
32840.00 15.87
32850.00 15.84
32860.00 15.81
32870.00 15.77
32880.00 15.74
32890.00 15.70
32900.00 15.67
32910.00 15.63
32920.00 15.64
32930.00 15.60
32940.00 15.57
32950.00 15.53
32960.00 15.50
32970.00 15.46
32980.00 15.43
32990.00 15.40
33000.00 15.36
33010.00 15.33
33020.00 15.29
33030.00 15.26
33040.00 15.22
33050.00 15.19
33060.00 15.19
33070.00 15.16
33080.00 15.12
33090.00 15.09
33100.00 15.05
33110.00 15.02
33120.00 14.98
33130.00 14.95
33140.00 14.92
33150.00 14.88
33160.00 14.85
33170.00 14.81
33180.00 14.78
33190.00 14.74
33200.00 14.71
33210.00 14.71
33220.00 14.67
33230.00 14.64
33240.00 14.60
33250.00 14.57
33260.00 14.54
33270.00 14.50
33280.00 14.47
33290.00 14.43
33300.00 14.40
33310.00 14.36
33320.00 14.33
33330.00 14.29
33340.00 14.26
33350.00 14.26
33360.00 14.22
33370.00 14.19
33380.00 14.15
33390.00 14.12
33400.00 14.08
33410.00 14.05
33420.00 14.01
33430.00 13.98
33440.00 13.94
33450.00 13.91
33460.00 13.87
33470.00 13.84
33480.00 13.80
33490.00 13.77
33500.00 13.77
33510.00 13.73
33520.00 13.70
33530.00 13.66
33540.00 13.63
33550.00 13.59
33560.00 13.56
33570.00 13.52
33580.00 13.49
33590.00 13.45
33600.00 13.42
33610.00 13.38
33620.00 13.34
33630.00 13.31
33640.00 13.31
33650.00 13.27
33660.00 13.24
33670.00 13.20
33680.00 13.17
33690.00 13.13
33700.00 13.10
33710.00 13.06
33720.00 13.03
33730.00 12.99
33740.00 12.96
33750.00 12.92
33760.00 12.88
33770.00 12.85
33780.00 12.85
33790.00 12.81
33800.00 12.78
33810.00 12.74
33820.00 12.71
33830.00 12.67
33840.00 12.64
33850.00 12.60
33860.00 12.56
33870.00 12.53
33880.00 12.49
33890.00 12.46
33900.00 12.42
33910.00 12.38
33920.00 12.35
33930.00 12.35
33940.00 12.31
33950.00 12.28
33960.00 12.24
33970.00 12.21
33980.00 12.17
33990.00 12.13
34000.00 12.10
34010.00 12.06
34020.00 12.03
34030.00 11.99
34040.00 11.95
34050.00 11.92
34060.00 11.88
34070.00 11.88
34080.00 11.85
34090.00 11.81
34100.00 11.77
34110.00 11.74
34120.00 11.70
34130.00 11.67
34140.00 11.63
34150.00 11.59
34160.00 11.56
34170.00 11.52
34180.00 11.48
34190.00 11.45
34200.00 11.41
34210.00 11.41
34220.00 11.38
34230.00 11.34
34240.00 11.34
34250.00 11.30
34260.00 11.27
34270.00 11.23
34280.00 11.19
34290.00 11.16
34300.00 11.12
34310.00 11.08
34320.00 11.05
34330.00 11.01
34340.00 10.98
34350.00 10.94
34360.00 10.94
34370.00 10.90
34380.00 10.87
34390.00 10.83
34400.00 10.79
34410.00 10.76
34420.00 10.72
34430.00 10.68
34440.00 10.65
34450.00 10.61
34460.00 10.57
34470.00 10.54
34480.00 10.50
34490.00 10.46
34500.00 10.46
34510.00 10.43
34520.00 10.39
34530.00 10.35
34540.00 10.32
34550.00 10.28
34560.00 10.24
34570.00 10.20
34580.00 10.17
34590.00 10.13
34600.00 10.09
34610.00 10.06
34620.00 10.02
34630.00 9.98
34640.00 9.95
34650.00 9.95
34660.00 9.91
34670.00 9.87
34680.00 9.83
34690.00 9.80
34700.00 9.76
34710.00 9.72
34720.00 9.69
34730.00 9.65
34740.00 9.61
34750.00 9.58
34760.00 9.54
34770.00 9.50
34780.00 9.46
34790.00 9.46
34800.00 9.43
34810.00 9.39
34820.00 9.35
34830.00 9.31
34840.00 9.28
34850.00 9.24
34860.00 9.20
34870.00 9.16
34880.00 9.13
34890.00 9.09
34900.00 9.05
34910.00 9.02
34920.00 8.98
34930.00 8.98
34940.00 8.94
34950.00 8.90
34960.00 8.86
34970.00 8.83
34980.00 8.79
34990.00 8.75
35000.00 8.71
35010.00 8.68
35020.00 8.64
35030.00 8.60
35040.00 8.56
35050.00 8.53
35060.00 8.49
35070.00 8.45
35080.00 8.45
35090.00 8.41
35100.00 8.37
35110.00 8.34
35120.00 8.30
35130.00 8.26
35140.00 8.22
35150.00 8.19
35160.00 8.15
35170.00 8.11
35180.00 8.07
35190.00 8.04
35200.00 8.00
35210.00 7.96
35220.00 7.96
35230.00 7.92
35240.00 7.88
35250.00 7.84
35260.00 7.81
35270.00 7.77
35280.00 7.73
35290.00 7.69
35300.00 7.65
35310.00 7.62
35320.00 7.58
35330.00 7.54
35340.00 7.50
35350.00 7.46
35360.00 7.46
35370.00 7.42
35380.00 7.39
35390.00 7.35
35400.00 7.31
35410.00 7.27
35420.00 7.23
35430.00 7.20
35440.00 7.16
35450.00 7.12
35460.00 7.08
35470.00 7.04
35480.00 7.00
35490.00 6.97
35500.00 6.93
35510.00 6.93
35520.00 6.89
35530.00 6.85
35540.00 6.81
35550.00 6.77
35560.00 6.73
35570.00 6.70
35580.00 6.66
35590.00 6.62
35600.00 6.58
35610.00 6.54
35620.00 6.50
35630.00 6.46
35640.00 6.43
35650.00 6.42
35660.00 6.38
35670.00 6.35
35680.00 6.31
35690.00 6.27
35700.00 6.23
35710.00 6.19
35720.00 6.15
35730.00 6.11
35740.00 6.08
35750.00 6.04
35760.00 6.00
35770.00 5.96
35780.00 5.92
35790.00 5.88
35800.00 5.88
35810.00 5.84
35820.00 5.80
35830.00 5.76
35840.00 5.72
35850.00 5.69
35860.00 5.65
35870.00 5.61
35880.00 5.57
35890.00 5.53
35900.00 5.49
35910.00 5.45
35920.00 5.41
35930.00 5.37
35940.00 5.37
35950.00 5.33
35960.00 5.29
35970.00 5.25
35980.00 5.22
35990.00 5.18
36000.00 5.14
36010.00 5.10
36020.00 5.06
36030.00 5.02
36040.00 4.98
36050.00 4.94
36060.00 4.90
36070.00 4.86
36080.00 4.86
36090.00 4.82
36100.00 4.78
36110.00 4.74
36120.00 4.70
36130.00 4.66
36140.00 4.62
36150.00 4.59
36160.00 4.55
36170.00 4.51
36180.00 4.47
36190.00 4.43
36200.00 4.39
36210.00 4.35
36220.00 4.31
36230.00 4.31
36240.00 4.27
36250.00 4.23
36260.00 4.19
36270.00 4.15
36280.00 4.11
36290.00 4.07
36300.00 4.03
36310.00 3.99
36320.00 3.95
36330.00 3.91
36340.00 3.87
36350.00 3.83
36360.00 3.79
36370.00 3.79
36380.00 3.75
36390.00 3.71
36400.00 3.67
36410.00 3.63
36420.00 3.59
36430.00 3.55
36440.00 3.51
36450.00 3.47
36460.00 3.43
36470.00 3.39
36480.00 3.35
36490.00 3.31
36500.00 3.27
36510.00 3.27
36520.00 3.23
36530.00 3.19
36540.00 3.15
36550.00 3.11
36560.00 3.07
36570.00 3.03
36580.00 2.99
36590.00 2.95
36600.00 2.91
36610.00 2.87
36620.00 2.83
36630.00 2.79
36640.00 2.75
36650.00 2.71
36660.00 2.70
36670.00 2.66
36680.00 2.62
36690.00 2.58
36700.00 2.54
36710.00 2.50
36720.00 2.46
36730.00 2.42
36740.00 2.38
36750.00 2.34
36760.00 2.30
36770.00 2.26
36780.00 2.22
36790.00 2.18
36800.00 2.18
36810.00 2.14
36820.00 2.10
36830.00 2.05
36840.00 2.01
36850.00 1.97
36860.00 1.93
36870.00 1.89
36880.00 1.85
36890.00 1.81
36900.00 1.77
36910.00 1.73
36920.00 1.69
36930.00 1.65
36940.00 1.61
36950.00 1.61
36960.00 1.56
36970.00 1.52
36980.00 1.48
36990.00 1.44
37000.00 1.40
37010.00 1.36
37020.00 1.32
37030.00 1.28
37040.00 1.24
37050.00 1.20
37060.00 1.16
37070.00 1.12
37080.00 1.08
37090.00 1.07
37100.00 1.03
37110.00 0.99
37120.00 0.95
37130.00 0.91
37140.00 0.87
37150.00 0.83
37160.00 0.79
37170.00 0.74
37180.00 0.70
37190.00 0.66
37200.00 0.62
37210.00 0.58
37220.00 0.54
37230.00 0.53
37240.00 0.49
37250.00 0.45
37260.00 0.41
37270.00 0.37
37280.00 0.33
37290.00 0.29
37300.00 0.25
37310.00 0.21
37320.00 0.16
37330.00 0.12
37340.00 0.08
37350.00 0.04
37360.00 0.00
37370.00 0.56
37380.00 1.35
37390.00 2.11
37400.00 3.87
37410.00 6.73
37420.00 8.79
37430.00 10.75
37440.00 10.71
37450.00 10.66
37460.00 10.62
37470.00 10.58
37480.00 10.84
37490.00 12.60
37500.00 14.36
37510.00 15.12
37520.00 16.41
37530.00 15.87
37540.00 15.83
37550.00 16.29
37560.00 16.54
37570.00 16.70
37580.00 16.46
37590.00 15.92
37600.00 15.28
37610.00 14.74
37620.00 14.99
37630.00 15.75
37640.00 15.91
37650.00 16.97
37660.00 18.26
37670.00 17.92
37680.00 17.58
37690.00 16.84
37700.00 16.20
37710.00 15.96
37720.00 16.11
37730.00 16.07
37740.00 15.83
37750.00 15.79
37760.00 16.55
37770.00 18.00
37780.00 19.26
37790.00 23.12
37800.00 26.78
37810.00 29.37
37820.00 30.63
37830.00 32.59
37840.00 34.95
37850.00 37.20
37860.00 40.06
37870.00 44.12
37880.00 47.48
37890.00 49.04
37900.00 49.79
37910.00 49.75
37920.00 50.41
37930.00 50.67
37940.00 50.93
37950.00 50.32
37960.00 49.58
37970.00 49.54
37980.00 49.69
37990.00 49.15
38000.00 49.11
38010.00 49.37
38020.00 49.82
38030.00 50.58
38040.00 50.74
38050.00 50.50
38060.00 51.16
38070.00 51.71
38080.00 52.37
38090.00 53.13
38100.00 54.72
38110.00 56.48
38120.00 58.04
38130.00 60.59
38140.00 63.15
38150.00 65.71
38160.00 67.97
38170.00 68.42
38180.00 69.18
38190.00 70.14
38200.00 70.90
38210.00 71.45
38220.00 71.41
38230.00 71.37
38240.00 72.36
38250.00 72.62
38260.00 73.28
38270.00 73.24
38280.00 73.19
38290.00 73.15
38300.00 72.61
38310.00 73.06
38320.00 73.62
38330.00 74.08
38340.00 75.04
38350.00 75.99
38360.00 77.55
38370.00 77.55
38380.00 81.24
38390.00 83.50
38400.00 85.56
38410.00 87.02
38420.00 86.77
38430.00 86.73
38440.00 86.89
38450.00 89.24
38460.00 90.50
38470.00 92.76
38480.00 95.01
38490.00 97.37
38500.00 99.63
38510.00 102.19
38520.00 104.74
38530.00 109.24
38540.00 111.99
38550.00 114.55
38560.00 116.91
38570.00 119.46
38580.00 121.72
38590.00 123.48
38600.00 123.73
38610.00 124.49
38620.00 124.95
38630.00 125.60
38640.00 125.86
38650.00 127.12
38660.00 126.87
38670.00 130.17
38680.00 129.92
38690.00 128.28
38700.00 127.24
38710.00 126.09
38720.00 124.75
38730.00 123.71
38740.00 125.46
38750.00 129.12
38760.00 133.48
38770.00 137.53
38780.00 141.39
38790.00 145.25
38800.00 148.90
38810.00 149.10
38820.00 156.65
38830.00 163.11
38840.00 165.67
38850.00 166.92
38860.00 166.88
38870.00 168.33
38880.00 168.29
38890.00 169.55
38900.00 170.80
38910.00 172.06
38920.00 172.62
38930.00 173.07
38940.00 172.73
38950.00 174.79
38960.00 173.98
38970.00 175.03
38980.00 176.19
38990.00 177.25
39000.00 178.50
39010.00 179.76
39020.00 181.01
39030.00 182.47
39040.00 184.33
39050.00 186.88
39060.00 190.24
39070.00 193.30
39080.00 194.25
39090.00 194.21
39100.00 195.00
39110.00 195.96
39120.00 197.21
39130.00 198.77
39140.00 199.72
39150.00 202.08
39160.00 205.14
39170.00 208.49
39180.00 211.85
39190.00 215.70
39200.00 219.56
39210.00 221.82
39220.00 223.57
39230.00 224.83
39240.00 224.78
39250.00 223.47
39260.00 223.43
