0.00 382.19 0.00 382.19
39.27 383.38 39.25 380.69
78.53 383.78 78.51 379.98
117.79 384.05 117.77 379.40
157.05 384.25 157.03 378.89
196.31 384.41 196.29 378.42
235.57 384.54 235.55 377.98
274.83 384.64 274.81 377.56
314.10 384.73 314.06 377.16
353.36 384.80 353.32 376.78
392.62 384.86 392.58 376.41
431.88 384.91 431.84 376.05
471.14 384.95 471.10 375.70
510.40 384.98 510.36 375.36
549.66 385.00 549.62 375.02
588.92 385.02 588.88 374.69
628.18 385.03 628.14 374.37
667.44 385.03 667.40 374.05
706.70 385.03 706.66 373.74
745.96 385.03 745.92 373.43
785.22 385.02 785.18 373.13
824.48 385.01 824.44 372.83
863.74 384.99 863.70 372.53
903.01 384.98 902.95 372.24
942.27 384.95 942.21 371.95
981.53 384.93 981.47 371.67
1020.79 384.90 1020.73 371.38
1060.05 384.87 1059.99 371.10
1099.31 384.84 1099.25 370.82
1138.57 384.80 1138.51 370.55
1177.83 384.76 1177.77 370.27
1217.09 384.72 1217.03 370.00
1256.35 384.68 1256.29 369.73
1295.61 384.64 1295.55 369.46
1334.87 384.59 1334.81 369.20
1374.13 384.55 1374.07 368.93
1413.39 384.50 1413.33 368.67
1452.65 384.45 1452.59 368.41
1491.91 384.39 1491.85 368.15
1531.17 384.34 1531.11 367.89
1570.43 384.28 1570.37 367.64
1609.69 384.23 1609.63 367.38
1648.95 384.17 1648.89 367.13
1688.21 384.11 1688.15 366.88
1727.47 384.05 1727.41 366.63
1766.73 383.99 1766.67 366.38
1806.00 383.92 1805.92 366.13
1845.26 383.86 1845.18 365.88
1884.52 383.79 1884.44 365.64
1923.78 383.73 1923.70 365.39
1963.04 383.66 1962.96 365.15
2002.30 383.59 2002.22 364.90
2041.56 383.52 2041.48 364.66
2080.82 383.45 2080.74 364.42
2120.08 383.38 2120.00 364.18
2159.34 383.31 2159.26 363.94
2198.60 383.23 2198.52 363.70
2237.86 383.16 2237.78 363.47
2277.12 383.08 2277.04 363.23
2316.38 383.01 2316.30 362.99
2355.64 382.93 2355.56 362.76
2394.90 382.85 2394.82 362.53
2434.16 382.78 2434.08 362.29
2473.42 382.70 2473.34 362.06
2512.68 382.62 2512.60 361.83
2551.94 382.54 2551.86 361.60
2591.20 382.46 2591.12 361.37
2630.46 382.37 2630.38 361.14
2669.72 382.29 2669.64 360.91
2708.98 382.21 2708.90 360.68
2748.24 382.12 2748.16 360.45
2787.50 382.04 2787.42 360.22
2826.76 381.95 2826.68 360.00
2866.02 381.87 2865.94 359.77
2905.28 381.78 2905.20 359.55
2944.54 381.70 2944.46 359.32
2983.80 381.61 2983.72 359.10
3023.06 381.52 3022.98 358.88
3062.33 381.43 3062.23 358.65
3101.59 381.34 3101.49 358.43
3140.85 381.25 3140.75 358.21
3180.11 381.16 3180.01 357.99
3219.37 381.07 3219.27 357.77
3258.63 380.98 3258.53 357.55
3297.89 380.89 3297.79 357.33
3337.15 380.80 3337.05 357.11
3376.41 380.70 3376.31 356.89
3415.67 380.61 3415.57 356.67
3454.93 380.52 3454.83 356.45
3494.19 380.42 3494.09 356.24
3533.45 380.33 3533.35 356.02
3572.71 380.23 3572.61 355.80
3611.97 380.14 3611.87 355.59
3651.23 380.04 3651.13 355.37
3690.49 379.94 3690.39 355.16
3729.75 379.85 3729.65 354.94
3769.01 379.75 3768.91 354.73
3808.27 379.65 3808.17 354.51
3847.53 379.55 3847.43 354.30
3886.79 379.46 3886.69 354.09
3926.05 379.36 3925.95 353.87
3965.31 379.26 3965.21 353.66
4004.57 379.16 4004.47 353.45
4043.83 379.06 4043.73 353.24
4083.09 378.96 4082.99 353.03
4122.35 378.86 4122.25 352.82
4161.61 378.75 4161.51 352.61
4200.87 378.65 4200.77 352.40
4240.13 378.55 4240.03 352.19
4279.39 378.45 4279.29 351.98
4318.65 378.35 4318.55 351.77
4357.91 378.24 4357.81 351.56
4397.17 378.14 4397.07 351.35
4436.43 378.04 4436.33 351.14
4475.69 377.93 4475.59 350.94
4514.95 377.83 4514.85 350.73
4554.21 377.72 4554.11 350.52
4593.47 377.62 4593.37 350.32
4632.73 377.51 4632.63 350.11
4671.99 377.41 4671.89 349.90
4711.25 377.30 4711.15 349.70
4750.51 377.20 4750.41 349.49
4789.78 377.09 4789.66 349.29
4829.04 376.98 4828.92 349.08
4868.30 376.87 4868.18 348.88
4907.56 376.77 4907.44 348.68
4946.82 376.66 4946.70 348.47
4986.08 376.55 4985.96 348.27
5025.34 376.44 5025.22 348.06
5064.60 376.33 5064.48 347.86
5103.86 376.23 5103.74 347.66
5143.12 376.12 5143.00 347.46
5182.38 376.01 5182.26 347.25
5221.64 375.90 5221.52 347.05
5260.90 375.79 5260.78 346.85
5300.16 375.68 5300.04 346.65
5339.42 375.57 5339.30 346.45
5378.68 375.46 5378.56 346.25
5417.94 375.34 5417.82 346.05
5457.20 375.23 5457.08 345.85
5496.46 375.12 5496.34 345.65
5535.72 375.01 5535.60 345.45
5574.98 374.90 5574.86 345.25
5614.24 374.79 5614.12 345.05
5653.50 374.67 5653.38 344.85
5692.76 374.56 5692.64 344.65
5732.02 374.45 5731.90 344.45
5771.28 374.33 5771.16 344.26
5810.54 374.22 5810.42 344.06
5849.80 374.11 5849.68 343.86
5889.06 373.99 5888.94 343.66
5928.32 373.88 5928.20 343.46
5967.58 373.76 5967.46 343.27
6006.84 373.65 6006.72 343.07
6046.10 373.53 6045.98 342.87
6085.36 373.42 6085.24 342.68
6124.62 373.30 6124.50 342.48
6163.88 373.19 6163.76 342.29
6203.14 373.07 6203.02 342.09
6242.40 372.96 6242.28 341.89
6281.66 372.84 6281.54 341.70
6320.92 372.72 6320.80 341.50
6360.18 372.61 6360.06 341.31
6399.44 372.49 6399.32 341.11
6438.70 372.37 6438.58 340.92
6477.96 372.26 6477.84 340.73
6517.22 372.14 6517.10 340.53
6556.48 372.02 6556.36 340.34
6595.74 371.90 6595.62 340.14
6635.00 371.78 6634.88 339.95
6674.26 371.67 6674.14 339.76
6713.52 371.55 6713.40 339.57
6752.78 371.43 6752.66 339.37
6792.04 371.31 6791.92 339.18
6831.30 371.19 6831.18 338.99
6870.56 371.07 6870.44 338.80
6909.82 370.95 6909.70 338.60
6949.08 370.83 6948.96 338.41
6988.34 370.71 6988.22 338.22
7027.60 370.59 7027.48 338.03
7066.86 370.47 7066.74 337.84
7106.12 370.35 7106.00 337.65
7145.39 370.23 7145.25 337.46
7184.65 370.11 7184.51 337.26
7223.91 369.99 7223.77 337.07
7263.17 369.87 7263.03 336.88
7302.43 369.75 7302.29 336.69
7341.69 369.62 7341.55 336.50
7380.95 369.50 7380.81 336.31
7420.21 369.38 7420.07 336.12
7459.47 369.26 7459.33 335.94
7498.73 369.14 7498.59 335.75
7537.99 369.01 7537.85 335.56
7577.25 368.89 7577.11 335.37
7616.51 368.77 7616.37 335.18
7655.77 368.65 7655.63 334.99
7695.03 368.52 7694.89 334.80
7734.29 368.40 7734.15 334.61
7773.55 368.28 7773.41 334.43
7812.81 368.15 7812.67 334.24
7852.07 368.03 7851.93 334.05
7891.33 367.90 7891.19 333.86
7930.59 367.78 7930.45 333.68
7969.85 367.66 7969.71 333.49
8009.11 367.53 8008.97 333.30
8048.37 367.41 8048.23 333.11
8087.63 367.28 8087.49 332.93
8126.89 367.16 8126.75 332.74
8166.15 367.03 8166.01 332.56
8205.41 366.91 8205.27 332.37
8244.67 366.78 8244.53 332.18
8283.93 366.65 8283.79 332.00
8323.19 366.53 8323.05 331.81
8362.45 366.40 8362.31 331.63
8401.71 366.28 8401.57 331.44
8440.97 366.15 8440.83 331.25
8480.23 366.02 8480.09 331.07
8519.49 365.90 8519.35 330.88
8558.75 365.77 8558.61 330.70
8598.01 365.64 8597.87 330.51
8637.27 365.52 8637.13 330.33
8676.53 365.39 8676.39 330.15
8715.79 365.26 8715.65 329.96
8755.05 365.14 8754.91 329.78
8794.31 365.01 8794.17 329.59
8833.57 364.88 8833.43 329.41
8872.83 364.75 8872.69 329.23
8912.09 364.62 8911.95 329.04
8951.35 364.50 8951.21 328.86
8990.61 364.37 8990.47 328.68
9029.87 364.24 9029.73 328.49
9069.13 364.11 9068.99 328.31
9108.39 363.98 9108.25 328.13
9147.65 363.85 9147.51 327.94
9186.91 363.72 9186.77 327.76
9226.17 363.60 9226.03 327.58
9265.43 363.47 9265.29 327.40
9304.69 363.34 9304.55 327.22
9343.95 363.21 9343.81 327.03
9383.21 363.08 9383.07 326.85
9422.47 362.95 9422.33 326.67
9461.73 362.82 9461.59 326.49
9500.99 362.69 9500.85 326.31
9540.25 362.56 9540.11 326.13
9579.51 362.43 9579.37 325.94
9618.77 362.30 9618.63 325.76
9658.03 362.17 9657.89 325.58
9697.29 362.03 9697.15 325.40
9736.55 361.90 9736.41 325.22
9775.81 361.77 9775.67 325.04
9815.07 361.64 9814.93 324.86
9854.33 361.51 9854.19 324.68
9893.59 361.38 9893.45 324.50
9932.85 361.25 9932.71 324.32
9972.11 361.12 9971.97 324.14
10011.37 360.98 10011.23 323.96
10050.63 360.85 10050.49 323.78
10089.89 360.72 10089.75 323.60
10129.15 360.59 10129.01 323.42
10168.41 360.46 10168.27 323.24
10207.67 360.32 10207.53 323.06
10246.93 360.19 10246.79 322.89
10286.19 360.06 10286.05 322.71
10325.45 359.92 10325.31 322.53
10364.71 359.79 10364.57 322.35
10403.97 359.66 10403.83 322.17
10443.23 359.53 10443.09 321.99
10482.49 359.39 10482.35 321.81
10521.75 359.26 10521.61 321.64
10561.01 359.12 10560.87 321.46
10600.27 358.99 10600.13 321.28
10639.53 358.86 10639.39 321.10
10678.79 358.72 10678.65 320.93
10718.06 358.59 10717.90 320.75
10757.32 358.46 10757.16 320.57
10796.58 358.32 10796.42 320.39
10835.84 358.19 10835.68 320.22
10875.10 358.05 10874.94 320.04
10914.36 357.92 10914.20 319.86
10953.62 357.78 10953.46 319.69
10992.88 357.65 10992.72 319.51
11032.14 357.51 11031.98 319.33
11071.40 357.38 11071.24 319.16
11110.66 357.24 11110.50 318.98
11149.92 357.11 11149.76 318.80
11189.18 356.97 11189.02 318.63
11228.44 356.84 11228.28 318.45
11267.70 356.70 11267.54 318.28
11306.96 356.56 11306.80 318.10
11346.22 356.43 11346.06 317.92
11385.48 356.29 11385.32 317.75
11424.74 356.16 11424.58 317.57
11464.00 356.02 11463.84 317.40
11503.26 355.88 11503.10 317.22
11542.52 355.75 11542.36 317.05
11581.78 355.61 11581.62 316.87
11621.04 355.47 11620.88 316.70
11660.30 355.34 11660.14 316.52
11699.56 355.20 11699.40 316.35
11738.82 355.06 11738.66 316.17
11778.08 354.93 11777.92 316.00
11817.34 354.79 11817.18 315.83
11856.60 354.65 11856.44 315.65
11895.86 354.51 11895.70 315.48
11935.12 354.38 11934.96 315.30
11974.38 354.24 11974.22 315.13
12013.64 354.10 12013.48 314.96
12052.90 353.96 12052.74 314.78
12092.16 353.82 12092.00 314.61
12131.42 353.69 12131.26 314.44
12170.68 353.55 12170.52 314.26
12209.94 353.41 12209.78 314.09
12249.20 353.27 12249.04 313.92
12288.46 353.13 12288.30 313.74
12327.72 352.99 12327.56 313.57
12366.98 352.86 12366.82 313.40
12406.24 352.72 12406.08 313.23
12445.50 352.58 12445.34 313.05
12484.76 352.44 12484.60 312.88
12524.02 352.30 12523.86 312.71
12563.28 352.16 12563.12 312.54
12602.54 352.02 12602.38 312.36
12641.80 351.88 12641.64 312.19
12681.06 351.74 12680.90 312.02
12720.32 351.60 12720.16 311.85
12759.58 351.46 12759.42 311.68
12798.84 351.32 12798.68 311.51
12838.10 351.18 12837.94 311.33
12877.36 351.04 12877.20 311.16
12916.62 350.90 12916.46 310.99
12955.88 350.76 12955.72 310.82
12995.14 350.62 12994.98 310.65
13034.40 350.48 13034.24 310.48
13073.66 350.34 13073.50 310.31
13112.92 350.20 13112.76 310.14
13152.18 350.06 13152.02 309.97
13191.44 349.92 13191.28 309.79
13230.70 349.78 13230.54 309.62
13269.96 349.63 13269.80 309.45
13309.22 349.49 13309.06 309.28
13348.48 349.35 13348.32 309.11
13387.74 349.21 13387.58 308.94
13427.00 349.07 13426.84 308.77
13466.26 348.93 13466.10 308.60
13505.52 348.79 13505.36 308.43
13544.78 348.64 13544.62 308.26
13584.04 348.50 13583.88 308.09
13623.30 348.36 13623.14 307.93
13662.56 348.22 13662.40 307.76
13701.82 348.07 13701.66 307.59
13741.08 347.93 13740.92 307.42
13780.34 347.79 13780.18 307.25
13819.60 347.65 13819.44 307.08
13858.86 347.50 13858.70 306.91
13898.12 347.36 13897.96 306.74
13937.38 347.22 13937.22 306.57
13976.64 347.08 13976.48 306.40
14015.90 346.93 14015.74 306.24
14055.16 346.79 14055.00 306.07
14094.42 346.65 14094.26 305.90
14133.68 346.50 14133.52 305.73
14172.94 346.36 14172.78 305.56
14212.20 346.22 14212.04 305.40
14251.46 346.07 14251.30 305.23
14290.72 345.93 14290.56 305.06
14329.98 345.79 14329.82 304.89
14369.24 345.64 14369.08 304.72
14408.50 345.50 14408.34 304.56
14447.76 345.35 14447.60 304.39
14487.02 345.21 14486.86 304.22
14526.28 345.06 14526.12 304.05
14565.54 344.92 14565.38 303.89
14604.80 344.78 14604.64 303.72
14644.06 344.63 14643.90 303.55
14683.32 344.49 14683.16 303.39
14722.58 344.34 14722.42 303.22
14761.84 344.20 14761.68 303.05
14801.10 344.05 14800.94 302.89
14840.36 343.91 14840.20 302.72
14879.62 343.76 14879.46 302.55
14918.88 343.62 14918.72 302.39
14958.14 343.47 14957.98 302.22
14997.40 343.33 14997.24 302.05
15036.66 343.18 15036.50 301.89
15075.92 343.04 15075.76 301.72
15115.18 342.89 15115.02 301.56
15154.44 342.74 15154.28 301.39
15193.70 342.60 15193.54 301.23
15232.96 342.45 15232.80 301.06
15272.22 342.31 15272.06 300.89
15311.48 342.16 15311.32 300.73
15350.74 342.01 15350.58 300.56
15390.00 341.87 15389.84 300.40
15429.26 341.72 15429.10 300.23
15468.52 341.57 15468.36 300.07
15507.78 341.43 15507.62 299.90
15547.04 341.28 15546.88 299.74
15586.30 341.13 15586.14 299.57
15625.56 340.99 15625.40 299.41
15664.82 340.84 15664.66 299.24
15704.08 340.69 15703.92 299.08
15743.34 340.55 15743.18 298.92
15782.60 340.40 15782.44 298.75
15821.86 340.25 15821.70 298.59
15861.12 340.10 15860.96 298.42
15900.38 339.96 15900.22 298.26
15939.64 339.81 15939.48 298.10
15978.90 339.66 15978.74 297.93
16018.16 339.51 16018.00 297.77
16057.42 339.37 16057.26 297.60
16096.68 339.22 16096.52 297.44
16135.94 339.07 16135.78 297.28
16175.20 338.92 16175.04 297.11
16214.46 338.77 16214.30 296.95
16253.72 338.63 16253.56 296.79
16292.98 338.48 16292.82 296.62
16332.24 338.33 16332.08 296.46
16371.50 338.18 16371.34 296.30
16410.76 338.03 16410.60 296.14
16450.02 337.88 16449.86 295.97
16489.28 337.73 16489.12 295.81
16528.54 337.58 16528.38 295.65
16567.80 337.44 16567.64 295.48
16607.06 337.29 16606.90 295.32
16646.32 337.14 16646.16 295.16
16685.58 336.99 16685.42 295.00
16724.84 336.84 16724.68 294.84
16764.10 336.69 16763.94 294.67
16803.36 336.54 16803.20 294.51
16842.62 336.39 16842.46 294.35
16881.88 336.24 16881.72 294.19
16921.14 336.09 16920.98 294.03
16960.40 335.94 16960.24 293.86
16999.66 335.79 16999.50 293.70
17038.92 335.64 17038.76 293.54
17078.18 335.49 17078.02 293.38
17117.44 335.34 17117.28 293.22
17156.70 335.19 17156.54 293.06
17195.96 335.04 17195.80 292.90
17235.22 334.89 17235.06 292.74
17274.48 334.74 17274.32 292.57
17313.74 334.59 17313.58 292.41
17353.00 334.44 17352.84 292.25
17392.26 334.29 17392.10 292.09
17431.52 334.14 17431.36 291.93
17470.78 333.98 17470.62 291.77
17510.04 333.83 17509.88 291.61
17549.30 333.68 17549.14 291.45
17588.56 333.53 17588.40 291.29
17627.82 333.38 17627.66 291.13
17667.08 333.23 17666.92 290.97
17706.34 333.08 17706.18 290.81
17745.60 332.92 17745.44 290.65
17784.86 332.77 17784.70 290.49
17824.12 332.62 17823.96 290.33
17863.38 332.47 17863.22 290.17
17902.64 332.32 17902.48 290.01
17941.90 332.17 17941.74 289.85
17981.16 332.01 17981.00 289.69
18020.42 331.86 18020.26 289.53
18059.68 331.71 18059.52 289.37
18098.94 331.56 18098.78 289.21
18138.20 331.40 18138.04 289.06
18177.46 331.25 18177.30 288.90
18216.72 331.10 18216.56 288.74
18255.98 330.95 18255.82 288.58
18295.24 330.79 18295.08 288.42
18334.50 330.64 18334.34 288.26
18373.76 330.49 18373.60 288.10
18413.02 330.33 18412.86 287.94
18452.28 330.18 18452.12 287.79
18491.54 330.03 18491.38 287.63
18530.80 329.87 18530.64 287.47
18570.06 329.72 18569.90 287.31
18609.32 329.57 18609.16 287.15
18648.58 329.41 18648.42 287.00
18687.84 329.26 18687.68 286.84
18727.10 329.11 18726.94 286.68
18766.36 328.95 18766.20 286.52
18805.62 328.80 18805.46 286.36
18844.88 328.64 18844.72 286.21
18884.14 328.49 18883.98 286.05
18923.40 328.34 18923.24 285.89
18962.66 328.18 18962.50 285.74
19001.92 328.03 19001.76 285.58
19041.18 327.87 19041.02 285.42
19080.44 327.72 19080.28 285.26
19119.70 327.56 19119.54 285.11
19158.96 327.41 19158.80 284.95
19198.22 327.25 19198.06 284.79
19237.48 327.10 19237.32 284.64
19276.74 326.94 19276.58 284.48
19316.00 326.79 19315.84 284.32
19355.26 326.63 19355.10 284.17
19394.52 326.48 19394.36 284.01
19433.78 326.32 19433.62 283.86
19473.04 326.17 19472.88 283.70
19512.30 326.01 19512.14 283.54
19551.56 325.86 19551.40 283.39
19590.82 325.70 19590.66 283.23
19630.08 325.55 19629.92 283.08
19669.34 325.39 19669.18 282.92
19708.60 325.23 19708.44 282.76
19747.86 325.08 19747.70 282.61
19787.12 324.92 19786.96 282.45
19826.38 324.77 19826.22 282.30
19865.64 324.61 19865.48 282.14
19904.90 324.45 19904.74 281.99
19944.16 324.30 19944.00 281.83
19983.42 324.14 19983.26 281.68
20022.68 323.98 20022.52 281.52
20061.94 323.83 20061.78 281.37
20101.20 323.67 20101.04 281.21
20140.46 323.51 20140.30 281.06
20179.72 323.36 20179.56 280.90
20218.98 323.20 20218.82 280.75
20258.24 323.04 20258.08 280.59
20297.50 322.89 20297.34 280.44
20336.76 322.73 20336.60 280.29
20376.02 322.57 20375.86 280.13
20415.28 322.41 20415.12 279.98
20454.54 322.26 20454.38 279.82
20493.80 322.10 20493.64 279.67
20533.06 321.94 20532.90 279.52
20572.32 321.78 20572.16 279.36
20611.58 321.63 20611.42 279.21
20650.84 321.47 20650.68 279.05
20690.10 321.31 20689.94 278.90
20729.36 321.15 20729.20 278.75
20768.62 320.99 20768.46 278.59
20807.88 320.84 20807.72 278.44
20847.14 320.68 20846.98 278.29
20886.40 320.52 20886.24 278.13
20925.66 320.36 20925.50 277.98
20964.92 320.20 20964.76 277.83
21004.18 320.04 21004.02 277.68
21043.44 319.88 21043.28 277.52
21082.70 319.72 21082.54 277.37
21121.96 319.57 21121.80 277.22
21161.22 319.41 21161.06 277.07
21200.48 319.25 21200.32 276.91
21239.74 319.09 21239.58 276.76
21279.00 318.93 21278.84 276.61
21318.26 318.77 21318.10 276.46
21357.52 318.61 21357.36 276.30
21396.78 318.45 21396.62 276.15
21436.04 318.29 21435.88 276.00
21475.30 318.13 21475.14 275.85
21514.56 317.97 21514.40 275.70
21553.82 317.81 21553.66 275.55
21593.08 317.65 21592.92 275.39
21632.34 317.49 21632.18 275.24
21671.60 317.33 21671.44 275.09
21710.86 317.17 21710.70 274.94
21750.12 317.01 21749.96 274.79
21789.38 316.85 21789.22 274.64
21828.64 316.69 21828.48 274.49
21867.90 316.53 21867.74 274.34
21907.16 316.37 21907.00 274.18
21946.42 316.21 21946.26 274.03
21985.68 316.05 21985.52 273.88
22024.94 315.89 22024.78 273.73
22064.20 315.73 22064.04 273.58
22103.46 315.56 22103.30 273.43
22142.72 315.40 22142.56 273.28
22181.98 315.24 22181.82 273.13
22221.24 315.08 22221.08 272.98
22260.50 314.92 22260.34 272.83
22299.76 314.76 22299.60 272.68
22339.02 314.60 22338.86 272.53
22378.28 314.43 22378.12 272.38
22417.54 314.27 22417.38 272.23
22456.80 314.11 22456.64 272.08
22496.06 313.95 22495.90 271.93
22535.32 313.79 22535.16 271.78
22574.58 313.62 22574.42 271.63
22613.84 313.46 22613.68 271.48
22653.10 313.30 22652.94 271.33
22692.36 313.14 22692.20 271.19
22731.62 312.97 22731.46 271.04
22770.88 312.81 22770.72 270.89
22810.14 312.65 22809.98 270.74
22849.40 312.49 22849.24 270.59
22888.66 312.32 22888.50 270.44
22927.92 312.16 22927.76 270.29
22967.18 312.00 22967.02 270.14
23006.44 311.83 23006.28 270.00
23045.70 311.67 23045.54 269.85
23084.96 311.51 23084.80 269.70
23124.22 311.34 23124.06 269.55
23163.48 311.18 23163.32 269.40
23202.74 311.02 23202.58 269.26
23242.00 310.85 23241.84 269.11
23281.26 310.69 23281.10 268.96
23320.52 310.53 23320.36 268.81
23359.78 310.36 23359.62 268.66
23399.04 310.20 23398.88 268.52
23438.30 310.03 23438.14 268.37
23477.56 309.87 23477.40 268.22
23516.82 309.71 23516.66 268.08
23556.08 309.54 23555.92 267.93
23595.34 309.38 23595.18 267.78
23634.60 309.21 23634.44 267.63
23673.86 309.05 23673.70 267.49
23713.12 308.88 23712.96 267.34
23752.38 308.72 23752.22 267.19
23791.64 308.55 23791.48 267.05
23830.90 308.39 23830.74 266.90
23870.16 308.22 23870.00 266.75
23909.42 308.06 23909.26 266.61
23948.68 307.89 23948.52 266.46
23987.94 307.73 23987.78 266.32
24027.20 307.56 24027.04 266.17
24066.46 307.40 24066.30 266.02
24105.72 307.23 24105.56 265.88
24144.98 307.06 24144.82 265.73
24184.24 306.90 24184.08 265.59
24223.50 306.73 24223.34 265.44
24262.76 306.57 24262.60 265.30
24302.02 306.40 24301.86 265.15
24341.28 306.23 24341.12 265.00
24380.54 306.07 24380.38 264.86
24419.80 305.90 24419.64 264.71
24459.06 305.74 24458.90 264.57
24498.32 305.57 24498.16 264.42
24537.58 305.40 24537.42 264.28
24576.84 305.24 24576.68 264.13
24616.10 305.07 24615.94 263.99
24655.36 304.90 24655.20 263.85
24694.62 304.73 24694.46 263.70
24733.88 304.57 24733.72 263.56
24773.14 304.40 24772.98 263.41
24812.40 304.23 24812.24 263.27
24851.66 304.07 24851.50 263.12
24890.92 303.90 24890.76 262.98
24930.18 303.73 24930.02 262.84
24969.44 303.56 24969.28 262.69
25008.70 303.39 25008.54 262.55
25047.96 303.23 25047.80 262.41
25087.22 303.06 25087.06 262.26
25126.48 302.89 25126.32 262.12
25165.74 302.72 25165.58 261.97
25205.00 302.55 25204.84 261.83
25244.26 302.39 25244.10 261.69
25283.52 302.22 25283.36 261.55
25322.78 302.05 25322.62 261.40
25362.04 301.88 25361.88 261.26
25401.30 301.71 25401.14 261.12
25440.56 301.54 25440.40 260.97
25479.82 301.37 25479.66 260.83
25519.08 301.20 25518.92 260.69
25558.34 301.03 25558.18 260.55
25597.60 300.87 25597.44 260.40
25636.86 300.70 25636.70 260.26
25676.12 300.53 25675.96 260.12
25715.38 300.36 25715.22 259.98
25754.64 300.19 25754.48 259.84
25793.90 300.02 25793.74 259.69
25833.16 299.85 25833.00 259.55
25872.42 299.68 25872.26 259.41
25911.68 299.51 25911.52 259.27
25950.94 299.34 25950.78 259.13
25990.20 299.17 25990.04 258.99
26029.46 299.00 26029.30 258.85
26068.72 298.83 26068.56 258.71
26107.98 298.66 26107.82 258.56
26147.24 298.49 26147.08 258.42
26186.50 298.31 26186.34 258.28
26225.76 298.14 26225.60 258.14
26265.02 297.97 26264.86 258.00
26304.28 297.80 26304.12 257.86
26343.54 297.63 26343.38 257.72
26382.80 297.46 26382.64 257.58
26422.06 297.29 26421.90 257.44
26461.32 297.12 26461.16 257.30
26500.58 296.95 26500.42 257.16
26539.84 296.77 26539.68 257.02
26579.10 296.60 26578.94 256.88
26618.36 296.43 26618.20 256.74
26657.62 296.26 26657.46 256.60
26696.88 296.09 26696.72 256.46
26736.14 295.91 26735.98 256.32
26775.40 295.74 26775.24 256.18
26814.66 295.57 26814.50 256.04
26853.92 295.40 26853.76 255.91
26893.18 295.22 26893.02 255.77
26932.44 295.05 26932.28 255.63
26971.70 294.88 26971.54 255.49
27010.96 294.70 27010.80 255.35
27050.22 294.53 27050.06 255.21
27089.48 294.36 27089.32 255.07
27128.74 294.19 27128.58 254.94
27168.00 294.01 27167.84 254.80
27207.26 293.84 27207.10 254.66
27246.52 293.67 27246.36 254.52
27285.78 293.49 27285.62 254.38
27325.04 293.32 27324.88 254.25
27364.30 293.14 27364.14 254.11
27403.56 292.97 27403.40 253.97
27442.82 292.80 27442.66 253.83
27482.08 292.62 27481.92 253.70
27521.34 292.45 27521.18 253.56
27560.60 292.27 27560.44 253.42
27599.86 292.10 27599.70 253.28
27639.12 291.92 27638.96 253.15
27678.38 291.75 27678.22 253.01
27717.64 291.57 27717.48 252.87
27756.90 291.40 27756.74 252.74
27796.16 291.22 27796.00 252.60
27835.42 291.05 27835.26 252.47
27874.68 290.87 27874.52 252.33
27913.94 290.70 27913.78 252.19
27953.20 290.52 27953.04 252.06
27992.46 290.35 27992.30 251.92
28031.72 290.17 28031.56 251.79
28070.98 289.99 28070.82 251.65
28110.24 289.82 28110.08 251.51
28149.50 289.64 28149.34 251.38
28188.76 289.47 28188.60 251.24
28228.02 289.29 28227.86 251.11
28267.28 289.11 28267.12 250.97
28306.54 288.94 28306.38 250.84
28345.80 288.76 28345.64 250.70
28385.06 288.58 28384.90 250.57
28424.32 288.41 28424.16 250.44
28463.58 288.23 28463.42 250.30
28502.84 288.05 28502.68 250.17
28542.10 287.87 28541.94 250.03
28581.35 287.70 28581.21 249.90
28620.61 287.52 28620.47 249.76
28659.87 287.34 28659.73 249.63
28699.13 287.16 28698.99 249.50
28738.39 286.99 28738.25 249.36
28777.65 286.81 28777.51 249.23
28816.91 286.63 28816.77 249.10
28856.17 286.45 28856.03 248.96
28895.43 286.27 28895.29 248.83
28934.69 286.09 28934.55 248.70
28973.95 285.92 28973.81 248.56
29013.21 285.74 29013.07 248.43
29052.47 285.56 29052.33 248.30
29091.73 285.38 29091.59 248.17
29130.99 285.20 29130.85 248.03
29170.25 285.02 29170.11 247.90
29209.51 284.84 29209.37 247.77
29248.77 284.66 29248.63 247.64
29288.03 284.48 29287.89 247.51
29327.29 284.30 29327.15 247.37
29366.55 284.12 29366.41 247.24
29405.81 283.94 29405.67 247.11
29445.07 283.76 29444.93 246.98
29484.33 283.58 29484.19 246.85
29523.59 283.40 29523.45 246.72
29562.85 283.22 29562.71 246.59
29602.11 283.04 29601.97 246.46
29641.37 282.86 29641.23 246.33
29680.63 282.68 29680.49 246.19
29719.89 282.50 29719.75 246.06
29759.15 282.31 29759.01 245.93
29798.41 282.13 29798.27 245.80
29837.67 281.95 29837.53 245.67
29876.93 281.77 29876.79 245.54
29916.19 281.59 29916.05 245.41
29955.45 281.41 29955.31 245.29
29994.71 281.22 29994.57 245.16
30033.97 281.04 30033.83 245.03
30073.23 280.86 30073.09 244.90
30112.49 280.68 30112.35 244.77
30151.75 280.49 30151.61 244.64
30191.01 280.31 30190.87 244.51
30230.27 280.13 30230.13 244.38
30269.53 279.95 30269.39 244.25
30308.79 279.76 30308.65 244.13
30348.05 279.58 30347.91 244.00
30387.31 279.40 30387.17 243.87
30426.57 279.21 30426.43 243.74
30465.83 279.03 30465.69 243.61
30505.09 278.84 30504.95 243.49
30544.35 278.66 30544.21 243.36
30583.61 278.48 30583.47 243.23
30622.87 278.29 30622.73 243.10
30662.13 278.11 30661.99 242.98
30701.39 277.92 30701.25 242.85
30740.65 277.74 30740.51 242.72
30779.91 277.55 30779.77 242.60
30819.17 277.37 30819.03 242.47
30858.43 277.18 30858.29 242.34
30897.69 277.00 30897.55 242.22
30936.95 276.81 30936.81 242.09
30976.21 276.62 30976.07 241.97
31015.47 276.44 31015.33 241.84
31054.73 276.25 31054.59 241.72
31093.99 276.07 31093.85 241.59
31133.25 275.88 31133.11 241.47
31172.51 275.69 31172.37 241.34
31211.77 275.51 31211.63 241.22
31251.03 275.32 31250.89 241.09
31290.29 275.13 31290.15 240.97
31329.55 274.95 31329.41 240.84
31368.81 274.76 31368.67 240.72
31408.07 274.57 31407.93 240.59
31447.33 274.38 31447.19 240.47
31486.59 274.20 31486.45 240.35
31525.85 274.01 31525.71 240.22
31565.11 273.82 31564.97 240.10
31604.37 273.63 31604.23 239.98
31643.63 273.44 31643.49 239.85
31682.89 273.25 31682.75 239.73
31722.15 273.06 31722.01 239.61
31761.41 272.88 31761.27 239.49
31800.67 272.69 31800.53 239.36
31839.93 272.50 31839.79 239.24
31879.19 272.31 31879.05 239.12
31918.45 272.12 31918.31 239.00
31957.71 271.93 31957.57 238.88
31996.97 271.74 31996.83 238.75
32036.23 271.55 32036.09 238.63
32075.49 271.36 32075.35 238.51
32114.75 271.17 32114.61 238.39
32154.00 270.98 32153.88 238.27
32193.26 270.78 32193.14 238.15
32232.52 270.59 32232.40 238.03
32271.78 270.40 32271.66 237.91
32311.04 270.21 32310.92 237.79
32350.30 270.02 32350.18 237.67
32389.56 269.83 32389.44 237.55
32428.82 269.63 32428.70 237.43
32468.08 269.44 32467.96 237.31
32507.34 269.25 32507.22 237.19
32546.60 269.06 32546.48 237.07
32585.86 268.86 32585.74 236.96
32625.12 268.67 32625.00 236.84
32664.38 268.48 32664.26 236.72
32703.64 268.28 32703.52 236.60
32742.90 268.09 32742.78 236.48
32782.16 267.90 32782.04 236.37
32821.42 267.70 32821.30 236.25
32860.68 267.51 32860.56 236.13
32899.94 267.31 32899.82 236.02
32939.20 267.12 32939.08 235.90
32978.46 266.92 32978.34 235.78
33017.72 266.73 33017.60 235.67
33056.98 266.53 33056.86 235.55
33096.24 266.34 33096.12 235.43
33135.50 266.14 33135.38 235.32
33174.76 265.94 33174.64 235.20
33214.02 265.75 33213.90 235.09
33253.28 265.55 33253.16 234.97
33292.54 265.35 33292.42 234.86
33331.80 265.16 33331.68 234.74
33371.06 264.96 33370.94 234.63
33410.32 264.76 33410.20 234.52
33449.58 264.56 33449.46 234.40
33488.84 264.37 33488.72 234.29
33528.10 264.17 33527.98 234.17
33567.36 263.97 33567.24 234.06
33606.62 263.77 33606.50 233.95
33645.88 263.57 33645.76 233.84
33685.14 263.37 33685.02 233.72
33724.40 263.17 33724.28 233.61
33763.66 262.97 33763.54 233.50
33802.92 262.77 33802.80 233.39
33842.18 262.57 33842.06 233.28
33881.44 262.37 33881.32 233.17
33920.70 262.17 33920.58 233.06
33959.96 261.97 33959.84 232.94
33999.22 261.77 33999.10 232.83
34038.48 261.57 34038.36 232.72
34077.74 261.37 34077.62 232.61
34117.00 261.16 34116.88 232.51
34156.26 260.96 34156.14 232.40
34195.52 260.76 34195.40 232.29
34234.78 260.56 34234.66 232.18
34274.04 260.35 34273.92 232.07
34313.30 260.15 34313.18 231.96
34352.56 259.95 34352.44 231.85
34391.82 259.74 34391.70 231.75
34431.08 259.54 34430.96 231.64
34470.34 259.33 34470.22 231.53
34509.59 259.13 34509.49 231.43
34548.85 258.92 34548.75 231.32
34588.11 258.72 34588.01 231.21
34627.37 258.51 34627.27 231.11
34666.63 258.31 34666.53 231.00
34705.89 258.10 34705.79 230.90
34745.15 257.89 34745.05 230.79
34784.41 257.68 34784.31 230.69
34823.67 257.48 34823.57 230.59
34862.93 257.27 34862.83 230.48
34902.19 257.06 34902.09 230.38
34941.45 256.85 34941.35 230.28
34980.71 256.64 34980.61 230.17
35019.97 256.43 35019.87 230.07
35059.23 256.23 35059.13 229.97
35098.49 256.02 35098.39 229.87
35137.75 255.80 35137.65 229.77
35177.01 255.59 35176.91 229.66
35216.27 255.38 35216.17 229.56
35255.53 255.17 35255.43 229.46
35294.79 254.96 35294.69 229.36
35334.05 254.75 35333.95 229.27
35373.31 254.54 35373.21 229.17
35412.57 254.32 35412.47 229.07
35451.83 254.11 35451.73 228.97
35491.09 253.89 35490.99 228.87
35530.35 253.68 35530.25 228.77
35569.61 253.47 35569.51 228.68
35608.87 253.25 35608.77 228.58
35648.13 253.04 35648.03 228.49
35687.39 252.82 35687.29 228.39
35726.65 252.60 35726.55 228.29
35765.91 252.39 35765.81 228.20
35805.17 252.17 35805.07 228.11
35844.43 251.95 35844.33 228.01
35883.69 251.73 35883.59 227.92
35922.95 251.51 35922.85 227.83
35962.21 251.30 35962.11 227.73
36001.47 251.08 36001.37 227.64
36040.73 250.86 36040.63 227.55
36079.99 250.63 36079.89 227.46
36119.25 250.41 36119.15 227.37
36158.51 250.19 36158.41 227.28
36197.77 249.97 36197.67 227.19
36237.02 249.75 36236.94 227.10
36276.28 249.52 36276.20 227.01
36315.54 249.30 36315.46 226.93
36354.80 249.07 36354.72 226.84
36394.06 248.85 36393.98 226.75
36433.32 248.62 36433.24 226.67
36472.58 248.40 36472.50 226.58
36511.84 248.17 36511.76 226.50
36551.10 247.94 36551.02 226.41
36590.36 247.71 36590.28 226.33
36629.62 247.48 36629.54 226.25
36668.88 247.26 36668.80 226.17
36708.14 247.02 36708.06 226.08
36747.40 246.79 36747.32 226.00
36786.66 246.56 36786.58 225.92
36825.92 246.33 36825.84 225.85
36865.18 246.10 36865.10 225.77
36904.44 245.86 36904.36 225.69
36943.70 245.63 36943.62 225.61
36982.96 245.39 36982.88 225.54
37022.22 245.16 37022.14 225.46
37061.48 244.92 37061.40 225.39
37100.74 244.68 37100.66 225.31
37140.00 244.44 37139.92 225.24
37179.26 244.20 37179.18 225.17
37218.52 243.96 37218.44 225.10
37257.78 243.72 37257.70 225.03
37297.04 243.47 37296.96 224.96
37336.30 243.23 37336.22 224.89
37375.56 242.99 37375.48 224.83
37414.82 242.74 37414.74 224.76
37454.08 242.49 37454.00 224.70
37493.33 242.24 37493.27 224.64
37532.59 241.99 37532.53 224.57
37571.85 241.74 37571.79 224.51
37611.11 241.49 37611.05 224.45
37650.37 241.24 37650.31 224.39
37689.63 240.98 37689.57 224.34
37728.89 240.73 37728.83 224.28
37768.15 240.47 37768.09 224.23
37807.41 240.21 37807.35 224.18
37846.67 239.95 37846.61 224.13
37885.93 239.69 37885.87 224.08
37925.19 239.42 37925.13 224.03
37964.45 239.16 37964.39 223.98
38003.71 238.89 38003.65 223.94
38042.97 238.62 38042.91 223.90
38082.23 238.35 38082.17 223.86
38121.49 238.07 38121.43 223.82
38160.75 237.80 38160.69 223.78
38200.01 237.52 38199.95 223.75
38239.27 237.24 38239.21 223.72
38278.53 236.96 38278.47 223.69
38317.79 236.67 38317.73 223.67
38357.05 236.38 38356.99 223.65
38396.30 236.09 38396.26 223.63
38435.56 235.79 38435.52 223.61
38474.82 235.49 38474.78 223.60
38514.08 235.19 38514.04 223.59
38553.34 234.88 38553.30 223.59
38592.60 234.57 38592.56 223.59
38631.86 234.25 38631.82 223.59
38671.12 233.93 38671.08 223.60
38710.38 233.60 38710.34 223.62
38749.64 233.27 38749.60 223.64
38788.90 232.92 38788.86 223.67
38828.16 232.57 38828.12 223.71
38867.42 232.21 38867.38 223.76
38906.68 231.84 38906.64 223.82
38945.94 231.46 38945.90 223.89
38985.19 231.06 38985.17 223.98
39024.45 230.64 39024.43 224.08
39063.71 230.20 39063.69 224.21
39102.97 229.73 39102.95 224.37
39142.23 229.22 39142.21 224.57
39181.49 228.64 39181.47 224.84
39220.75 227.93 39220.73 225.24
39260.00 226.43 39260.00 226.43
