0.00 190.58 0.00 190.58
34.04 192.14 34.06 189.64
68.08 192.97 68.12 189.44
102.13 193.68 102.17 189.35
136.18 194.32 136.22 189.33
170.22 194.93 170.28 189.35
204.27 195.51 204.33 189.40
238.32 196.06 238.38 189.47
272.37 196.60 272.43 189.55
306.42 197.12 306.48 189.65
340.46 197.63 340.54 189.76
374.51 198.14 374.59 189.89
408.56 198.63 408.64 190.02
442.61 199.11 442.69 190.15
476.66 199.59 476.74 190.30
510.71 200.07 510.79 190.45
544.75 200.53 544.85 190.61
578.80 200.99 578.90 190.77
612.85 201.45 612.95 190.93
646.90 201.90 647.00 191.11
680.95 202.35 681.05 191.28
715.00 202.80 715.10 191.46
749.05 203.24 749.15 191.64
783.10 203.68 783.20 191.82
817.14 204.12 817.26 192.01
851.19 204.55 851.31 192.20
885.24 204.98 885.36 192.39
919.29 205.41 919.41 192.59
953.34 205.84 953.46 192.79
987.39 206.26 987.51 192.99
1021.44 206.68 1021.56 193.19
1055.49 207.10 1055.61 193.39
1089.54 207.52 1089.66 193.60
1123.59 207.94 1123.71 193.80
1157.63 208.35 1157.77 194.01
1191.68 208.76 1191.82 194.22
1225.73 209.17 1225.87 194.44
1259.78 209.58 1259.92 194.65
1293.83 209.99 1293.97 194.87
1327.88 210.40 1328.02 195.08
1361.93 210.80 1362.07 195.30
1395.98 211.21 1396.12 195.52
1430.03 211.61 1430.17 195.74
1464.08 212.01 1464.22 195.96
1498.13 212.41 1498.27 196.19
1532.17 212.81 1532.33 196.41
1566.22 213.21 1566.38 196.64
1600.27 213.61 1600.43 196.86
1634.32 214.00 1634.48 197.09
1668.37 214.40 1668.53 197.32
1702.42 214.79 1702.58 197.55
1736.47 215.18 1736.63 197.78
1770.52 215.58 1770.68 198.01
1804.57 215.97 1804.73 198.25
1838.62 216.36 1838.78 198.48
1872.67 216.75 1872.83 198.71
1906.72 217.14 1906.88 198.95
1940.77 217.52 1940.93 199.18
1974.82 217.91 1974.98 199.42
2008.86 218.30 2009.04 199.66
2042.91 218.68 2043.09 199.90
2076.96 219.07 2077.14 200.13
2111.01 219.45 2111.19 200.37
2145.06 219.83 2145.24 200.61
2179.11 220.22 2179.29 200.86
2213.16 220.60 2213.34 201.10
2247.21 220.98 2247.39 201.34
2281.26 221.36 2281.44 201.58
2315.31 221.74 2315.49 201.83
2349.36 222.12 2349.54 202.07
2383.41 222.50 2383.59 202.31
2417.46 222.88 2417.64 202.56
2451.51 223.25 2451.69 202.81
2485.56 223.63 2485.74 203.05
2519.61 224.01 2519.79 203.30
2553.65 224.38 2553.85 203.55
2587.70 224.76 2587.90 203.80
2621.75 225.13 2621.95 204.04
2655.80 225.51 2656.00 204.29
2689.85 225.88 2690.05 204.54
2723.90 226.25 2724.10 204.79
2757.95 226.63 2758.15 205.05
2792.00 227.00 2792.20 205.30
2826.05 227.37 2826.25 205.55
2860.10 227.74 2860.30 205.80
2894.15 228.11 2894.35 206.05
2928.20 228.48 2928.40 206.31
2962.25 228.85 2962.45 206.56
2996.30 229.22 2996.50 206.81
3030.35 229.59 3030.55 207.07
3064.40 229.96 3064.60 207.32
3098.45 230.33 3098.65 207.58
3132.50 230.70 3132.70 207.83
3166.54 231.07 3166.76 208.09
3200.59 231.43 3200.81 208.35
3234.64 231.80 3234.86 208.60
3268.69 232.16 3268.91 208.86
3302.74 232.53 3302.96 209.12
3336.79 232.90 3337.01 209.38
3370.84 233.26 3371.06 209.64
3404.89 233.63 3405.11 209.89
3438.94 233.99 3439.16 210.15
3472.99 234.35 3473.21 210.41
3507.04 234.72 3507.26 210.67
3541.09 235.08 3541.31 210.93
3575.14 235.44 3575.36 211.19
3609.19 235.81 3609.41 211.46
3643.24 236.17 3643.46 211.72
3677.29 236.53 3677.51 211.98
3711.34 236.89 3711.56 212.24
3745.39 237.25 3745.61 212.50
3779.44 237.61 3779.66 212.77
3813.49 237.98 3813.71 213.03
3847.54 238.34 3847.76 213.29
3881.58 238.70 3881.82 213.56
3915.63 239.06 3915.87 213.82
3949.68 239.41 3949.92 214.08
3983.73 239.77 3983.97 214.35
4017.78 240.13 4018.02 214.61
4051.83 240.49 4052.07 214.88
4085.88 240.85 4086.12 215.14
4119.93 241.21 4120.17 215.41
4153.98 241.56 4154.22 215.67
4188.03 241.92 4188.27 215.94
4222.08 242.28 4222.32 216.21
4256.13 242.64 4256.37 216.47
4290.18 242.99 4290.42 216.74
4324.23 243.35 4324.47 217.01
4358.28 243.70 4358.52 217.28
4392.33 244.06 4392.57 217.54
4426.38 244.42 4426.62 217.81
4460.43 244.77 4460.67 218.08
4494.48 245.13 4494.72 218.35
4528.53 245.48 4528.77 218.62
4562.58 245.83 4562.82 218.89
4596.63 246.19 4596.87 219.16
4630.68 246.54 4630.92 219.43
4664.73 246.90 4664.97 219.70
4698.78 247.25 4699.02 219.97
4732.82 247.60 4733.08 220.24
4766.87 247.96 4767.13 220.51
4800.92 248.31 4801.18 220.78
4834.97 248.66 4835.23 221.05
4869.02 249.01 4869.28 221.32
4903.07 249.37 4903.33 221.59
4937.12 249.72 4937.38 221.86
4971.17 250.07 4971.43 222.14
5005.22 250.42 5005.48 222.41
5039.27 250.77 5039.53 222.68
5073.32 251.12 5073.58 222.95
5107.37 251.47 5107.63 223.23
5141.42 251.82 5141.68 223.50
5175.47 252.17 5175.73 223.77
5209.52 252.52 5209.78 224.05
5243.57 252.87 5243.83 224.32
5277.62 253.22 5277.88 224.59
5311.67 253.57 5311.93 224.87
5345.72 253.92 5345.98 225.14
5379.77 254.27 5380.03 225.42
5413.82 254.62 5414.08 225.69
5447.87 254.97 5448.13 225.97
5481.92 255.32 5482.18 226.24
5515.97 255.66 5516.23 226.52
5550.02 256.01 5550.28 226.79
5584.07 256.36 5584.33 227.07
5618.12 256.71 5618.38 227.35
5652.17 257.06 5652.43 227.62
5686.21 257.40 5686.49 227.90
5720.26 257.75 5720.54 228.18
5754.31 258.10 5754.59 228.45
5788.36 258.44 5788.64 228.73
5822.41 258.79 5822.69 229.01
5856.46 259.14 5856.74 229.28
5890.51 259.48 5890.79 229.56
5924.56 259.83 5924.84 229.84
5958.61 260.17 5958.89 230.12
5992.66 260.52 5992.94 230.39
6026.71 260.86 6026.99 230.67
6060.76 261.21 6061.04 230.95
6094.81 261.55 6095.09 231.23
6128.86 261.90 6129.14 231.51
6162.91 262.24 6163.19 231.79
6196.96 262.59 6197.24 232.07
6231.01 262.93 6231.29 232.35
6265.06 263.28 6265.34 232.63
6299.11 263.62 6299.39 232.90
6333.16 263.96 6333.44 233.18
6367.21 264.31 6367.49 233.46
6401.26 264.65 6401.54 233.74
6435.31 264.99 6435.59 234.02
6469.36 265.34 6469.64 234.31
6503.41 265.68 6503.69 234.59
6537.46 266.02 6537.74 234.87
6571.51 266.37 6571.79 235.15
6605.56 266.71 6605.84 235.43
6639.61 267.05 6639.89 235.71
6673.66 267.39 6673.94 235.99
6707.71 267.74 6707.99 236.27
6741.76 268.08 6742.04 236.55
6775.81 268.42 6776.09 236.84
6809.86 268.76 6810.14 237.12
6843.90 269.10 6844.20 237.40
6877.95 269.44 6878.25 237.68
6912.00 269.78 6912.30 237.97
6946.05 270.13 6946.35 238.25
6980.10 270.47 6980.40 238.53
7014.15 270.81 7014.45 238.81
7048.20 271.15 7048.50 239.10
7082.25 271.49 7082.55 239.38
7116.30 271.83 7116.60 239.66
7150.35 272.17 7150.65 239.95
7184.40 272.51 7184.70 240.23
7218.45 272.85 7218.75 240.52
7252.50 273.19 7252.80 240.80
7286.55 273.53 7286.85 241.08
7320.60 273.87 7320.90 241.37
7354.65 274.20 7354.95 241.65
7388.70 274.54 7389.00 241.94
7422.75 274.88 7423.05 242.22
7456.80 275.22 7457.10 242.51
7490.85 275.56 7491.15 242.79
7524.90 275.90 7525.20 243.08
7558.95 276.24 7559.25 243.36
7593.00 276.57 7593.30 243.65
7627.05 276.91 7627.35 243.93
7661.10 277.25 7661.40 244.22
7695.15 277.59 7695.45 244.50
7729.20 277.93 7729.50 244.79
7763.25 278.26 7763.55 245.08
7797.30 278.60 7797.60 245.36
7831.35 278.94 7831.65 245.65
7865.40 279.28 7865.70 245.94
7899.45 279.61 7899.75 246.22
7933.50 279.95 7933.80 246.51
7967.55 280.29 7967.85 246.80
8001.60 280.62 8001.90 247.08
8035.65 280.96 8035.95 247.37
8069.70 281.30 8070.00 247.66
8103.75 281.63 8104.05 247.94
8137.80 281.97 8138.10 248.23
8171.85 282.30 8172.15 248.52
8205.90 282.64 8206.20 248.81
8239.94 282.97 8240.26 249.10
8273.99 283.31 8274.31 249.38
8308.04 283.65 8308.36 249.67
8342.09 283.98 8342.41 249.96
8376.14 284.32 8376.46 250.25
8410.19 284.65 8410.51 250.54
8444.24 284.99 8444.56 250.83
8478.29 285.32 8478.61 251.11
8512.34 285.66 8512.66 251.40
8546.39 285.99 8546.71 251.69
8580.44 286.32 8580.76 251.98
8614.49 286.66 8614.81 252.27
8648.54 286.99 8648.86 252.56
8682.59 287.33 8682.91 252.85
8716.64 287.66 8716.96 253.14
8750.69 288.00 8751.01 253.43
8784.74 288.33 8785.06 253.72
8818.79 288.66 8819.11 254.01
8852.84 289.00 8853.16 254.30
8886.89 289.33 8887.21 254.59
8920.94 289.66 8921.26 254.88
8954.99 290.00 8955.31 255.17
8989.04 290.33 8989.36 255.46
9023.09 290.66 9023.41 255.75
9057.14 290.99 9057.46 256.04
9091.19 291.33 9091.51 256.33
9125.24 291.66 9125.56 256.62
9159.29 291.99 9159.61 256.91
9193.34 292.32 9193.66 257.21
9227.39 292.66 9227.71 257.50
9261.44 292.99 9261.76 257.79
9295.49 293.32 9295.81 258.08
9329.54 293.65 9329.86 258.37
9363.59 293.98 9363.91 258.66
9397.64 294.32 9397.96 258.96
9431.69 294.65 9432.01 259.25
9465.74 294.98 9466.06 259.54
9499.79 295.31 9500.11 259.83
9533.84 295.64 9534.16 260.12
9567.89 295.97 9568.21 260.42
9601.94 296.30 9602.26 260.71
9635.99 296.64 9636.31 261.00
9670.04 296.97 9670.36 261.29
9704.09 297.30 9704.41 261.59
9738.14 297.63 9738.46 261.88
9772.19 297.96 9772.51 262.17
9806.24 298.29 9806.56 262.47
9840.29 298.62 9840.61 262.76
9874.34 298.95 9874.66 263.05
9908.39 299.28 9908.71 263.35
9942.44 299.61 9942.76 263.64
9976.49 299.94 9976.81 263.93
10010.53 300.27 10010.87 264.23
10044.58 300.60 10044.92 264.52
10078.63 300.93 10078.97 264.82
10112.68 301.26 10113.02 265.11
10146.73 301.59 10147.07 265.41
10180.78 301.91 10181.12 265.70
10214.83 302.24 10215.17 265.99
10248.88 302.57 10249.22 266.29
10282.93 302.90 10283.27 266.58
10316.98 303.23 10317.32 266.88
10351.03 303.56 10351.37 267.17
10385.08 303.89 10385.42 267.47
10419.13 304.22 10419.47 267.76
10453.18 304.54 10453.52 268.06
10487.23 304.87 10487.57 268.35
10521.28 305.20 10521.62 268.65
10555.33 305.53 10555.67 268.94
10589.38 305.86 10589.72 269.24
10623.43 306.19 10623.77 269.54
10657.48 306.51 10657.82 269.83
10691.53 306.84 10691.87 270.13
10725.58 307.17 10725.92 270.42
10759.63 307.50 10759.97 270.72
10793.68 307.82 10794.02 271.02
10827.73 308.15 10828.07 271.31
10861.78 308.48 10862.12 271.61
10895.83 308.81 10896.17 271.90
10929.88 309.13 10930.22 272.20
10963.93 309.46 10964.27 272.50
10997.98 309.79 10998.32 272.79
11032.03 310.11 11032.37 273.09
11066.08 310.44 11066.42 273.39
11100.13 310.77 11100.47 273.69
11134.18 311.09 11134.52 273.98
11168.23 311.42 11168.57 274.28
11202.28 311.74 11202.62 274.58
11236.33 312.07 11236.67 274.87
11270.38 312.40 11270.72 275.17
11304.43 312.72 11304.77 275.47
11338.48 313.05 11338.82 275.77
11372.53 313.37 11372.87 276.07
11406.58 313.70 11406.92 276.36
11440.63 314.03 11440.97 276.66
11474.68 314.35 11475.02 276.96
11508.73 314.68 11509.07 277.26
11542.78 315.00 11543.12 277.56
11576.83 315.33 11577.17 277.85
11610.88 315.65 11611.22 278.15
11644.93 315.98 11645.27 278.45
11678.98 316.30 11679.32 278.75
11713.03 316.63 11713.37 279.05
11747.08 316.95 11747.42 279.35
11781.13 317.28 11781.47 279.65
11815.18 317.60 11815.52 279.95
11849.23 317.93 11849.57 280.25
11883.28 318.25 11883.62 280.54
11917.33 318.57 11917.67 280.84
11951.38 318.90 11951.72 281.14
11985.43 319.22 11985.77 281.44
12019.48 319.55 12019.82 281.74
12053.53 319.87 12053.87 282.04
12087.58 320.19 12087.92 282.34
12121.63 320.52 12121.97 282.64
12155.68 320.84 12156.02 282.94
12189.73 321.16 12190.07 283.24
12223.78 321.49 12224.12 283.54
12257.83 321.81 12258.17 283.84
12291.88 322.13 12292.22 284.14
12325.93 322.46 12326.27 284.44
12359.98 322.78 12360.32 284.74
12394.03 323.10 12394.37 285.04
12428.08 323.43 12428.42 285.34
12462.13 323.75 12462.47 285.64
12496.18 324.07 12496.52 285.95
12530.23 324.40 12530.57 286.25
12564.28 324.72 12564.62 286.55
12598.33 325.04 12598.67 286.85
12632.38 325.36 12632.72 287.15
12666.42 325.69 12666.78 287.45
12700.47 326.01 12700.83 287.75
12734.52 326.33 12734.88 288.05
12768.57 326.65 12768.93 288.36
12802.62 326.97 12802.98 288.66
12836.67 327.30 12837.03 288.96
12870.72 327.62 12871.08 289.26
12904.77 327.94 12905.13 289.56
12938.82 328.26 12939.18 289.86
12972.87 328.58 12973.23 290.17
13006.92 328.90 13007.28 290.47
13040.97 329.22 13041.33 290.77
13075.02 329.55 13075.38 291.07
13109.07 329.87 13109.43 291.38
13143.12 330.19 13143.48 291.68
13177.17 330.51 13177.53 291.98
13211.22 330.83 13211.58 292.28
13245.27 331.15 13245.63 292.59
13279.32 331.47 13279.68 292.89
13313.37 331.79 13313.73 293.19
13347.42 332.11 13347.78 293.49
13381.47 332.43 13381.83 293.80
13415.52 332.75 13415.88 294.10
13449.57 333.07 13449.93 294.40
13483.62 333.39 13483.98 294.71
13517.67 333.71 13518.03 295.01
13551.72 334.03 13552.08 295.31
13585.77 334.35 13586.13 295.62
13619.82 334.67 13620.18 295.92
13653.87 334.99 13654.23 296.23
13687.92 335.31 13688.28 296.53
13721.97 335.63 13722.33 296.83
13756.02 335.95 13756.38 297.14
13790.07 336.27 13790.43 297.44
13824.12 336.59 13824.48 297.75
13858.17 336.91 13858.53 298.05
13892.22 337.23 13892.58 298.35
13926.27 337.55 13926.63 298.66
13960.32 337.87 13960.68 298.96
13994.37 338.19 13994.73 299.27
14028.42 338.51 14028.78 299.57
14062.47 338.83 14062.83 299.88
14096.52 339.14 14096.88 300.18
14130.57 339.46 14130.93 300.49
14164.62 339.78 14164.98 300.79
14198.67 340.10 14199.03 301.10
14232.72 340.42 14233.08 301.40
14266.77 340.74 14267.13 301.71
14300.82 341.06 14301.18 302.01
14334.87 341.37 14335.23 302.32
14368.92 341.69 14369.28 302.62
14402.97 342.01 14403.33 302.93
14437.02 342.33 14437.38 303.24
14471.07 342.65 14471.43 303.54
14505.12 342.96 14505.48 303.85
14539.17 343.28 14539.53 304.15
14573.22 343.60 14573.58 304.46
14607.27 343.92 14607.63 304.76
14641.32 344.23 14641.68 305.07
14675.37 344.55 14675.73 305.38
14709.42 344.87 14709.78 305.68
14743.47 345.19 14743.83 305.99
14777.52 345.50 14777.88 306.30
14811.57 345.82 14811.93 306.60
14845.62 346.14 14845.98 306.91
14879.67 346.45 14880.03 307.22
14913.72 346.77 14914.08 307.52
14947.77 347.09 14948.13 307.83
14981.82 347.40 14982.18 308.14
15015.87 347.72 15016.23 308.44
15049.92 348.04 15050.28 308.75
15083.97 348.35 15084.33 309.06
15118.02 348.67 15118.38 309.37
15152.07 348.99 15152.43 309.67
15186.12 349.30 15186.48 309.98
15220.17 349.62 15220.53 310.29
15254.22 349.93 15254.58 310.60
15288.27 350.25 15288.63 310.90
15322.32 350.56 15322.68 311.21
15356.37 350.88 15356.73 311.52
15390.42 351.20 15390.78 311.83
15424.47 351.51 15424.83 312.13
15458.52 351.83 15458.88 312.44
15492.57 352.14 15492.93 312.75
15526.62 352.46 15526.98 313.06
15560.67 352.77 15561.03 313.37
15594.72 353.09 15595.08 313.68
15628.77 353.40 15629.13 313.98
15662.82 353.72 15663.18 314.29
15696.87 354.03 15697.23 314.60
15730.92 354.35 15731.28 314.91
15764.97 354.66 15765.33 315.22
15799.02 354.98 15799.38 315.53
15833.07 355.29 15833.43 315.84
15867.12 355.61 15867.48 316.15
15901.17 355.92 15901.53 316.46
15935.22 356.24 15935.58 316.76
15969.27 356.55 15969.63 317.07
16003.32 356.86 16003.68 317.38
16037.37 357.18 16037.73 317.69
16071.42 357.49 16071.78 318.00
16105.47 357.81 16105.83 318.31
16139.52 358.12 16139.88 318.62
16173.57 358.43 16173.93 318.93
16207.62 358.75 16207.98 319.24
16241.67 359.06 16242.03 319.55
16275.72 359.38 16276.08 319.86
16309.77 359.69 16310.13 320.17
16343.82 360.00 16344.18 320.48
16377.87 360.32 16378.23 320.79
16411.92 360.63 16412.28 321.10
16445.97 360.94 16446.33 321.41
16480.02 361.25 16480.38 321.72
16514.07 361.57 16514.43 322.03
16548.12 361.88 16548.48 322.34
16582.17 362.19 16582.53 322.66
16616.22 362.51 16616.58 322.97
16650.27 362.82 16650.63 323.28
16684.32 363.13 16684.68 323.59
16718.37 363.44 16718.73 323.90
16752.42 363.76 16752.78 324.21
16786.47 364.07 16786.83 324.52
16820.52 364.38 16820.88 324.83
16854.57 364.69 16854.93 325.14
16888.62 365.01 16888.98 325.46
16922.67 365.32 16923.03 325.77
16956.72 365.63 16957.08 326.08
16990.77 365.94 16991.13 326.39
17024.82 366.25 17025.18 326.70
17058.87 366.57 17059.23 327.01
17092.92 366.88 17093.28 327.33
17126.97 367.19 17127.33 327.64
17161.02 367.50 17161.38 327.95
17195.07 367.81 17195.43 328.26
17229.12 368.12 17229.48 328.57
17263.17 368.43 17263.53 328.89
17297.22 368.75 17297.58 329.20
17331.27 369.06 17331.63 329.51
17365.32 369.37 17365.68 329.82
17399.37 369.68 17399.73 330.14
17433.42 369.99 17433.78 330.45
17467.47 370.30 17467.83 330.76
17501.52 370.61 17501.88 331.07
17535.57 370.92 17535.93 331.39
17569.62 371.23 17569.98 331.70
17603.67 371.54 17604.03 332.01
17637.72 371.85 17638.08 332.33
17671.77 372.16 17672.13 332.64
17705.82 372.47 17706.18 332.95
17739.87 372.78 17740.23 333.27
17773.92 373.09 17774.28 333.58
17807.97 373.40 17808.33 333.89
17842.02 373.71 17842.38 334.21
17876.07 374.02 17876.43 334.52
17910.12 374.33 17910.48 334.84
17944.17 374.64 17944.53 335.15
17978.22 374.95 17978.58 335.46
18012.27 375.26 18012.63 335.78
18046.32 375.57 18046.68 336.09
18080.37 375.88 18080.73 336.41
18114.42 376.19 18114.78 336.72
18148.47 376.50 18148.83 337.03
18182.52 376.81 18182.88 337.35
18216.57 377.12 18216.93 337.66
18250.62 377.43 18250.98 337.98
18284.67 377.74 18285.03 338.29
18318.72 378.04 18319.08 338.61
18352.77 378.35 18353.13 338.92
18386.82 378.66 18387.18 339.24
18420.87 378.97 18421.23 339.55
18454.92 379.28 18455.28 339.87
18488.97 379.59 18489.33 340.18
18523.02 379.90 18523.38 340.50
18557.07 380.20 18557.43 340.81
18591.12 380.51 18591.48 341.13
18625.17 380.82 18625.53 341.44
18659.22 381.13 18659.58 341.76
18693.27 381.44 18693.63 342.07
18727.32 381.74 18727.68 342.39
18761.37 382.05 18761.73 342.71
18795.42 382.36 18795.78 343.02
18829.47 382.67 18829.83 343.34
18863.52 382.97 18863.88 343.65
18897.57 383.28 18897.93 343.97
18931.62 383.59 18931.98 344.29
18965.67 383.90 18966.03 344.60
18999.72 384.20 19000.08 344.92
19033.77 384.51 19034.13 345.24
19067.82 384.82 19068.18 345.55
19101.87 385.13 19102.23 345.87
19135.92 385.43 19136.28 346.19
19169.97 385.74 19170.33 346.50
19204.02 386.05 19204.38 346.82
19238.07 386.35 19238.43 347.14
19272.12 386.66 19272.48 347.45
19306.17 386.97 19306.53 347.77
19340.22 387.27 19340.58 348.09
19374.27 387.58 19374.63 348.40
19408.32 387.88 19408.68 348.72
19442.37 388.19 19442.73 349.04
19476.42 388.50 19476.78 349.36
19510.47 388.80 19510.83 349.67
19544.52 389.11 19544.88 349.99
19578.57 389.41 19578.93 350.31
19612.62 389.72 19612.98 350.63
19646.67 390.03 19647.03 350.95
19680.72 390.33 19681.08 351.26
19714.77 390.64 19715.13 351.58
19748.82 390.94 19749.18 351.90
19782.87 391.25 19783.23 352.22
19816.92 391.55 19817.28 352.54
19850.97 391.86 19851.33 352.85
19885.02 392.16 19885.38 353.17
19919.07 392.47 19919.43 353.49
19953.12 392.77 19953.48 353.81
19987.17 393.08 19987.53 354.13
20021.22 393.38 20021.58 354.45
20055.27 393.69 20055.63 354.77
20089.32 393.99 20089.68 355.09
20123.37 394.30 20123.73 355.41
20157.42 394.60 20157.78 355.72
20191.47 394.91 20191.83 356.04
20225.52 395.21 20225.88 356.36
20259.57 395.51 20259.93 356.68
20293.62 395.82 20293.98 357.00
20327.67 396.12 20328.03 357.32
20361.72 396.43 20362.08 357.64
20395.77 396.73 20396.13 357.96
20429.82 397.03 20430.18 358.28
20463.87 397.34 20464.23 358.60
20497.92 397.64 20498.28 358.92
20531.97 397.94 20532.33 359.24
20566.02 398.25 20566.38 359.56
20600.07 398.55 20600.43 359.88
20634.12 398.85 20634.48 360.20
20668.17 399.16 20668.53 360.52
20702.22 399.46 20702.58 360.84
20736.27 399.76 20736.63 361.16
20770.32 400.07 20770.68 361.48
20804.37 400.37 20804.73 361.80
20838.42 400.67 20838.78 362.13
20872.47 400.97 20872.83 362.45
20906.52 401.28 20906.88 362.77
20940.57 401.58 20940.93 363.09
20974.62 401.88 20974.98 363.41
21008.67 402.18 21009.03 363.73
21042.72 402.49 21043.08 364.05
21076.77 402.79 21077.13 364.37
21110.82 403.09 21111.18 364.69
21144.87 403.39 21145.23 365.02
21178.92 403.69 21179.28 365.34
21212.97 404.00 21213.33 365.66
21247.02 404.30 21247.38 365.98
21281.07 404.60 21281.43 366.30
21315.12 404.90 21315.48 366.63
21349.17 405.20 21349.53 366.95
21383.22 405.50 21383.58 367.27
21417.28 405.81 21417.62 367.59
21451.33 406.11 21451.67 367.91
21485.38 406.41 21485.72 368.24
21519.43 406.71 21519.77 368.56
21553.48 407.01 21553.82 368.88
21587.53 407.31 21587.87 369.21
21621.58 407.61 21621.92 369.53
21655.63 407.91 21655.97 369.85
21689.68 408.21 21690.02 370.17
21723.73 408.51 21724.07 370.50
21757.78 408.81 21758.12 370.82
21791.83 409.11 21792.17 371.14
21825.88 409.41 21826.22 371.47
21859.93 409.71 21860.27 371.79
21893.98 410.01 21894.32 372.11
21928.03 410.31 21928.37 372.44
21962.08 410.61 21962.42 372.76
21996.13 410.91 21996.47 373.09
22030.18 411.21 22030.52 373.41
22064.23 411.51 22064.57 373.73
22098.28 411.81 22098.62 374.06
22132.33 412.11 22132.67 374.38
22166.38 412.41 22166.72 374.71
22200.43 412.71 22200.77 375.03
22234.48 413.01 22234.82 375.35
22268.53 413.31 22268.87 375.68
22302.58 413.61 22302.92 376.00
22336.63 413.91 22336.97 376.33
22370.68 414.21 22371.02 376.65
22404.73 414.50 22405.07 376.98
22438.78 414.80 22439.12 377.30
22472.83 415.10 22473.17 377.63
22506.88 415.40 22507.22 377.95
22540.93 415.70 22541.27 378.28
22574.98 416.00 22575.32 378.60
22609.03 416.29 22609.37 378.93
22643.08 416.59 22643.42 379.26
22677.13 416.89 22677.47 379.58
22711.18 417.19 22711.52 379.91
22745.23 417.49 22745.57 380.23
22779.28 417.78 22779.62 380.56
22813.33 418.08 22813.67 380.88
22847.38 418.38 22847.72 381.21
22881.43 418.68 22881.77 381.54
22915.48 418.97 22915.82 381.86
22949.53 419.27 22949.87 382.19
22983.58 419.57 22983.92 382.52
23017.63 419.86 23017.97 382.84
23051.68 420.16 23052.02 383.17
23085.73 420.46 23086.07 383.50
23119.78 420.75 23120.12 383.82
23153.83 421.05 23154.17 384.15
23187.88 421.35 23188.22 384.48
23221.93 421.64 23222.27 384.80
23255.98 421.94 23256.32 385.13
23290.03 422.24 23290.37 385.46
23324.08 422.53 23324.42 385.79
23358.13 422.83 23358.47 386.11
23392.18 423.12 23392.52 386.44
23426.23 423.42 23426.57 386.77
23460.28 423.72 23460.62 387.10
23494.33 424.01 23494.67 387.43
23528.38 424.31 23528.72 387.75
23562.43 424.60 23562.77 388.08
23596.48 424.90 23596.82 388.41
23630.53 425.19 23630.87 388.74
23664.58 425.49 23664.92 389.07
23698.63 425.78 23698.97 389.40
23732.68 426.08 23733.02 389.72
23766.73 426.37 23767.07 390.05
23800.78 426.67 23801.12 390.38
23834.83 426.96 23835.17 390.71
23868.88 427.26 23869.22 391.04
23902.93 427.55 23903.27 391.37
23936.98 427.84 23937.32 391.70
23971.03 428.14 23971.37 392.03
24005.08 428.43 24005.42 392.36
24039.13 428.73 24039.47 392.69
24073.19 429.02 24073.51 393.02
24107.24 429.31 24107.56 393.35
24141.29 429.61 24141.61 393.68
24175.34 429.90 24175.66 394.01
24209.39 430.20 24209.71 394.34
24243.44 430.49 24243.76 394.67
24277.49 430.78 24277.81 395.00
24311.54 431.07 24311.86 395.33
24345.59 431.37 24345.91 395.66
24379.64 431.66 24379.96 395.99
24413.69 431.95 24414.01 396.32
24447.74 432.25 24448.06 396.65
24481.79 432.54 24482.11 396.98
24515.84 432.83 24516.16 397.31
24549.89 433.12 24550.21 397.64
24583.94 433.42 24584.26 397.98
24617.99 433.71 24618.31 398.31
24652.04 434.00 24652.36 398.64
24686.09 434.29 24686.41 398.97
24720.14 434.58 24720.46 399.30
24754.19 434.88 24754.51 399.63
24788.24 435.17 24788.56 399.97
24822.29 435.46 24822.61 400.30
24856.34 435.75 24856.66 400.63
24890.39 436.04 24890.71 400.96
24924.44 436.33 24924.76 401.30
24958.49 436.62 24958.81 401.63
24992.54 436.91 24992.86 401.96
25026.59 437.20 25026.91 402.29
25060.64 437.50 25060.96 402.63
25094.69 437.79 25095.01 402.96
25128.74 438.08 25129.06 403.29
25162.79 438.37 25163.11 403.63
25196.84 438.66 25197.16 403.96
25230.89 438.95 25231.21 404.29
25264.94 439.24 25265.26 404.63
25298.99 439.53 25299.31 404.96
25333.04 439.82 25333.36 405.29
25367.09 440.11 25367.41 405.63
25401.14 440.40 25401.46 405.96
25435.19 440.69 25435.51 406.30
25469.24 440.97 25469.56 406.63
25503.29 441.26 25503.61 406.96
25537.34 441.55 25537.66 407.30
25571.39 441.84 25571.71 407.63
25605.44 442.13 25605.76 407.97
25639.49 442.42 25639.81 408.30
25673.54 442.71 25673.86 408.64
25707.59 443.00 25707.91 408.97
25741.64 443.28 25741.96 409.31
25775.69 443.57 25776.01 409.64
25809.74 443.86 25810.06 409.98
25843.80 444.15 25844.10 410.32
25877.85 444.44 25878.15 410.65
25911.90 444.72 25912.20 410.99
25945.95 445.01 25946.25 411.32
25980.00 445.30 25980.30 411.66
26014.05 445.59 26014.35 412.00
26048.10 445.87 26048.40 412.33
26082.15 446.16 26082.45 412.67
26116.20 446.45 26116.50 413.01
26150.25 446.73 26150.55 413.34
26184.30 447.02 26184.60 413.68
26218.35 447.31 26218.65 414.02
26252.40 447.59 26252.70 414.35
26286.45 447.88 26286.75 414.69
26320.50 448.17 26320.80 415.03
26354.55 448.45 26354.85 415.37
26388.60 448.74 26388.90 415.70
26422.65 449.02 26422.95 416.04
26456.70 449.31 26457.00 416.38
26490.75 449.59 26491.05 416.72
26524.80 449.88 26525.10 417.06
26558.85 450.16 26559.15 417.40
26592.90 450.45 26593.20 417.73
26626.95 450.73 26627.25 418.07
26661.00 451.02 26661.30 418.41
26695.05 451.30 26695.35 418.75
26729.10 451.59 26729.40 419.09
26763.15 451.87 26763.45 419.43
26797.20 452.16 26797.50 419.77
26831.25 452.44 26831.55 420.11
26865.30 452.72 26865.60 420.45
26899.35 453.01 26899.65 420.79
26933.40 453.29 26933.70 421.13
26967.45 453.57 26967.75 421.47
27001.50 453.86 27001.80 421.81
27035.55 454.14 27035.85 422.15
27069.60 454.42 27069.90 422.49
27103.65 454.71 27103.95 422.83
27137.70 454.99 27138.00 423.17
27171.75 455.27 27172.05 423.51
27205.80 455.55 27206.10 423.85
27239.86 455.84 27240.14 424.19
27273.91 456.12 27274.19 424.54
27307.96 456.40 27308.24 424.88
27342.01 456.68 27342.29 425.22
27376.06 456.96 27376.34 425.56
27410.11 457.25 27410.39 425.90
27444.16 457.53 27444.44 426.25
27478.21 457.81 27478.49 426.59
27512.26 458.09 27512.54 426.93
27546.31 458.37 27546.59 427.27
27580.36 458.65 27580.64 427.62
27614.41 458.93 27614.69 427.96
27648.46 459.21 27648.74 428.30
27682.51 459.49 27682.79 428.65
27716.56 459.77 27716.84 428.99
27750.61 460.05 27750.89 429.33
27784.66 460.33 27784.94 429.68
27818.71 460.61 27818.99 430.02
27852.76 460.89 27853.04 430.37
27886.81 461.17 27887.09 430.71
27920.86 461.45 27921.14 431.06
27954.91 461.73 27955.19 431.40
27988.96 462.00 27989.24 431.75
28023.01 462.28 28023.29 432.09
28057.06 462.56 28057.34 432.44
28091.11 462.84 28091.39 432.78
28125.16 463.12 28125.44 433.13
28159.21 463.39 28159.49 433.47
28193.26 463.67 28193.54 433.82
28227.31 463.95 28227.59 434.17
28261.36 464.23 28261.64 434.51
28295.41 464.50 28295.69 434.86
28329.46 464.78 28329.74 435.21
28363.51 465.06 28363.79 435.55
28397.57 465.33 28397.83 435.90
28431.62 465.61 28431.88 436.25
28465.67 465.89 28465.93 436.60
28499.72 466.16 28499.98 436.94
28533.77 466.44 28534.03 437.29
28567.82 466.71 28568.08 437.64
28601.87 466.99 28602.13 437.99
28635.92 467.26 28636.18 438.34
28669.97 467.54 28670.23 438.68
28704.02 467.81 28704.28 439.03
28738.07 468.09 28738.33 439.38
28772.12 468.36 28772.38 439.73
28806.17 468.63 28806.43 440.08
28840.22 468.91 28840.48 440.43
28874.27 469.18 28874.53 440.78
28908.32 469.46 28908.58 441.13
28942.37 469.73 28942.63 441.48
28976.42 470.00 28976.68 441.83
29010.47 470.27 29010.73 442.18
29044.52 470.55 29044.78 442.54
29078.57 470.82 29078.83 442.89
29112.62 471.09 29112.88 443.24
29146.67 471.36 29146.93 443.59
29180.72 471.63 29180.98 443.94
29214.77 471.91 29215.03 444.29
29248.82 472.18 29249.08 444.65
29282.87 472.45 29283.13 445.00
29316.92 472.72 29317.18 445.35
29350.98 472.99 29351.22 445.71
29385.03 473.26 29385.27 446.06
29419.08 473.53 29419.32 446.41
29453.13 473.80 29453.37 446.77
29487.18 474.07 29487.42 447.12
29521.23 474.34 29521.47 447.48
29555.28 474.61 29555.52 447.83
29589.33 474.87 29589.57 448.18
29623.38 475.14 29623.62 448.54
29657.43 475.41 29657.67 448.90
29691.48 475.68 29691.72 449.25
29725.53 475.95 29725.77 449.61
29759.58 476.21 29759.82 449.96
29793.63 476.48 29793.87 450.32
29827.68 476.75 29827.92 450.68
29861.73 477.01 29861.97 451.03
29895.78 477.28 29896.02 451.39
29929.83 477.55 29930.07 451.75
29963.88 477.81 29964.12 452.11
29997.93 478.08 29998.17 452.46
30031.98 478.34 30032.22 452.82
30066.03 478.61 30066.27 453.18
30100.08 478.87 30100.32 453.54
30134.13 479.14 30134.37 453.90
30168.18 479.40 30168.42 454.26
30202.24 479.66 30202.46 454.62
30236.29 479.93 30236.51 454.98
30270.34 480.19 30270.56 455.34
30304.39 480.45 30304.61 455.70
30338.44 480.71 30338.66 456.06
30372.49 480.98 30372.71 456.42
30406.54 481.24 30406.76 456.79
30440.59 481.50 30440.81 457.15
30474.64 481.76 30474.86 457.51
30508.69 482.02 30508.91 457.87
30542.74 482.28 30542.96 458.24
30576.79 482.54 30577.01 458.60
30610.84 482.80 30611.06 458.97
30644.89 483.06 30645.11 459.33
30678.94 483.32 30679.16 459.69
30712.99 483.58 30713.21 460.06
30747.04 483.84 30747.26 460.42
30781.09 484.09 30781.31 460.79
30815.14 484.35 30815.36 461.16
30849.19 484.61 30849.41 461.52
30883.24 484.86 30883.46 461.89
30917.30 485.12 30917.50 462.26
30951.35 485.38 30951.55 462.63
30985.40 485.63 30985.60 462.99
31019.45 485.89 31019.65 463.36
31053.50 486.14 31053.70 463.73
31087.55 486.40 31087.75 464.10
31121.60 486.65 31121.80 464.47
31155.65 486.90 31155.85 464.84
31189.70 487.16 31189.90 465.21
31223.75 487.41 31223.95 465.58
31257.80 487.66 31258.00 465.96
31291.85 487.91 31292.05 466.33
31325.90 488.16 31326.10 466.70
31359.95 488.41 31360.15 467.07
31394.00 488.66 31394.20 467.45
31428.05 488.91 31428.25 467.82
31462.10 489.16 31462.30 468.20
31496.15 489.41 31496.35 468.57
31530.21 489.66 31530.39 468.95
31564.26 489.90 31564.44 469.32
31598.31 490.15 31598.49 469.70
31632.36 490.40 31632.54 470.08
31666.41 490.64 31666.59 470.46
31700.46 490.89 31700.64 470.84
31734.51 491.13 31734.69 471.22
31768.56 491.37 31768.74 471.60
31802.61 491.62 31802.79 471.98
31836.66 491.86 31836.84 472.36
31870.71 492.10 31870.89 472.74
31904.76 492.34 31904.94 473.12
31938.81 492.58 31938.99 473.51
31972.86 492.82 31973.04 473.89
32006.91 493.06 32007.09 474.27
32040.96 493.30 32041.14 474.66
32075.02 493.54 32075.18 475.05
32109.07 493.77 32109.23 475.43
32143.12 494.01 32143.28 475.82
32177.17 494.24 32177.33 476.21
32211.22 494.48 32211.38 476.60
32245.27 494.71 32245.43 476.99
32279.32 494.94 32279.48 477.38
32313.37 495.17 32313.53 477.77
32347.42 495.40 32347.58 478.16
32381.47 495.63 32381.63 478.56
32415.52 495.86 32415.68 478.95
32449.57 496.09 32449.73 479.35
32483.62 496.32 32483.78 479.75
32517.67 496.54 32517.83 480.14
32551.73 496.77 32551.87 480.54
32585.78 496.99 32585.92 480.94
32619.83 497.21 32619.97 481.35
32653.88 497.43 32654.02 481.75
32687.93 497.65 32688.07 482.15
32721.98 497.87 32722.12 482.56
32756.03 498.09 32756.17 482.96
32790.08 498.30 32790.22 483.37
32824.13 498.52 32824.27 483.78
32858.18 498.73 32858.32 484.19
32892.23 498.94 32892.37 484.61
32926.29 499.15 32926.41 485.02
32960.34 499.36 32960.46 485.44
32994.39 499.56 32994.51 485.85
33028.44 499.77 33028.56 486.27
33062.49 499.97 33062.61 486.70
33096.54 500.17 33096.66 487.12
33130.59 500.37 33130.71 487.55
33164.64 500.56 33164.76 487.97
33198.69 500.75 33198.81 488.40
33232.74 500.94 33232.86 488.84
33266.80 501.13 33266.90 489.27
33300.85 501.32 33300.95 489.71
33334.90 501.50 33335.00 490.16
33368.95 501.68 33369.05 490.60
33403.00 501.85 33403.10 491.05
33437.05 502.02 33437.15 491.50
33471.10 502.19 33471.20 491.96
33505.15 502.35 33505.25 492.42
33539.21 502.51 33539.29 492.89
33573.26 502.66 33573.34 493.36
33607.31 502.80 33607.39 493.84
33641.36 502.94 33641.44 494.33
33675.41 503.07 33675.49 494.82
33709.46 503.19 33709.54 495.32
33743.52 503.30 33743.58 495.83
33777.57 503.40 33777.63 496.36
33811.62 503.49 33811.68 496.89
33845.67 503.56 33845.73 497.45
33879.72 503.61 33879.78 498.03
33913.78 503.62 33913.82 498.63
33947.83 503.60 33947.87 499.28
33981.88 503.52 33981.92 499.98
34015.94 503.31 34015.96 500.81
34050.00 502.37 34050.00 502.37
