0.00 187.58
10.00 187.67
20.00 187.67
30.00 184.96
40.00 181.24
50.00 178.11
60.00 178.00
70.00 178.00
80.00 178.08
90.00 178.17
100.00 178.24
110.00 178.26
120.00 176.85
130.00 174.81
140.00 169.90
150.00 168.52
160.00 168.59
170.00 168.67
180.00 161.44
190.00 157.83
200.00 158.25
210.00 156.91
220.00 157.00
230.00 157.09
240.00 157.09
250.00 155.68
260.00 150.46
270.00 148.73
280.00 145.05
290.00 139.84
300.00 137.70
310.00 129.59
320.00 128.85
330.00 117.68
340.00 110.16
350.00 107.73
360.00 104.92
370.00 86.14
380.00 89.00
390.00 70.59
400.00 53.88
410.00 53.88
420.00 48.56
430.00 47.33
440.00 40.21
450.00 32.00
460.00 32.00
470.00 22.59
480.00 14.38
490.00 13.54
500.00 7.76
510.00 8.35
520.00 7.71
530.00 0.00
540.00 0.02
550.00 0.09
560.00 0.17
570.00 0.24
580.00 0.26
590.00 0.35
600.00 0.41
610.00 0.50
620.00 0.58
630.00 0.58
640.00 0.67
650.00 0.76
660.00 0.82
670.00 0.84
680.00 0.91
690.00 0.99
700.00 1.08
710.00 1.08
720.00 1.17
730.00 1.25
740.00 1.32
750.00 1.40
760.00 1.42
770.00 1.49
780.00 1.57
790.00 1.64
800.00 1.66
810.00 1.75
820.00 1.81
830.00 1.90
840.00 1.92
850.00 1.98
860.00 2.07
870.00 2.15
880.00 2.22
890.00 2.24
900.00 2.33
910.00 2.39
920.00 2.48
930.00 2.48
940.00 2.56
950.00 2.65
960.00 2.71
970.00 2.73
980.00 2.82
990.00 2.88
1000.00 2.97
1010.00 3.05
1020.00 3.05
1030.00 3.14
1040.00 3.20
1050.00 3.29
1060.00 3.31
1070.00 3.37
1080.00 3.46
1090.00 3.55
1100.00 3.55
1110.00 3.63
1120.00 3.72
1130.00 3.78
1140.00 3.87
1150.00 3.89
1160.00 3.95
1170.00 4.04
1180.00 4.10
1190.00 4.12
1200.00 4.21
1210.00 4.27
1220.00 4.35
1230.00 4.38
1240.00 4.44
1250.00 4.53
1260.00 4.61
1270.00 4.67
1280.00 4.70
1290.00 4.76
1300.00 4.84
1310.00 4.93
1320.00 4.93
1330.00 5.01
1340.00 5.10
1350.00 5.16
1360.00 5.18
1370.00 5.27
1380.00 5.33
1390.00 5.42
1400.00 5.48
1410.00 5.50
1420.00 5.59
1430.00 5.65
1440.00 5.73
1450.00 5.76
1460.00 5.82
1470.00 5.90
1480.00 5.99
1490.00 5.99
1500.00 6.07
1510.00 6.16
1520.00 6.22
1530.00 6.30
1540.00 6.30
1550.00 6.39
1560.00 6.47
1570.00 6.54
1580.00 6.56
1590.00 6.64
1600.00 6.70
1610.00 6.79
1620.00 6.81
1630.00 6.87
1640.00 6.96
1650.00 7.02
1660.00 7.10
1670.00 7.13
1680.00 7.19
1690.00 7.27
1700.00 7.36
1710.00 7.36
1720.00 7.44
1730.00 7.53
1740.00 7.59
1750.00 7.61
1760.00 7.69
1770.00 7.76
1780.00 7.84
1790.00 7.90
1800.00 7.92
1810.00 8.01
1820.00 8.07
1830.00 8.15
1840.00 8.18
1850.00 8.24
1860.00 8.32
1870.00 8.41
1880.00 8.41
1890.00 8.49
1900.00 8.55
1910.00 8.64
1920.00 8.72
1930.00 8.72
1940.00 8.80
1950.00 8.89
1960.00 8.95
1970.00 8.97
1980.00 9.05
1990.00 9.12
2000.00 9.20
2010.00 9.22
2020.00 9.28
2030.00 9.37
2040.00 9.43
2050.00 9.51
2060.00 9.53
2070.00 9.59
2080.00 9.68
2090.00 9.76
2100.00 9.76
2110.00 9.84
2120.00 9.93
2130.00 9.99
2140.00 10.01
2150.00 10.07
2160.00 10.16
2170.00 10.24
2180.00 10.30
2190.00 10.32
2200.00 10.41
2210.00 10.47
2220.00 10.55
2230.00 10.57
2240.00 10.63
2250.00 10.72
2260.00 10.78
2270.00 10.80
2280.00 10.88
2290.00 10.94
2300.00 11.03
2310.00 11.11
2320.00 11.11
2330.00 11.19
2340.00 11.28
2350.00 11.34
2360.00 11.36
2370.00 11.44
2380.00 11.50
2390.00 11.58
2400.00 11.58
2410.00 11.67
2420.00 11.75
2430.00 11.81
2440.00 11.89
2450.00 11.92
2460.00 11.98
2470.00 12.06
2480.00 12.14
2490.00 12.14
2500.00 12.22
2510.00 12.29
2520.00 12.37
2530.00 12.39
2540.00 12.45
2550.00 12.53
2560.00 12.61
2570.00 12.68
2580.00 12.70
2590.00 12.78
2600.00 12.84
2610.00 12.92
2620.00 12.94
2630.00 13.01
2640.00 13.09
2650.00 13.15
2660.00 13.17
2670.00 13.25
2680.00 13.31
2690.00 13.39
2700.00 13.42
2710.00 13.48
2720.00 13.56
2730.00 13.64
2740.00 13.70
2750.00 13.72
2760.00 13.78
2770.00 13.87
2780.00 13.95
2790.00 13.95
2800.00 14.03
2810.00 14.11
2820.00 14.17
2830.00 14.19
2840.00 14.27
2850.00 14.34
2860.00 14.42
2870.00 14.48
2880.00 14.50
2890.00 14.58
2900.00 14.64
2910.00 14.72
2920.00 14.74
2930.00 14.80
2940.00 14.89
2950.00 14.97
2960.00 14.97
2970.00 15.05
2980.00 15.13
2990.00 15.19
3000.00 15.27
3010.00 15.27
3020.00 15.35
3030.00 15.43
3040.00 15.50
3050.00 15.52
3060.00 15.60
3070.00 15.66
3080.00 15.74
3090.00 15.76
3100.00 15.82
3110.00 15.90
3120.00 15.96
3130.00 16.04
3140.00 16.06
3150.00 16.12
3160.00 16.20
3170.00 16.29
3180.00 16.29
3190.00 16.37
3200.00 16.45
3210.00 16.51
3220.00 16.53
3230.00 16.61
3240.00 16.67
3250.00 16.75
3260.00 16.81
3270.00 16.83
3280.00 16.91
3290.00 16.97
3300.00 17.05
3310.00 17.07
3320.00 17.13
3330.00 17.21
3340.00 17.29
3350.00 17.29
3360.00 17.37
3370.00 17.44
3380.00 17.52
3390.00 17.60
3400.00 17.60
3410.00 17.68
3420.00 17.76
3430.00 17.82
3440.00 17.84
3450.00 17.92
3460.00 17.98
3470.00 18.06
3480.00 18.06
3490.00 18.14
3500.00 18.22
3510.00 18.28
3520.00 18.36
3530.00 18.38
3540.00 18.44
3550.00 18.52
3560.00 18.60
3570.00 18.60
3580.00 18.68
3590.00 18.76
3600.00 18.82
3610.00 18.84
3620.00 18.90
3630.00 18.98
3640.00 19.06
3650.00 19.12
3660.00 19.14
3670.00 19.22
3680.00 19.28
3690.00 19.36
3700.00 19.38
3710.00 19.44
3720.00 19.52
3730.00 19.58
3740.00 19.60
3750.00 19.68
3760.00 19.74
3770.00 19.82
3780.00 19.90
3790.00 19.90
3800.00 19.98
3810.00 20.06
3820.00 20.12
3830.00 20.14
3840.00 20.22
3850.00 20.28
3860.00 20.35
3870.00 20.35
3880.00 20.43
3890.00 20.51
3900.00 20.57
3910.00 20.65
3920.00 20.67
3930.00 20.73
3940.00 20.81
3950.00 20.89
3960.00 20.89
3970.00 20.97
3980.00 21.03
3990.00 21.11
4000.00 21.13
4010.00 21.19
4020.00 21.27
4030.00 21.35
4040.00 21.40
4050.00 21.42
4060.00 21.50
4070.00 21.56
4080.00 21.64
4090.00 21.64
4100.00 21.72
4110.00 21.80
4120.00 21.86
4130.00 21.88
4140.00 21.96
4150.00 22.02
4160.00 22.10
4170.00 22.17
4180.00 22.17
4190.00 22.25
4200.00 22.33
4210.00 22.39
4220.00 22.41
4230.00 22.47
4240.00 22.55
4250.00 22.63
4260.00 22.63
4270.00 22.71
4280.00 22.78
4290.00 22.84
4300.00 22.92
4310.00 22.94
4320.00 23.00
4330.00 23.08
4340.00 23.14
4350.00 23.16
4360.00 23.23
4370.00 23.29
4380.00 23.37
4390.00 23.39
4400.00 23.45
4410.00 23.53
4420.00 23.61
4430.00 23.67
4440.00 23.68
4450.00 23.76
4460.00 23.82
4470.00 23.90
4480.00 23.90
4490.00 23.98
4500.00 24.06
4510.00 24.12
4520.00 24.13
4530.00 24.21
4540.00 24.27
4550.00 24.35
4560.00 24.43
4570.00 24.43
4580.00 24.50
4590.00 24.56
4600.00 24.64
4610.00 24.66
4620.00 24.72
4630.00 24.80
4640.00 24.87
4650.00 24.87
4660.00 24.95
4670.00 25.03
4680.00 25.09
4690.00 25.11
4700.00 25.19
4710.00 25.24
4720.00 25.32
4730.00 25.38
4740.00 25.40
4750.00 25.48
4760.00 25.54
4770.00 25.61
4780.00 25.63
4790.00 25.69
4800.00 25.77
4810.00 25.84
4820.00 25.84
4830.00 25.92
4840.00 25.98
4850.00 26.06
4860.00 26.13
4870.00 26.13
4880.00 26.21
4890.00 26.29
4900.00 26.35
4910.00 26.37
4920.00 26.44
4930.00 26.50
4940.00 26.58
4950.00 26.58
4960.00 26.66
4970.00 26.73
4980.00 26.79
4990.00 26.87
5000.00 26.89
5010.00 26.95
5020.00 27.02
5030.00 27.10
5040.00 27.10
5050.00 27.18
5060.00 27.25
5070.00 27.31
5080.00 27.33
5090.00 27.39
5100.00 27.46
5110.00 27.54
5120.00 27.60
5130.00 27.62
5140.00 27.69
5150.00 27.75
5160.00 27.83
5170.00 27.85
5180.00 27.91
5190.00 27.98
5200.00 28.04
5210.00 28.06
5220.00 28.13
5230.00 28.19
5240.00 28.27
5250.00 28.35
5260.00 28.35
5270.00 28.42
5280.00 28.50
5290.00 28.56
5300.00 28.57
5310.00 28.65
5320.00 28.71
5330.00 28.78
5340.00 28.78
5350.00 28.86
5360.00 28.94
5370.00 29.00
5380.00 29.07
5390.00 29.09
5400.00 29.15
5410.00 29.22
5420.00 29.30
5430.00 29.30
5440.00 29.38
5450.00 29.43
5460.00 29.51
5470.00 29.53
5480.00 29.58
5490.00 29.66
5500.00 29.74
5510.00 29.79
5520.00 29.81
5530.00 29.89
5540.00 29.95
5550.00 30.02
5560.00 30.02
5570.00 30.10
5580.00 30.17
5590.00 30.23
5600.00 30.25
5610.00 30.32
5620.00 30.38
5630.00 30.46
5640.00 30.53
5650.00 30.53
5660.00 30.61
5670.00 30.68
5680.00 30.74
5690.00 30.76
5700.00 30.82
5710.00 30.89
5720.00 30.97
5730.00 30.97
5740.00 31.04
5750.00 31.12
5760.00 31.18
5770.00 31.25
5780.00 31.27
5790.00 31.33
5800.00 31.40
5810.00 31.46
5820.00 31.48
5830.00 31.55
5840.00 31.61
5850.00 31.68
5860.00 31.70
5870.00 31.76
5880.00 31.83
5890.00 31.91
5900.00 31.97
5910.00 31.98
5920.00 32.06
5930.00 32.12
5940.00 32.19
5950.00 32.19
5960.00 32.26
5970.00 32.34
5980.00 32.40
5990.00 32.41
6000.00 32.49
6010.00 32.55
6020.00 32.62
6030.00 32.70
6040.00 32.70
6050.00 32.77
6060.00 32.83
6070.00 32.90
6080.00 32.92
6090.00 32.98
6100.00 33.05
6110.00 33.13
6120.00 33.13
6130.00 33.20
6140.00 33.27
6150.00 33.33
6160.00 33.41
6170.00 33.41
6180.00 33.48
6190.00 33.55
6200.00 33.61
6210.00 33.63
6220.00 33.70
6230.00 33.76
6240.00 33.83
6250.00 33.85
6260.00 33.91
6270.00 33.98
6280.00 34.06
6290.00 34.11
6300.00 34.13
6310.00 34.19
6320.00 34.26
6330.00 34.33
6340.00 34.33
6350.00 34.41
6360.00 34.48
6370.00 34.54
6380.00 34.56
6390.00 34.63
6400.00 34.69
6410.00 34.76
6420.00 34.82
6430.00 34.83
6440.00 34.91
6450.00 34.96
6460.00 35.04
6470.00 35.06
6480.00 35.11
6490.00 35.19
6500.00 35.26
6510.00 35.26
6520.00 35.33
6530.00 35.41
6540.00 35.46
6550.00 35.54
6560.00 35.54
6570.00 35.61
6580.00 35.68
6590.00 35.74
6600.00 35.76
6610.00 35.83
6620.00 35.89
6630.00 35.96
6640.00 35.98
6650.00 36.03
6660.00 36.11
6670.00 36.16
6680.00 36.24
6690.00 36.25
6700.00 36.31
6710.00 36.38
6720.00 36.46
6730.00 36.46
6740.00 36.53
6750.00 36.60
6760.00 36.66
6770.00 36.67
6780.00 36.75
6790.00 36.80
6800.00 36.88
6810.00 36.88
6820.00 36.95
6830.00 37.02
6840.00 37.08
6850.00 37.15
6860.00 37.17
6870.00 37.22
6880.00 37.30
6890.00 37.37
6900.00 37.37
6910.00 37.44
6920.00 37.50
6930.00 37.57
6940.00 37.59
6950.00 37.64
6960.00 37.72
6970.00 37.79
6980.00 37.84
6990.00 37.86
7000.00 37.93
7010.00 37.99
7020.00 38.06
7030.00 38.06
7040.00 38.13
7050.00 38.21
7060.00 38.26
7070.00 38.28
7080.00 38.35
7090.00 38.41
7100.00 38.48
7110.00 38.55
7120.00 38.55
7130.00 38.62
7140.00 38.70
7150.00 38.75
7160.00 38.77
7170.00 38.82
7180.00 38.90
7190.00 38.97
7200.00 38.97
7210.00 39.04
7220.00 39.11
7230.00 39.17
7240.00 39.24
7250.00 39.26
7260.00 39.31
7270.00 39.38
7280.00 39.44
7290.00 39.46
7300.00 39.53
7310.00 39.58
7320.00 39.65
7330.00 39.67
7340.00 39.73
7350.00 39.80
7360.00 39.87
7370.00 39.93
7380.00 39.94
7390.00 40.01
7400.00 40.07
7410.00 40.14
7420.00 40.14
7430.00 40.21
7440.00 40.28
7450.00 40.34
7460.00 40.35
7470.00 40.43
7480.00 40.48
7490.00 40.55
7500.00 40.62
7510.00 40.62
7520.00 40.70
7530.00 40.75
7540.00 40.82
7550.00 40.84
7560.00 40.89
7570.00 40.97
7580.00 41.04
7590.00 41.04
7600.00 41.11
7610.00 41.18
7620.00 41.23
7630.00 41.30
7640.00 41.30
7650.00 41.38
7660.00 41.45
7670.00 41.50
7680.00 41.52
7690.00 41.59
7700.00 41.64
7710.00 41.72
7720.00 41.73
7730.00 41.79
7740.00 41.86
7750.00 41.93
7760.00 41.98
7770.00 42.00
7780.00 42.05
7790.00 42.12
7800.00 42.19
7810.00 42.19
7820.00 42.27
7830.00 42.34
7840.00 42.39
7850.00 42.41
7860.00 42.48
7870.00 42.53
7880.00 42.60
7890.00 42.66
7900.00 42.67
7910.00 42.74
7920.00 42.80
7930.00 42.87
7940.00 42.88
7950.00 42.94
7960.00 43.01
7970.00 43.08
7980.00 43.08
7990.00 43.15
8000.00 43.22
8010.00 43.28
8020.00 43.35
8030.00 43.35
8040.00 43.42
8050.00 43.49
8060.00 43.54
8070.00 43.56
8080.00 43.63
8090.00 43.68
8100.00 43.75
8110.00 43.77
8120.00 43.82
8130.00 43.89
8140.00 43.95
8150.00 44.02
8160.00 44.03
8170.00 44.09
8180.00 44.16
8190.00 44.23
8200.00 44.23
8210.00 44.30
8220.00 44.36
8230.00 44.42
8240.00 44.43
8250.00 44.49
8260.00 44.56
8270.00 44.63
8280.00 44.68
8290.00 44.70
8300.00 44.77
8310.00 44.82
8320.00 44.89
8330.00 44.91
8340.00 44.96
8350.00 45.03
8360.00 45.10
8370.00 45.10
8380.00 45.17
8390.00 45.22
8400.00 45.29
8410.00 45.36
8420.00 45.36
8430.00 45.43
8440.00 45.50
8450.00 45.56
8460.00 45.57
8470.00 45.64
8480.00 45.69
8490.00 45.76
8500.00 45.76
8510.00 45.83
8520.00 45.90
8530.00 45.96
8540.00 46.03
8550.00 46.04
8560.00 46.09
8570.00 46.16
8580.00 46.23
8590.00 46.23
8600.00 46.30
8610.00 46.37
8620.00 46.42
8630.00 46.44
8640.00 46.49
8650.00 46.56
8660.00 46.63
8670.00 46.68
8680.00 46.70
8690.00 46.77
8700.00 46.82
8710.00 46.89
8720.00 46.91
8730.00 46.96
8740.00 47.03
8750.00 47.08
8760.00 47.10
8770.00 47.17
8780.00 47.22
8790.00 47.29
8800.00 47.36
8810.00 47.36
8820.00 47.42
8830.00 47.49
8840.00 47.55
8850.00 47.56
8860.00 47.63
8870.00 47.68
8880.00 47.75
8890.00 47.75
8900.00 47.82
8910.00 47.89
8920.00 47.94
8930.00 47.96
8940.00 48.02
8950.00 48.08
8960.00 48.15
8970.00 48.21
8980.00 48.21
8990.00 48.28
9000.00 48.34
9010.00 48.40
9020.00 48.42
9030.00 48.47
9040.00 48.54
9050.00 48.61
9060.00 48.61
9070.00 48.68
9080.00 48.74
9090.00 48.80
9100.00 48.87
9110.00 48.87
9120.00 48.93
9130.00 49.00
9140.00 49.05
9150.00 49.07
9160.00 49.14
9170.00 49.19
9180.00 49.26
9190.00 49.27
9200.00 49.33
9210.00 49.39
9220.00 49.46
9230.00 49.51
9240.00 49.53
9250.00 49.58
9260.00 49.65
9270.00 49.72
9280.00 49.72
9290.00 49.78
9300.00 49.85
9310.00 49.90
9320.00 49.92
9330.00 49.99
9340.00 50.04
9350.00 50.11
9360.00 50.16
9370.00 50.17
9380.00 50.24
9390.00 50.29
9400.00 50.36
9410.00 50.37
9420.00 50.43
9430.00 50.50
9440.00 50.56
9450.00 50.56
9460.00 50.63
9470.00 50.70
9480.00 50.75
9490.00 50.82
9500.00 50.82
9510.00 50.88
9520.00 50.95
9530.00 51.00
9540.00 51.02
9550.00 51.08
9560.00 51.14
9570.00 51.20
9580.00 51.22
9590.00 51.27
9600.00 51.34
9610.00 51.39
9620.00 51.46
9630.00 51.47
9640.00 51.52
9650.00 51.59
9660.00 51.66
9670.00 51.66
9680.00 51.72
9690.00 51.79
9700.00 51.84
9710.00 51.86
9720.00 51.91
9730.00 51.98
9740.00 52.04
9750.00 52.09
9760.00 52.11
9770.00 52.17
9780.00 52.23
9790.00 52.29
9800.00 52.31
9810.00 52.36
9820.00 52.43
9830.00 52.49
9840.00 52.49
9850.00 52.56
9860.00 52.61
9870.00 52.68
9880.00 52.74
9890.00 52.74
9900.00 52.81
9910.00 52.88
9920.00 52.93
9930.00 52.94
9940.00 53.01
9950.00 53.06
9960.00 53.13
9970.00 53.13
9980.00 53.19
9990.00 53.26
10000.00 53.31
10010.00 53.38
10020.00 53.39
10030.00 53.44
10040.00 53.51
10050.00 53.57
10060.00 53.57
10070.00 53.64
10080.00 53.70
10090.00 53.76
10100.00 53.77
10110.00 53.82
10120.00 53.89
10130.00 53.95
10140.00 54.01
10150.00 54.02
10160.00 54.08
10170.00 54.14
10180.00 54.20
10190.00 54.22
10200.00 54.27
10210.00 54.33
10220.00 54.39
10230.00 54.40
10240.00 54.46
10250.00 54.52
10260.00 54.58
10270.00 54.65
10280.00 54.65
10290.00 54.71
10300.00 54.78
10310.00 54.83
10320.00 54.84
10330.00 54.89
10340.00 54.96
10350.00 55.02
10360.00 55.02
10370.00 55.09
10380.00 55.15
10390.00 55.21
10400.00 55.27
10410.00 55.28
10420.00 55.34
10430.00 55.40
10440.00 55.47
10450.00 55.47
10460.00 55.53
10470.00 55.58
10480.00 55.65
10490.00 55.66
10500.00 55.71
10510.00 55.78
10520.00 55.84
10530.00 55.89
10540.00 55.91
10550.00 55.97
10560.00 56.02
10570.00 56.09
10580.00 56.09
10590.00 56.15
10600.00 56.22
10610.00 56.27
10620.00 56.28
10630.00 56.34
10640.00 56.40
10650.00 56.46
10660.00 56.53
10670.00 56.53
10680.00 56.59
10690.00 56.65
10700.00 56.71
10710.00 56.72
10720.00 56.77
10730.00 56.83
10740.00 56.90
10750.00 56.90
10760.00 56.96
10770.00 57.03
10780.00 57.08
10790.00 57.14
10800.00 57.15
10810.00 57.21
10820.00 57.27
10830.00 57.32
10840.00 57.33
10850.00 57.40
10860.00 57.45
10870.00 57.51
10880.00 57.53
10890.00 57.58
10900.00 57.64
10910.00 57.71
10920.00 57.71
10930.00 57.77
10940.00 57.82
10950.00 57.88
10960.00 57.95
10970.00 57.95
10980.00 58.01
10990.00 58.08
11000.00 58.13
11010.00 58.14
11020.00 58.20
11030.00 58.25
11040.00 58.32
11050.00 58.33
11060.00 58.38
11070.00 58.44
11080.00 58.50
11090.00 58.56
11100.00 58.57
11110.00 58.62
11120.00 58.69
11130.00 58.75
11140.00 58.75
11150.00 58.81
11160.00 58.88
11170.00 58.93
11180.00 58.94
11190.00 58.99
11200.00 59.05
11210.00 59.12
11220.00 59.17
11230.00 59.18
11240.00 59.24
11250.00 59.29
11260.00 59.36
11270.00 59.37
11280.00 59.42
11290.00 59.48
11300.00 59.55
11310.00 59.55
11320.00 59.61
11330.00 59.66
11340.00 59.72
11350.00 59.78
11360.00 59.78
11370.00 59.85
11380.00 59.91
11390.00 59.96
11400.00 59.97
11410.00 60.04
11420.00 60.09
11430.00 60.15
11440.00 60.15
11450.00 60.21
11460.00 60.27
11470.00 60.33
11480.00 60.39
11490.00 60.40
11500.00 60.45
11510.00 60.51
11520.00 60.58
11530.00 60.58
11540.00 60.64
11550.00 60.70
11560.00 60.75
11570.00 60.76
11580.00 60.81
11590.00 60.88
11600.00 60.94
11610.00 60.99
11620.00 61.00
11630.00 61.06
11640.00 61.11
11650.00 61.17
11660.00 61.19
11670.00 61.24
11680.00 61.30
11690.00 61.35
11700.00 61.36
11710.00 61.42
11720.00 61.47
11730.00 61.54
11740.00 61.60
11750.00 61.60
11760.00 61.66
11770.00 61.72
11780.00 61.77
11790.00 61.78
11800.00 61.83
11810.00 61.90
11820.00 61.96
11830.00 61.96
11840.00 62.02
11850.00 62.08
11860.00 62.13
11870.00 62.19
11880.00 62.20
11890.00 62.25
11900.00 62.32
11910.00 62.38
11920.00 62.38
11930.00 62.44
11940.00 62.49
11950.00 62.55
11960.00 62.56
11970.00 62.61
11980.00 62.67
11990.00 62.74
12000.00 62.79
12010.00 62.80
12020.00 62.86
12030.00 62.91
12040.00 62.97
12050.00 62.97
12060.00 63.03
12070.00 63.09
12080.00 63.14
12090.00 63.15
12100.00 63.21
12110.00 63.26
12120.00 63.33
12130.00 63.39
12140.00 63.39
12150.00 63.45
12160.00 63.51
12170.00 63.56
12180.00 63.57
12190.00 63.62
12200.00 63.68
12210.00 63.74
12220.00 63.74
12230.00 63.80
12240.00 63.86
12250.00 63.91
12260.00 63.97
12270.00 63.98
12280.00 64.03
12290.00 64.10
12300.00 64.15
12310.00 64.16
12320.00 64.22
12330.00 64.27
12340.00 64.33
12350.00 64.34
12360.00 64.39
12370.00 64.45
12380.00 64.51
12390.00 64.56
12400.00 64.57
12410.00 64.62
12420.00 64.68
12430.00 64.74
12440.00 64.74
12450.00 64.80
12460.00 64.86
12470.00 64.91
12480.00 64.92
12490.00 64.98
12500.00 65.03
12510.00 65.09
12520.00 65.15
12530.00 65.15
12540.00 65.21
12550.00 65.26
12560.00 65.32
12570.00 65.33
12580.00 65.38
12590.00 65.44
12600.00 65.50
12610.00 65.50
12620.00 65.56
12630.00 65.62
12640.00 65.67
12650.00 65.73
12660.00 65.73
12670.00 65.79
12680.00 65.85
12690.00 65.90
12700.00 65.91
12710.00 65.97
12720.00 66.02
12730.00 66.08
12740.00 66.09
12750.00 66.14
12760.00 66.20
12770.00 66.26
12780.00 66.31
12790.00 66.32
12800.00 66.37
12810.00 66.43
12820.00 66.49
12830.00 66.49
12840.00 66.55
12850.00 66.61
12860.00 66.66
12870.00 66.67
12880.00 66.72
12890.00 66.77
12900.00 66.83
12910.00 66.88
12920.00 66.89
12930.00 66.95
12940.00 67.00
12950.00 67.06
12960.00 67.07
12970.00 67.12
12980.00 67.18
12990.00 67.24
13000.00 67.24
13010.00 67.30
13020.00 67.35
13030.00 67.41
13040.00 67.42
13050.00 67.46
13060.00 67.52
13070.00 67.58
13080.00 67.63
13090.00 67.64
13100.00 67.70
13110.00 67.75
13120.00 67.81
13130.00 67.82
13140.00 67.87
13150.00 67.93
13160.00 67.97
13170.00 67.98
13180.00 68.04
13190.00 68.09
13200.00 68.15
13210.00 68.21
13220.00 68.21
13230.00 68.27
13240.00 68.33
13250.00 68.38
13260.00 68.39
13270.00 68.43
13280.00 68.49
13290.00 68.55
13300.00 68.55
13310.00 68.61
13320.00 68.67
13330.00 68.72
13340.00 68.78
13350.00 68.79
13360.00 68.83
13370.00 68.89
13380.00 68.95
13390.00 68.95
13400.00 69.01
13410.00 69.06
13420.00 69.12
13430.00 69.13
13440.00 69.17
13450.00 69.23
13460.00 69.29
13470.00 69.34
13480.00 69.35
13490.00 69.41
13500.00 69.45
13510.00 69.51
13520.00 69.51
13530.00 69.57
13540.00 69.63
13550.00 69.68
13560.00 69.69
13570.00 69.74
13580.00 69.79
13590.00 69.85
13600.00 69.91
13610.00 69.91
13620.00 69.97
13630.00 70.02
13640.00 70.07
13650.00 70.08
13660.00 70.13
13670.00 70.19
13680.00 70.25
13690.00 70.25
13700.00 70.30
13710.00 70.36
13720.00 70.41
13730.00 70.47
13740.00 70.48
13750.00 70.52
13760.00 70.58
13770.00 70.63
13780.00 70.64
13790.00 70.70
13800.00 70.74
13810.00 70.80
13820.00 70.81
13830.00 70.86
13840.00 70.92
13850.00 70.97
13860.00 71.02
13870.00 71.03
13880.00 71.08
13890.00 71.14
13900.00 71.19
13910.00 71.19
13920.00 71.25
13930.00 71.31
13940.00 71.36
13950.00 71.36
13960.00 71.42
13970.00 71.47
13980.00 71.53
13990.00 71.58
14000.00 71.58
14010.00 71.64
14020.00 71.69
14030.00 71.75
14040.00 71.75
14050.00 71.80
14060.00 71.86
14070.00 71.92
14080.00 71.92
14090.00 71.97
14100.00 72.03
14110.00 72.08
14120.00 72.13
14130.00 72.13
14140.00 72.19
14150.00 72.25
14160.00 72.29
14170.00 72.30
14180.00 72.36
14190.00 72.41
14200.00 72.46
14210.00 72.47
14220.00 72.52
14230.00 72.58
14240.00 72.63
14250.00 72.68
14260.00 72.69
14270.00 72.74
14280.00 72.79
14290.00 72.85
14300.00 72.85
14310.00 72.91
14320.00 72.96
14330.00 73.01
14340.00 73.02
14350.00 73.07
14360.00 73.12
14370.00 73.18
14380.00 73.23
14390.00 73.23
14400.00 73.29
14410.00 73.34
14420.00 73.39
14430.00 73.40
14440.00 73.45
14450.00 73.51
14460.00 73.56
14470.00 73.56
14480.00 73.62
14490.00 73.66
14500.00 73.72
14510.00 73.78
14520.00 73.78
14530.00 73.83
14540.00 73.89
14550.00 73.94
14560.00 73.94
14570.00 74.00
14580.00 74.05
14590.00 74.10
14600.00 74.11
14610.00 74.16
14620.00 74.21
14630.00 74.26
14640.00 74.32
14650.00 74.32
14660.00 74.37
14670.00 74.43
14680.00 74.48
14690.00 74.48
14700.00 74.54
14710.00 74.59
14720.00 74.64
14730.00 74.65
14740.00 74.70
14750.00 74.75
14760.00 74.81
14770.00 74.85
14780.00 74.86
14790.00 74.92
14800.00 74.96
14810.00 75.02
14820.00 75.03
14830.00 75.07
14840.00 75.13
14850.00 75.18
14860.00 75.18
14870.00 75.24
14880.00 75.29
14890.00 75.34
14900.00 75.40
14910.00 75.40
14920.00 75.45
14930.00 75.51
14940.00 75.55
14950.00 75.56
14960.00 75.62
14970.00 75.66
14980.00 75.72
14990.00 75.72
15000.00 75.77
15010.00 75.83
15020.00 75.87
15030.00 75.93
15040.00 75.94
15050.00 75.98
15060.00 76.04
15070.00 76.09
15080.00 76.09
15090.00 76.15
15100.00 76.19
15110.00 76.25
15120.00 76.26
15130.00 76.30
15140.00 76.36
15150.00 76.41
15160.00 76.41
15170.00 76.46
15180.00 76.52
15190.00 76.57
15200.00 76.62
15210.00 76.63
15220.00 76.67
15230.00 76.73
15240.00 76.77
15250.00 76.78
15260.00 76.84
15270.00 76.88
15280.00 76.94
15290.00 76.95
15300.00 76.99
15310.00 77.05
15320.00 77.10
15330.00 77.15
15340.00 77.15
15350.00 77.20
15360.00 77.25
15370.00 77.31
15380.00 77.31
15390.00 77.36
15400.00 77.42
15410.00 77.46
15420.00 77.47
15430.00 77.52
15440.00 77.57
15450.00 77.62
15460.00 77.68
15470.00 77.68
15480.00 77.73
15490.00 77.78
15500.00 77.83
15510.00 77.84
15520.00 77.88
15530.00 77.94
15540.00 77.99
15550.00 77.99
15560.00 78.04
15570.00 78.10
15580.00 78.14
15590.00 78.20
15600.00 78.20
15610.00 78.25
15620.00 78.30
15630.00 78.35
15640.00 78.36
15650.00 78.41
15660.00 78.46
15670.00 78.51
15680.00 78.52
15690.00 78.56
15700.00 78.62
15710.00 78.67
15720.00 78.71
15730.00 78.72
15740.00 78.77
15750.00 78.82
15760.00 78.87
15770.00 78.87
15780.00 78.93
15790.00 78.98
15800.00 79.03
15810.00 79.03
15820.00 79.09
15830.00 79.13
15840.00 79.98
15850.00 79.23
15860.00 80.04
15870.00 79.29
15880.00 79.34
15890.00 79.39
15900.00 79.40
15910.00 79.44
15920.00 79.49
15930.00 79.55
15940.00 79.55
15950.00 79.60
15960.00 79.64
15970.00 79.70
15980.00 79.75
15990.00 79.75
16000.00 79.80
16010.00 79.85
16020.00 79.90
16030.00 79.91
16040.00 79.96
16050.00 80.01
16060.00 80.06
16070.00 80.06
16080.00 80.11
16090.00 80.16
16100.00 80.21
16110.00 80.26
16120.00 80.27
16130.00 80.31
16140.00 80.36
16150.00 80.42
16160.00 80.42
16170.00 80.47
16180.00 80.52
16190.00 80.57
16200.00 80.57
16210.00 80.62
16220.00 80.67
16230.00 80.72
16240.00 80.77
16250.00 80.77
16260.00 80.83
16270.00 80.87
16280.00 80.92
16290.00 80.93
16300.00 80.98
16310.00 81.03
16320.00 81.08
16330.00 81.08
16340.00 81.13
16350.00 81.18
16360.00 81.23
16370.00 81.28
16380.00 81.28
16390.00 81.33
16400.00 81.38
16410.00 81.43
16420.00 81.43
16430.00 81.49
16440.00 81.53
16450.00 81.58
16460.00 81.58
16470.00 81.63
16480.00 81.68
16490.00 81.73
16500.00 81.78
16510.00 81.79
16520.00 81.83
16530.00 81.88
16540.00 81.94
16550.00 81.94
16560.00 81.99
16570.00 82.03
16580.00 82.08
16590.00 82.09
16600.00 82.13
16610.00 82.18
16620.00 82.24
16630.00 82.28
16640.00 82.29
16650.00 82.34
16660.00 82.38
16670.00 82.43
16680.00 82.44
16690.00 82.49
16700.00 82.54
16710.00 82.58
16720.00 82.59
16730.00 82.64
16740.00 82.68
16750.00 82.73
16760.00 82.78
16770.00 82.78
16780.00 82.84
16790.00 82.89
16800.00 82.93
16810.00 82.94
16820.00 82.98
16830.00 83.03
16840.00 83.08
16850.00 83.08
16860.00 83.13
16870.00 83.18
16880.00 83.23
16890.00 83.28
16900.00 83.28
16910.00 83.33
16920.00 83.38
16930.00 83.43
16940.00 83.43
16950.00 83.48
16960.00 83.52
16970.00 83.58
16980.00 83.58
16990.00 83.63
17000.00 83.68
17010.00 83.73
17020.00 83.77
17030.00 83.78
17040.00 83.83
17050.00 83.87
17060.00 83.92
17070.00 83.92
17080.00 83.97
17090.00 84.02
17100.00 84.07
17110.00 84.07
17120.00 84.12
17130.00 84.17
17140.00 84.22
17150.00 84.27
17160.00 84.27
17170.00 84.32
17180.00 84.36
17190.00 84.41
17200.00 84.42
17210.00 84.46
17220.00 84.51
17230.00 84.56
17240.00 84.56
17250.00 84.61
17260.00 84.66
17270.00 84.70
17280.00 84.71
17290.00 84.76
17300.00 84.80
17310.00 84.85
17320.00 84.89
17330.00 84.90
17340.00 84.95
17350.00 84.99
17360.00 85.04
17370.00 85.05
17380.00 85.09
17390.00 85.14
17400.00 85.19
17410.00 85.19
17420.00 85.24
17430.00 85.29
17440.00 85.33
17450.00 85.38
17460.00 85.38
17470.00 85.43
17480.00 85.48
17490.00 85.53
17500.00 85.53
17510.00 85.58
17520.00 85.62
17530.00 85.67
17540.00 85.68
17550.00 85.72
17560.00 85.77
17570.00 85.82
17580.00 85.86
17590.00 85.87
17600.00 85.91
17610.00 85.96
17620.00 86.01
17630.00 86.01
17640.00 86.06
17650.00 86.11
17660.00 86.15
17670.00 86.16
17680.00 86.20
17690.00 86.25
17700.00 86.30
17710.00 86.34
17720.00 86.35
17730.00 86.40
17740.00 86.44
17750.00 86.49
17760.00 86.49
17770.00 86.54
17780.00 86.59
17790.00 86.63
17800.00 86.63
17810.00 86.68
17820.00 86.73
17830.00 86.77
17840.00 86.82
17850.00 86.82
17860.00 86.87
17870.00 86.92
17880.00 86.96
17890.00 86.97
17900.00 87.02
17910.00 87.06
17920.00 87.11
17930.00 87.11
17940.00 87.16
17950.00 87.20
17960.00 87.25
17970.00 87.30
17980.00 87.30
17990.00 87.34
18000.00 87.39
18010.00 87.44
18020.00 87.44
18030.00 87.49
18040.00 87.53
18050.00 87.58
18060.00 87.58
18070.00 87.63
18080.00 87.67
18090.00 87.72
18100.00 87.77
18110.00 87.77
18120.00 87.82
18130.00 87.86
18140.00 87.91
18150.00 87.91
18160.00 87.96
18170.00 88.00
18180.00 88.05
18190.00 88.05
18200.00 88.10
18210.00 88.14
18220.00 88.19
18230.00 88.24
18240.00 88.24
18250.00 88.29
18260.00 88.33
18270.00 88.38
18280.00 88.38
18290.00 88.42
18300.00 88.47
18310.00 88.52
18320.00 88.52
18330.00 88.57
18340.00 88.61
18350.00 88.66
18360.00 88.70
18370.00 88.71
18380.00 88.75
18390.00 88.80
18400.00 88.84
18410.00 88.84
18420.00 88.89
18430.00 88.93
18440.00 88.98
18450.00 88.99
18460.00 89.03
18470.00 89.08
18480.00 89.12
18490.00 89.16
18500.00 89.17
18510.00 89.22
18520.00 89.26
18530.00 89.31
18540.00 89.31
18550.00 89.35
18560.00 89.40
18570.00 89.44
18580.00 89.45
18590.00 89.49
18600.00 89.54
18610.00 89.58
18620.00 89.63
18630.00 89.63
18640.00 89.68
18650.00 89.72
18660.00 89.76
18670.00 89.77
18680.00 89.81
18690.00 89.86
18700.00 89.90
18710.00 89.90
18720.00 89.95
18730.00 90.00
18740.00 90.04
18750.00 90.09
18760.00 90.09
18770.00 90.13
18780.00 90.18
18790.00 90.22
18800.00 90.23
18810.00 90.27
18820.00 90.31
18830.00 90.36
18840.00 90.36
18850.00 90.41
18860.00 90.45
18870.00 90.50
18880.00 90.54
18890.00 90.54
18900.00 90.59
18910.00 90.63
18920.00 90.68
18930.00 90.68
18940.00 90.72
18950.00 90.77
18960.00 90.81
18970.00 90.82
18980.00 90.86
18990.00 90.90
19000.00 90.95
19010.00 91.00
19020.00 91.00
19030.00 91.04
19040.00 91.08
19050.00 91.13
19060.00 91.13
19070.00 91.18
19080.00 91.22
19090.00 91.27
19100.00 91.27
19110.00 91.31
19120.00 91.36
19130.00 91.40
19140.00 91.45
19150.00 91.45
19160.00 91.49
19170.00 91.54
19180.00 91.58
19190.00 91.58
19200.00 91.63
19210.00 91.67
19220.00 91.71
19230.00 91.72
19240.00 91.76
19250.00 91.81
19260.00 91.85
19270.00 91.85
19280.00 91.90
19290.00 91.94
19300.00 91.98
19310.00 92.03
19320.00 92.03
19330.00 92.07
19340.00 92.12
19350.00 92.16
19360.00 92.16
19370.00 92.21
19380.00 92.25
19390.00 92.29
19400.00 92.29
19410.00 92.34
19420.00 92.38
19430.00 92.43
19440.00 92.47
19450.00 92.47
19460.00 92.52
19470.00 92.56
19480.00 92.61
19490.00 92.61
19500.00 92.65
19510.00 92.69
19520.00 92.74
19530.00 92.74
19540.00 92.78
19550.00 92.83
19560.00 92.87
19570.00 92.91
19580.00 92.92
19590.00 92.96
19600.00 93.00
19610.00 93.05
19620.00 93.05
19630.00 93.09
19640.00 93.13
19650.00 93.18
19660.00 93.18
19670.00 93.22
19680.00 93.26
19690.00 93.31
19700.00 93.35
19710.00 93.35
19720.00 93.40
19730.00 93.44
19740.00 93.48
19750.00 93.49
19760.00 93.53
19770.00 93.57
19780.00 93.61
19790.00 93.61
19800.00 93.66
19810.00 93.70
19820.00 93.74
19830.00 93.79
19840.00 93.79
19850.00 93.83
19860.00 93.88
19870.00 93.92
19880.00 93.92
19890.00 93.96
19900.00 94.00
19910.00 94.05
19920.00 94.05
19930.00 94.09
19940.00 94.14
19950.00 94.18
19960.00 94.22
19970.00 94.22
19980.00 94.27
19990.00 94.31
20000.00 94.35
20010.00 94.35
20020.00 94.40
20030.00 94.44
20040.00 94.48
20050.00 94.48
20060.00 94.53
20070.00 94.57
20080.00 94.61
20090.00 94.65
20100.00 94.65
20110.00 94.70
20120.00 94.74
20130.00 94.78
20140.00 94.78
20150.00 94.82
20160.00 94.87
20170.00 94.91
20180.00 94.91
20190.00 94.95
20200.00 95.00
20210.00 95.04
20220.00 95.08
20230.00 95.08
20240.00 95.12
20250.00 95.17
20260.00 95.21
20270.00 95.21
20280.00 95.25
20290.00 95.29
20300.00 95.34
20310.00 95.34
20320.00 95.38
20330.00 95.42
20340.00 95.47
20350.00 95.51
20360.00 95.51
20370.00 95.55
20380.00 95.59
20390.00 95.63
20400.00 95.63
20410.00 95.68
20420.00 95.72
20430.00 95.76
20440.00 95.76
20450.00 95.81
20460.00 95.85
20470.00 95.89
20480.00 95.93
20490.00 95.93
20500.00 95.97
20510.00 96.01
20520.00 96.06
20530.00 96.06
20540.00 96.10
20550.00 96.14
20560.00 96.18
20570.00 96.18
20580.00 96.23
20590.00 96.27
20600.00 96.31
20610.00 96.35
20620.00 96.35
20630.00 96.39
20640.00 96.44
20650.00 96.47
20660.00 96.48
20670.00 96.52
20680.00 96.56
20690.00 96.60
20700.00 96.60
20710.00 96.64
20720.00 96.69
20730.00 96.73
20740.00 96.77
20750.00 96.77
20760.00 96.81
20770.00 96.85
20780.00 96.89
20790.00 96.89
20800.00 96.94
20810.00 96.98
20820.00 97.02
20830.00 97.02
20840.00 97.06
20850.00 97.10
20860.00 97.14
20870.00 97.18
20880.00 97.18
20890.00 97.23
20900.00 97.27
20910.00 97.31
20920.00 97.31
20930.00 97.35
20940.00 97.39
20950.00 97.43
20960.00 97.43
20970.00 97.47
20980.00 97.51
20990.00 97.55
21000.00 97.60
21010.00 97.60
21020.00 97.64
21030.00 97.68
21040.00 97.72
21050.00 97.72
21060.00 97.76
21070.00 97.80
21080.00 97.84
21090.00 97.84
21100.00 97.88
21110.00 97.92
21120.00 97.96
21130.00 98.01
21140.00 98.01
21150.00 98.05
21160.00 98.09
21170.00 98.13
21180.00 98.13
21190.00 98.17
21200.00 98.21
21210.00 98.25
21220.00 98.25
21230.00 98.29
21240.00 98.33
21250.00 98.37
21260.00 98.41
21270.00 98.41
21280.00 98.45
21290.00 98.49
21300.00 98.53
21310.00 98.54
21320.00 98.57
21330.00 98.62
21340.00 98.65
21350.00 98.66
21360.00 98.70
21370.00 98.74
21380.00 98.78
21390.00 98.78
21400.00 98.82
21410.00 98.86
21420.00 98.90
21430.00 98.94
21440.00 98.94
21450.00 98.98
21460.00 99.02
21470.00 99.06
21480.00 99.06
21490.00 99.10
21500.00 99.14
21510.00 99.18
21520.00 99.18
21530.00 99.22
21540.00 99.26
21550.00 99.30
21560.00 99.34
21570.00 99.34
21580.00 99.38
21590.00 99.42
21600.00 99.46
21610.00 99.46
21620.00 99.50
21630.00 99.54
21640.00 99.58
21650.00 99.58
21660.00 99.62
21670.00 99.66
21680.00 99.70
21690.00 99.74
21700.00 99.74
21710.00 99.78
21720.00 99.82
21730.00 99.86
21740.00 99.86
21750.00 99.90
21760.00 99.94
21770.00 99.98
21780.00 99.98
21790.00 100.01
21800.00 100.05
21810.00 100.09
21820.00 100.13
21830.00 100.13
21840.00 100.17
21850.00 100.21
21860.00 100.25
21870.00 100.25
21880.00 100.29
21890.00 100.33
21900.00 100.37
21910.00 100.37
21920.00 100.41
21930.00 100.45
21940.00 100.49
21950.00 100.53
21960.00 100.53
21970.00 100.57
21980.00 100.60
21990.00 100.64
22000.00 100.64
22010.00 100.68
22020.00 100.72
22030.00 100.76
22040.00 100.76
22050.00 100.80
22060.00 100.84
22070.00 100.88
22080.00 100.92
22090.00 100.92
22100.00 100.96
22110.00 100.99
22120.00 101.03
22130.00 101.03
22140.00 101.07
22150.00 101.11
22160.00 101.15
22170.00 101.15
22180.00 101.19
22190.00 101.23
22200.00 101.27
22210.00 101.30
22220.00 101.30
22230.00 101.34
22240.00 101.38
22250.00 101.42
22260.00 101.42
22270.00 101.46
22280.00 101.50
22290.00 101.54
22300.00 101.54
22310.00 101.57
22320.00 101.61
22330.00 101.65
22340.00 101.69
22350.00 101.69
22360.00 101.73
22370.00 101.77
22380.00 101.80
22390.00 101.81
22400.00 101.84
22410.00 101.88
22420.00 101.92
22430.00 101.92
22440.00 101.96
22450.00 102.00
22460.00 102.03
22470.00 102.07
22480.00 102.07
22490.00 102.11
22500.00 102.15
22510.00 102.19
22520.00 102.19
22530.00 102.22
22540.00 102.26
22550.00 102.30
22560.00 102.30
22570.00 102.34
22580.00 102.38
22590.00 102.41
22600.00 102.45
22610.00 102.45
22620.00 102.49
22630.00 102.53
22640.00 102.57
22650.00 102.57
22660.00 102.60
22670.00 102.64
22680.00 102.68
22690.00 102.68
22700.00 102.72
22710.00 102.75
22720.00 102.79
22730.00 102.83
22740.00 102.83
22750.00 102.87
22760.00 102.90
22770.00 102.94
22780.00 102.94
22790.00 102.98
22800.00 103.02
22810.00 103.05
22820.00 103.05
22830.00 103.09
22840.00 103.13
22850.00 103.17
22860.00 103.20
22870.00 103.20
22880.00 103.24
22890.00 103.28
22900.00 103.31
22910.00 103.32
22920.00 103.35
22930.00 103.39
22940.00 103.43
22950.00 103.43
22960.00 103.46
22970.00 103.50
22980.00 103.54
22990.00 103.57
23000.00 103.58
23010.00 103.61
23020.00 103.65
23030.00 103.69
23040.00 103.69
23050.00 103.72
23060.00 103.76
23070.00 103.80
23080.00 103.80
23090.00 103.83
23100.00 103.87
23110.00 103.91
23120.00 103.94
23130.00 103.94
23140.00 103.98
23150.00 104.02
23160.00 104.05
23170.00 104.05
23180.00 104.09
23190.00 104.13
23200.00 104.16
23210.00 104.16
23220.00 104.20
23230.00 104.24
23240.00 104.27
23250.00 104.31
23260.00 104.31
23270.00 104.35
23280.00 104.38
23290.00 104.42
23300.00 104.42
23310.00 104.46
23320.00 104.49
23330.00 104.53
23340.00 104.53
23350.00 104.57
23360.00 104.60
23370.00 104.64
23380.00 104.67
23390.00 104.67
23400.00 104.71
23410.00 104.75
23420.00 104.78
23430.00 104.78
23440.00 104.82
23450.00 104.86
23460.00 104.89
23470.00 104.89
23480.00 104.93
23490.00 104.96
23500.00 105.00
23510.00 105.00
23520.00 105.04
23530.00 105.07
23540.00 105.11
23550.00 105.14
23560.00 105.14
23570.00 105.18
23580.00 105.22
23590.00 105.25
23600.00 105.25
23610.00 105.29
23620.00 105.32
23630.00 105.36
23640.00 105.36
23650.00 105.39
23660.00 105.43
23670.00 105.47
23680.00 105.50
23690.00 105.50
23700.00 105.54
23710.00 105.57
23720.00 105.61
23730.00 105.61
23740.00 105.64
23750.00 105.68
23760.00 105.71
23770.00 105.71
23780.00 105.75
23790.00 105.79
23800.00 105.82
23810.00 105.86
23820.00 105.86
23830.00 105.89
23840.00 105.93
23850.00 105.96
23860.00 105.96
23870.00 106.00
23880.00 106.03
23890.00 106.07
23900.00 106.07
23910.00 106.10
23920.00 106.14
23930.00 106.17
23940.00 106.21
23950.00 106.21
23960.00 106.24
23970.00 106.28
23980.00 106.31
23990.00 106.31
24000.00 106.35
24010.00 106.38
24020.00 106.42
24030.00 106.42
24040.00 106.45
24050.00 106.49
24060.00 106.52
24070.00 106.56
24080.00 106.56
24090.00 106.59
24100.00 106.63
24110.00 106.66
24120.00 106.66
24130.00 106.70
24140.00 106.73
24150.00 106.77
24160.00 106.77
24170.00 106.80
24180.00 106.84
24190.00 106.87
24200.00 107.01
24210.00 106.91
24220.00 108.44
24230.00 109.97
24240.00 111.51
24250.00 114.41
24260.00 114.84
24270.00 116.48
24280.00 115.81
24290.00 116.11
24300.00 116.15
24310.00 115.28
24320.00 112.32
24330.00 109.55
24340.00 109.55
24350.00 109.88
24360.00 109.92
24370.00 110.25
24380.00 109.35
24390.00 113.99
24400.00 112.82
24410.00 107.96
24420.00 107.96
24430.00 107.49
24440.00 107.52
24450.00 107.56
24460.00 107.59
24470.00 107.59
24480.00 107.63
24490.00 107.66
24500.00 107.69
24510.00 107.69
24520.00 107.73
24530.00 107.76
24540.00 107.80
24550.00 107.79
24560.00 107.83
24570.00 107.86
24580.00 107.90
24590.00 107.93
24600.00 107.93
24610.00 107.96
24620.00 108.00
24630.00 108.03
24640.00 108.03
24650.00 108.07
24660.00 108.10
24670.00 108.13
24680.00 108.13
24690.00 108.17
24700.00 108.20
24710.00 108.23
24720.00 108.47
24730.00 108.47
24740.00 109.40
24750.00 109.43
24760.00 109.77
24770.00 109.47
24780.00 109.80
24790.00 109.53
24800.00 109.57
24810.00 109.57
24820.00 109.60
24830.00 109.63
24840.00 109.37
24850.00 108.60
24860.00 108.60
24870.00 108.63
24880.00 108.87
24890.00 109.80
24900.00 109.50
24910.00 113.83
24920.00 117.47
24930.00 123.10
24940.00 125.20
24950.00 128.93
24960.00 132.37
24970.00 134.80
24980.00 140.33
24990.00 140.63
25000.00 152.96
25010.00 161.00
25020.00 168.33
25030.00 168.33
25040.00 169.96
25050.00 170.00
25060.00 170.93
25070.00 170.93
25080.00 173.06
25090.00 174.40
25100.00 175.63
25110.00 175.96
25120.00 175.96
25130.00 176.89
25140.00 177.53
25150.00 178.86
25160.00 180.36
25170.00 181.59
25180.00 186.22
25190.00 190.26
25200.00 190.26
25210.00 190.29
25220.00 188.52
25230.00 188.55
25240.00 188.59
25250.00 190.08
25260.00 197.52
25270.00 201.85
25280.00 203.69
25290.00 204.88
25300.00 208.02
25310.00 209.25
25320.00 212.08
25330.00 213.58
25340.00 215.11
25350.00 217.64
25360.00 219.18
25370.00 219.81
25380.00 220.81
25390.00 218.94
25400.00 219.27
25410.00 216.61
25420.00 216.61
25430.00 215.34
25440.00 214.17
25450.00 213.30
25460.00 211.10
25470.00 211.53
25480.00 213.37
25490.00 218.90
25500.00 218.90
25510.00 221.13
25520.00 219.26
25530.00 219.30
25540.00 219.33
25550.00 219.32
25560.00 219.36
25570.00 220.59
25580.00 222.22
25590.00 222.22
25600.00 224.05
25610.00 225.98
25620.00 227.52
25630.00 229.01
25640.00 230.65
25650.00 234.98
25660.00 237.11
25670.00 238.64
25680.00 238.94
25690.00 239.67
25700.00 239.71
25710.00 239.74
25720.00 239.74
25730.00 239.77
25740.00 239.80
25750.00 239.83
25760.00 239.83
25770.00 239.86
25780.00 239.90
25790.00 239.93
25800.00 239.96
25810.00 239.96
25820.00 239.99
25830.00 240.02
25840.00 240.05
25850.00 240.05
25860.00 240.08
25870.00 240.11
25880.00 239.14
25890.00 239.14
25900.00 239.18
25910.00 239.51
25920.00 239.84
25930.00 240.57
25940.00 242.07
25950.00 240.30
25960.00 240.33
25970.00 242.16
25980.00 242.16
25990.00 240.39
26000.00 234.83
26010.00 232.16
26020.00 233.65
26030.00 231.89
26040.00 231.92
26050.00 233.15
26060.00 234.08
26070.00 236.28
26080.00 239.01
26090.00 240.24
26100.00 241.27
26110.00 241.27
26120.00 242.50
26130.00 240.73
26140.00 240.76
26150.00 240.76
26160.00 240.79
26170.00 240.82
26180.00 240.85
26190.00 240.88
26200.00 240.88
26210.00 242.41
26220.00 244.24
26230.00 244.58
26240.00 246.47
26250.00 246.21
26260.00 248.04
26270.00 249.27
26280.00 249.27
26290.00 250.20
26300.00 249.33
26310.00 247.56
26320.00 246.39
26330.00 246.99
26340.00 246.12
26350.00 247.35
26360.00 246.78
26370.00 249.48
26380.00 251.41
26390.00 253.24
26400.00 253.57
26410.00 255.47
26420.00 257.30
26430.00 259.53
26440.00 261.66
26450.00 262.29
26460.00 263.49
26470.00 266.62
26480.00 268.45
26490.00 272.48
26500.00 272.48
26510.00 273.71
26520.00 275.34
26530.00 275.07
26540.00 276.57
26550.00 277.50
26560.00 276.93
26570.00 276.66
26580.00 274.89
26590.00 274.89
26600.00 273.02
26610.00 271.55
26620.00 267.88
26630.00 266.38
26640.00 264.51
26650.00 261.84
26660.00 259.67
26670.00 259.67
26680.00 258.79
26690.00 262.52
26700.00 261.06
26710.00 262.58
26720.00 262.58
26730.00 263.51
26740.00 265.44
26750.00 266.07
26760.00 269.47
26770.00 273.10
26780.00 273.13
26790.00 272.26
26800.00 272.26
26810.00 272.29
26820.00 273.22
26830.00 270.25
26840.00 266.28
26850.00 266.88
26860.00 264.11
26870.00 264.74
26880.00 267.26
26890.00 267.26
26900.00 272.49
26910.00 274.42
26920.00 273.15
26930.00 273.75
26940.00 274.68
26950.00 275.71
26960.00 279.74
26970.00 281.57
26980.00 283.37
26990.00 283.80
27000.00 285.33
27010.00 286.56
27020.00 284.15
27030.00 285.68
27040.00 283.91
27050.00 283.94
27060.00 283.94
27070.00 282.97
27080.00 283.00
27090.00 282.73
27100.00 281.26
27110.00 281.26
27120.00 280.38
27130.00 282.51
27140.00 283.44
27150.00 283.14
27160.00 285.07
27170.00 285.10
27180.00 283.23
27190.00 283.22
27200.00 284.26
27210.00 282.98
27220.00 282.41
27230.00 280.34
27240.00 277.84
27250.00 277.57
27260.00 271.80
27270.00 264.43
27280.00 264.43
27290.00 251.25
27300.00 239.08
27310.00 235.41
27320.00 227.71
27330.00 217.94
27340.00 215.47
27350.00 207.90
27360.00 204.53
27370.00 200.22
27380.00 193.25
27390.00 189.28
27400.00 184.71
27410.00 184.40
27420.00 182.24
27430.00 179.86
27440.00 177.09
27450.00 177.09
27460.00 174.02
27470.00 171.65
27480.00 167.98
27490.00 162.80
27500.00 162.80
27510.00 152.73
27520.00 144.76
27530.00 143.89
27540.00 156.79
27550.00 167.81
27560.00 166.04
27570.00 169.07
27580.00 169.07
27590.00 163.30
27600.00 165.12
27610.00 161.56
27620.00 164.55
27630.00 159.08
27640.00 153.91
27650.00 146.84
27660.00 145.96
27670.00 145.96
27680.00 148.79
27690.00 148.82
27700.00 142.35
27710.00 143.94
27720.00 135.97
27730.00 134.50
27740.00 134.23
27750.00 134.23
27760.00 134.85
27770.00 131.48
27780.00 128.71
27790.00 129.44
27800.00 130.03
27810.00 128.16
27820.00 127.89
27830.00 127.02
27840.00 127.32
27850.00 127.34
27860.00 125.57
27870.00 124.00
27880.00 124.30
27890.00 121.63
27900.00 119.15
27910.00 117.98
27920.00 116.81
27930.00 117.71
27940.00 118.63
27950.00 116.26
27960.00 115.79
27970.00 115.79
27980.00 115.82
27990.00 115.84
28000.00 115.87
28010.00 115.87
28020.00 115.89
28030.00 115.92
28040.00 115.95
28050.00 115.98
28060.00 115.98
28070.00 116.00
28080.00 116.03
28090.00 116.06
28100.00 116.05
28110.00 116.08
28120.00 116.11
28130.00 116.14
28140.00 116.14
28150.00 116.16
28160.00 116.19
28170.00 116.22
28180.00 116.24
28190.00 116.24
28200.00 116.27
28210.00 116.29
28220.00 116.33
28230.00 116.32
28240.00 116.35
28250.00 116.38
28260.00 116.40
28270.00 116.40
28280.00 116.43
28290.00 116.45
28300.00 116.48
28310.00 116.51
28320.00 116.50
28330.00 116.53
28340.00 116.56
28350.00 116.58
28360.00 116.58
28370.00 116.61
28380.00 116.63
28390.00 116.66
28400.00 116.66
28410.00 116.68
28420.00 116.72
28430.00 116.74
28440.00 116.77
28450.00 116.77
28460.00 116.79
28470.00 116.82
28480.00 116.85
28490.00 116.84
28500.00 116.87
28510.00 116.90
28520.00 116.92
28530.00 116.92
28540.00 116.95
28550.00 116.97
28560.00 117.00
28570.00 117.02
28580.00 117.02
28590.00 117.05
28600.00 117.07
28610.00 117.10
28620.00 117.10
28630.00 117.12
28640.00 117.15
28650.00 117.18
28660.00 117.17
28670.00 117.20
28680.00 117.23
28690.00 117.26
28700.00 117.28
28710.00 117.28
28720.00 117.31
28730.00 117.33
28740.00 117.36
28750.00 117.36
28760.00 117.38
28770.00 117.40
28780.00 117.43
28790.00 117.43
28800.00 117.46
28810.00 117.48
28820.00 117.51
28830.00 117.54
28840.00 117.53
28850.00 117.55
28860.00 117.58
28870.00 117.61
28880.00 117.60
28890.00 117.63
28900.00 117.66
28910.00 117.68
28920.00 117.68
28930.00 117.70
28940.00 117.73
28950.00 117.76
28960.00 117.78
28970.00 117.78
28980.00 117.81
28990.00 117.83
29000.00 117.86
29010.00 117.85
29020.00 117.88
29030.00 117.91
29040.00 117.93
29050.00 117.93
29060.00 117.95
29070.00 117.98
29080.00 118.01
29090.00 118.03
29100.00 118.03
29110.00 118.05
29120.00 118.08
29130.00 118.10
29140.00 118.10
29150.00 118.13
29160.00 118.15
29170.00 118.18
29180.00 118.17
29190.00 118.20
29200.00 118.23
29210.00 118.25
29220.00 118.28
29230.00 118.27
29240.00 118.30
29250.00 118.32
29260.00 118.35
29270.00 118.34
29280.00 118.37
29290.00 118.39
29300.00 118.42
29310.00 118.42
29320.00 118.44
29330.00 118.47
29340.00 118.49
29350.00 118.52
29360.00 118.52
29370.00 118.54
29380.00 118.56
29390.00 118.59
29400.00 118.58
29410.00 118.61
29420.00 118.64
29430.00 118.66
29440.00 118.66
29450.00 118.68
29460.00 118.71
29470.00 118.73
29480.00 118.76
29490.00 118.75
29500.00 118.78
29510.00 118.80
29520.00 118.83
29530.00 118.83
29540.00 118.85
29550.00 118.88
29560.00 118.90
29570.00 118.89
29580.00 118.92
29590.00 118.94
29600.00 118.97
29610.00 119.00
29620.00 118.99
29630.00 119.01
29640.00 119.04
29650.00 119.06
29660.00 119.06
29670.00 119.09
29680.00 119.11
29690.00 119.14
29700.00 119.13
29710.00 119.15
29720.00 119.18
29730.00 119.20
29740.00 119.20
29750.00 119.23
29760.00 119.25
29770.00 119.27
29780.00 119.30
29790.00 119.29
29800.00 119.32
29810.00 119.34
29820.00 119.36
29830.00 119.36
29840.00 119.39
29850.00 119.41
29860.00 119.44
29870.00 119.43
29880.00 119.45
29890.00 119.48
29900.00 119.50
29910.00 119.53
29920.00 119.52
29930.00 119.55
29940.00 119.57
29950.00 119.60
29960.00 119.59
29970.00 119.62
29980.00 119.64
29990.00 119.66
30000.00 119.66
30010.00 119.68
30020.00 119.70
30030.00 119.73
30040.00 119.75
30050.00 119.75
30060.00 119.78
30070.00 119.80
30080.00 119.83
30090.00 119.82
30100.00 119.84
30110.00 119.87
30120.00 119.89
30130.00 119.88
30140.00 119.91
30150.00 119.93
30160.00 119.96
30170.00 119.98
30180.00 119.97
30190.00 120.00
30200.00 120.02
30210.00 120.05
30220.00 120.05
30230.00 120.07
30240.00 120.09
30250.00 120.12
30260.00 120.11
30270.00 120.14
30280.00 120.16
30290.00 120.18
30300.00 120.21
30310.00 120.20
30320.00 120.22
30330.00 120.25
30340.00 120.27
30350.00 120.26
30360.00 120.29
30370.00 120.31
30380.00 120.33
30390.00 120.33
30400.00 120.35
30410.00 120.38
30420.00 120.40
30430.00 120.42
30440.00 120.42
30450.00 120.44
30460.00 120.46
30470.00 120.49
30480.00 120.48
30490.00 120.50
30500.00 120.53
30510.00 120.55
30520.00 120.55
30530.00 120.57
30540.00 120.59
30550.00 120.62
30560.00 120.64
30570.00 120.63
30580.00 120.66
30590.00 120.68
30600.00 120.70
30610.00 120.70
30620.00 120.72
30630.00 120.74
30640.00 120.77
30650.00 120.76
30660.00 120.79
30670.00 120.81
30680.00 120.83
30690.00 120.86
30700.00 120.85
30710.00 120.87
30720.00 120.90
30730.00 120.92
30740.00 120.91
30750.00 120.94
30760.00 120.96
30770.00 120.99
30780.00 120.98
30790.00 121.00
30800.00 121.03
30810.00 121.05
30820.00 121.07
30830.00 121.07
30840.00 121.08
30850.00 121.10
30860.00 121.13
30870.00 121.12
30880.00 121.15
30890.00 121.17
30900.00 121.19
30910.00 121.19
30920.00 121.21
30930.00 121.23
30940.00 121.26
30950.00 121.28
30960.00 121.27
30970.00 121.30
30980.00 121.32
30990.00 121.34
31000.00 121.34
31010.00 121.35
31020.00 121.38
31030.00 121.40
31040.00 121.39
31050.00 121.42
31060.00 121.44
31070.00 121.46
31080.00 121.49
31090.00 121.48
31100.00 121.50
31110.00 121.52
31120.00 121.54
31130.00 121.54
31140.00 121.56
31150.00 123.28
31160.00 123.61
31170.00 124.00
31180.00 122.22
31190.00 121.65
31200.00 121.67
31210.00 121.68
31220.00 121.68
31230.00 121.70
31240.00 121.72
31250.00 121.75
31260.00 121.74
31270.00 121.77
31280.00 121.79
31290.00 121.81
31300.00 121.81
31310.00 121.82
31320.00 121.84
31330.00 121.87
31340.00 121.89
31350.00 121.88
31360.00 121.91
31370.00 121.93
31380.00 121.95
31390.00 121.94
31400.00 121.96
31410.00 121.99
31420.00 122.01
31430.00 122.00
31440.00 122.03
31450.00 122.04
31460.00 122.06
31470.00 122.09
31480.00 122.08
31490.00 122.11
31500.00 122.13
31510.00 122.14
31520.00 122.14
31530.00 122.16
31540.00 122.18
31550.00 122.21
31560.00 122.20
31570.00 122.22
31580.00 122.24
31590.00 122.26
31600.00 122.28
31610.00 122.28
31620.00 122.30
31630.00 122.32
31640.00 122.34
31650.00 122.33
31660.00 122.36
31670.00 122.38
31680.00 122.40
31690.00 122.40
31700.00 122.41
31710.00 122.43
31720.00 122.46
31730.00 122.45
31740.00 122.48
31750.00 122.49
31760.00 122.51
31770.00 122.54
31780.00 122.53
31790.00 122.55
31800.00 122.57
31810.00 122.59
31820.00 122.58
31830.00 122.61
31840.00 122.63
31850.00 122.64
31860.00 122.64
31870.00 122.66
31880.00 122.69
31890.00 122.70
31900.00 122.72
31910.00 122.72
31920.00 122.74
31930.00 122.76
31940.00 122.78
31950.00 122.77
31960.00 122.79
31970.00 122.82
31980.00 122.83
31990.00 122.83
32000.00 122.85
32010.00 122.87
32020.00 122.89
32030.00 122.91
32040.00 122.90
32050.00 122.93
32060.00 122.95
32070.00 122.96
32080.00 122.96
32090.00 122.98
32100.00 123.00
32110.00 123.02
32120.00 123.01
32130.00 123.04
32140.00 123.06
32150.00 123.07
32160.00 123.10
32170.00 123.09
32180.00 123.11
32190.00 123.13
32200.00 123.15
32210.00 123.14
32220.00 123.17
32230.00 123.18
32240.00 123.21
32250.00 123.20
32260.00 123.22
32270.00 123.24
32280.00 123.26
32290.00 123.28
32300.00 123.28
32310.00 123.29
32320.00 123.31
32330.00 123.33
32340.00 123.32
32350.00 123.35
32360.00 123.37
32370.00 123.38
32380.00 123.38
32390.00 123.40
32400.00 123.42
32410.00 123.44
32420.00 123.46
32430.00 123.45
32440.00 123.47
32450.00 123.49
32460.00 123.51
32470.00 123.51
32480.00 123.52
32490.00 123.55
32500.00 123.56
32510.00 123.55
32520.00 123.58
32530.00 123.60
32540.00 123.61
32550.00 123.64
32560.00 124.63
32570.00 124.94
32580.00 125.67
32590.00 125.68
32600.00 125.68
32610.00 127.50
32620.00 132.92
32630.00 140.14
32640.00 137.63
32650.00 153.55
32660.00 159.27
32670.00 163.29
32680.00 167.20
32690.00 167.20
32700.00 171.22
32710.00 175.24
32720.00 178.46
32730.00 178.45
32740.00 181.68
32750.00 184.59
32760.00 187.91
32770.00 187.91
32780.00 189.72
32790.00 191.84
32800.00 196.56
32810.00 200.18
32820.00 199.07
32830.00 204.89
32840.00 210.61
32850.00 216.13
32860.00 215.03
32870.00 216.84
32880.00 221.47
32890.00 224.08
32900.00 221.87
32910.00 226.20
32920.00 228.81
32930.00 232.03
32940.00 236.75
32950.00 235.24
32960.00 239.67
32970.00 242.18
32980.00 245.80
32990.00 245.80
33000.00 250.51
33010.00 252.63
33020.00 256.25
33030.00 254.44
33040.00 255.86
33050.00 260.98
33060.00 265.30
33070.00 269.61
33080.00 269.61
33090.00 274.32
33100.00 278.35
33110.00 282.96
33120.00 283.75
33130.00 288.08
33140.00 292.79
33150.00 297.81
33160.00 297.81
33170.00 304.32
33180.00 311.14
33190.00 315.16
33200.00 319.48
33210.00 319.48
33220.00 323.09
33230.00 327.11
33240.00 329.23
33250.00 330.32
33260.00 333.23
33270.00 336.46
33280.00 339.77
33290.00 340.46
33300.00 343.69
33310.00 347.70
33320.00 351.72
33330.00 356.34
33340.00 355.33
33350.00 362.15
33360.00 367.97
33370.00 374.08
33380.00 374.08
33390.00 380.20
33400.00 385.61
33410.00 389.64
33420.00 389.23
33430.00 393.24
33440.00 396.06
33450.00 396.48
33460.00 397.20
33470.00 396.89
33480.00 395.81
33490.00 395.83
33500.00 396.14
33510.00 396.93
33520.00 395.86
33530.00 395.87
33540.00 395.89
33550.00 395.89
33560.00 395.90
33570.00 395.92
33580.00 395.94
33590.00 395.95
33600.00 395.95
33610.00 394.46
33620.00 394.18
33630.00 393.80
33640.00 394.19
33650.00 393.80
33660.00 393.53
33670.00 393.14
33680.00 393.83
33690.00 393.16
33700.00 392.77
33710.00 391.79
33720.00 390.71
33730.00 392.10
33740.00 390.32
33750.00 390.73
33760.00 390.35
33770.00 390.35
33780.00 390.06
33790.00 387.87
33800.00 385.00
33810.00 386.09
33820.00 383.61
33830.00 382.52
33840.00 383.94
33850.00 383.94
33860.00 384.35
33870.00 385.46
33880.00 385.09
33890.00 388.30
33900.00 391.99
33910.00 391.61
33920.00 395.22
33930.00 401.04
33940.00 401.04
33950.00 409.25
33960.00 411.07
33970.00 425.19
33980.00 438.88
33990.00 447.90
34000.00 469.11
34010.00 479.53
34020.00 481.05
34030.00 490.34
34040.00 496.55
34050.00 499.37
