-0.00 0.00
10.00 0.03
20.00 0.05
30.00 0.08
40.00 0.11
50.00 0.13
60.00 0.16
70.00 0.19
80.00 0.21
90.00 0.24
100.00 0.27
110.00 0.29
120.00 0.32
130.00 0.35
140.00 0.37
150.00 0.40
160.00 0.43
170.00 0.45
180.00 0.48
190.00 0.50
200.00 0.53
210.00 0.56
220.00 0.58
230.00 0.61
240.00 0.64
250.00 0.66
260.00 0.69
270.00 0.71
280.00 0.74
290.00 0.77
300.00 0.79
310.00 0.82
320.00 0.85
330.00 0.87
340.00 0.90
350.00 0.92
360.00 0.95
370.00 0.98
380.00 1.00
390.00 1.03
400.00 1.06
410.00 1.08
420.00 1.11
430.00 1.13
440.00 1.16
450.00 1.19
460.00 1.21
470.00 1.24
480.00 1.26
490.00 1.29
500.00 1.32
510.00 1.34
520.00 1.37
530.00 1.39
540.00 1.42
550.00 1.44
560.00 1.47
570.00 1.50
580.00 1.52
590.00 1.55
600.00 1.57
610.00 1.60
620.00 1.62
630.00 1.65
640.00 1.68
650.00 1.70
660.00 1.73
670.00 1.75
680.00 1.78
690.00 1.80
700.00 1.83
710.00 1.86
720.00 1.88
730.00 1.91
740.00 1.93
750.00 1.96
760.00 1.98
770.00 2.01
780.00 2.03
790.00 2.06
800.00 2.09
810.00 2.11
820.00 2.14
830.00 2.16
840.00 2.19
850.00 2.21
860.00 2.24
870.00 2.26
880.00 2.29
890.00 2.31
900.00 2.34
910.00 2.36
920.00 2.39
930.00 2.41
940.00 2.44
950.00 2.47
960.00 2.49
970.00 2.52
980.00 2.54
990.00 2.57
1000.00 2.59
1010.00 2.62
1020.00 2.64
1030.00 2.67
1040.00 2.69
1050.00 2.72
1060.00 2.74
1070.00 2.77
1080.00 2.79
1090.00 2.82
1100.00 2.84
1110.00 2.87
1120.00 2.89
1130.00 2.92
1140.00 2.94
1150.00 2.97
1160.00 2.99
1170.00 3.02
1180.00 3.04
1190.00 3.07
1200.00 3.09
1210.00 3.12
1220.00 3.14
1230.00 3.16
1240.00 3.19
1250.00 3.21
1260.00 3.24
1270.00 3.26
1280.00 3.29
1290.00 3.31
1300.00 3.34
1310.00 3.36
1320.00 3.39
1330.00 3.41
1340.00 3.44
1350.00 3.46
1360.00 3.49
1370.00 3.51
1380.00 3.53
1390.00 3.56
1400.00 3.58
1410.00 3.61
1420.00 3.63
1430.00 3.66
1440.00 3.68
1450.00 3.71
1460.00 3.73
1470.00 3.75
1480.00 3.78
1490.00 3.80
1500.00 3.83
1510.00 3.85
1520.00 3.88
1530.00 3.90
1540.00 3.92
1550.00 3.95
1560.00 3.97
1570.00 4.00
1580.00 4.02
1590.00 4.05
1600.00 4.07
1610.00 4.09
1620.00 4.12
1630.00 4.14
1640.00 4.17
1650.00 4.19
1660.00 4.22
1670.00 4.24
1680.00 4.26
1690.00 4.29
1700.00 4.31
1710.00 4.34
1720.00 4.36
1730.00 4.38
1740.00 4.41
1750.00 4.43
1760.00 4.46
1770.00 4.48
1780.00 4.50
1790.00 4.53
1800.00 4.55
1810.00 4.57
1820.00 4.60
1830.00 4.62
1840.00 4.65
1850.00 4.67
1860.00 4.69
1870.00 4.72
1880.00 4.74
1890.00 4.76
1900.00 4.79
1910.00 4.81
1920.00 4.84
1930.00 4.86
1940.00 4.88
1950.00 4.91
1960.00 4.93
1970.00 4.95
1980.00 4.98
1990.00 5.00
2000.00 5.03
2010.00 5.05
2020.00 5.07
2030.00 5.10
2040.00 5.12
2050.00 5.14
2060.00 5.17
2070.00 5.19
2080.00 5.21
2090.00 5.24
2100.00 5.26
2110.00 5.28
2120.00 5.31
2130.00 5.33
2140.00 5.35
2150.00 5.38
2160.00 5.40
2170.00 5.42
2180.00 5.45
2190.00 5.47
2200.00 5.49
2210.00 5.52
2220.00 5.54
2230.00 5.56
2240.00 5.59
2250.00 5.61
2260.00 5.63
2270.00 5.66
2280.00 5.68
2290.00 5.70
2300.00 5.72
2310.00 5.75
2320.00 5.77
2330.00 5.79
2340.00 5.82
2350.00 5.84
2360.00 5.86
2370.00 5.89
2380.00 5.91
2390.00 5.93
2400.00 5.95
2410.00 5.98
2420.00 6.00
2430.00 6.02
2440.00 6.05
2450.00 6.07
2460.00 6.09
2470.00 6.11
2480.00 6.14
2490.00 6.16
2500.00 6.18
2510.00 6.21
2520.00 6.23
2530.00 6.25
2540.00 6.27
2550.00 6.30
2560.00 6.32
2570.00 6.34
2580.00 6.36
2590.00 6.39
2600.00 6.41
2610.00 6.43
2620.00 6.46
2630.00 6.48
2640.00 6.50
2650.00 6.52
2660.00 6.55
2670.00 6.57
2680.00 6.59
2690.00 6.61
2700.00 6.64
2710.00 6.66
2720.00 6.68
2730.00 6.70
2740.00 6.73
2750.00 6.75
2760.00 6.77
2770.00 6.79
2780.00 6.81
2790.00 6.84
2800.00 6.86
2810.00 6.88
2820.00 6.90
2830.00 6.93
2840.00 6.95
2850.00 6.97
2860.00 6.99
2870.00 7.02
2880.00 7.04
2890.00 7.06
2900.00 7.08
2910.00 7.10
2920.00 7.13
2930.00 7.15
2940.00 7.17
2950.00 7.19
2960.00 7.21
2970.00 7.24
2980.00 7.26
2990.00 7.28
3000.00 7.30
3010.00 7.32
3020.00 7.35
3030.00 7.37
3040.00 7.39
3050.00 7.41
3060.00 7.43
3070.00 7.46
3080.00 7.48
3090.00 7.50
3100.00 7.52
3110.00 7.54
3120.00 7.57
3130.00 7.59
3140.00 7.61
3150.00 7.63
3160.00 7.65
3170.00 7.67
3180.00 7.70
3190.00 7.72
3200.00 7.74
3210.00 7.76
3220.00 7.78
3230.00 7.80
3240.00 7.83
3250.00 7.85
3260.00 7.87
3270.00 7.89
3280.00 7.91
3290.00 7.93
3300.00 7.95
3310.00 7.98
3320.00 8.00
3330.00 8.02
3340.00 8.04
3350.00 8.06
3360.00 8.08
3370.00 8.11
3380.00 8.13
3390.00 8.15
3400.00 8.17
3410.00 8.19
3420.00 8.21
3430.00 8.23
3440.00 8.25
3450.00 8.28
3460.00 8.30
3470.00 8.32
3480.00 8.34
3490.00 8.36
3500.00 8.38
3510.00 8.40
3520.00 8.42
3530.00 8.45
3540.00 8.47
3550.00 8.49
3560.00 8.51
3570.00 8.53
3580.00 8.55
3590.00 8.57
3600.00 8.59
3610.00 8.61
3620.00 8.64
3630.00 8.66
3640.00 8.68
3650.00 8.70
3660.00 8.72
3670.00 8.74
3680.00 8.76
3690.00 8.78
3700.00 8.80
3710.00 8.82
3720.00 8.84
3730.00 8.87
3740.00 8.89
3750.00 8.91
3760.00 8.93
3770.00 8.95
3780.00 8.97
3790.00 8.99
3800.00 9.01
3810.00 9.03
3820.00 9.05
3830.00 9.07
3840.00 9.09
3850.00 9.11
3860.00 9.14
3870.00 9.16
3880.00 9.18
3890.00 9.20
3900.00 9.22
3910.00 9.24
3920.00 9.26
3930.00 9.28
3940.00 9.30
3950.00 9.32
3960.00 9.34
3970.00 9.36
3980.00 9.38
3990.00 9.40
4000.00 9.42
4010.00 9.44
4020.00 9.46
4030.00 9.48
4040.00 9.50
4050.00 9.52
4060.00 9.55
4070.00 9.57
4080.00 9.59
4090.00 9.61
4100.00 9.63
4110.00 9.65
4120.00 9.67
4130.00 9.69
4140.00 9.71
4150.00 9.73
4160.00 9.75
4170.00 9.77
4180.00 9.79
4190.00 9.81
4200.00 9.83
4210.00 9.85
4220.00 9.87
4230.00 9.89
4240.00 9.91
4250.00 9.93
4260.00 9.95
4270.00 9.97
4280.00 9.99
4290.00 10.01
4300.00 10.03
4310.00 10.05
4320.00 10.07
4330.00 10.09
4340.00 10.11
4350.00 10.13
4360.00 10.15
4370.00 10.17
4380.00 10.19
4390.00 10.21
4400.00 10.23
4410.00 10.25
4420.00 10.27
4430.00 10.29
4440.00 10.31
4450.00 10.33
4460.00 10.35
4470.00 10.37
4480.00 10.39
4490.00 10.40
4500.00 10.42
4510.00 10.44
4520.00 10.46
4530.00 10.48
4540.00 10.50
4550.00 10.52
4560.00 10.54
4570.00 10.56
4580.00 10.58
4590.00 10.60
4600.00 10.62
4610.00 10.64
4620.00 10.66
4630.00 10.68
4640.00 10.70
4650.00 10.72
4660.00 10.74
4670.00 10.76
4680.00 10.78
4690.00 10.79
4700.00 10.81
4710.00 10.83
4720.00 10.85
4730.00 10.87
4740.00 10.89
4750.00 10.91
4760.00 10.93
4770.00 10.95
4780.00 10.97
4790.00 10.99
4800.00 11.01
4810.00 11.03
4820.00 11.04
4830.00 11.06
4840.00 11.08
4850.00 11.10
4860.00 11.12
4870.00 11.14
4880.00 11.16
4890.00 11.18
4900.00 11.20
4910.00 11.22
4920.00 11.24
4930.00 11.25
4940.00 11.27
4950.00 11.29
4960.00 11.31
4970.00 11.33
4980.00 11.35
4990.00 11.37
5000.00 11.39
5010.00 11.41
5020.00 11.42
5030.00 11.44
5040.00 11.46
5050.00 11.48
5060.00 11.50
5070.00 11.52
5080.00 11.54
5090.00 11.56
5100.00 11.57
5110.00 11.59
5120.00 11.61
5130.00 11.63
5140.00 11.65
5150.00 11.67
5160.00 11.69
5170.00 11.70
5180.00 11.72
5190.00 11.74
5200.00 11.76
5210.00 11.78
5220.00 11.80
5230.00 11.82
5240.00 11.83
5250.00 11.85
5260.00 11.87
5270.00 11.89
5280.00 11.91
5290.00 11.93
5300.00 11.95
5310.00 11.96
5320.00 11.98
5330.00 12.00
5340.00 12.02
5350.00 12.04
5360.00 12.06
5370.00 12.07
5380.00 12.09
5390.00 12.11
5400.00 12.13
5410.00 12.15
5420.00 12.16
5430.00 12.18
5440.00 12.20
5450.00 12.22
5460.00 12.24
5470.00 12.26
5480.00 12.27
5490.00 12.29
5500.00 12.31
5510.00 12.33
5520.00 12.35
5530.00 12.36
5540.00 12.38
5550.00 12.40
5560.00 12.42
5570.00 12.44
5580.00 12.45
5590.00 12.47
5600.00 12.49
5610.00 12.51
5620.00 12.53
5630.00 12.54
5640.00 12.56
5650.00 12.58
5660.00 12.60
5670.00 12.61
5680.00 12.63
5690.00 12.65
5700.00 12.67
5710.00 12.69
5720.00 12.70
5730.00 12.72
5740.00 12.74
5750.00 12.76
5760.00 12.77
5770.00 12.79
5780.00 12.81
5790.00 12.83
5800.00 12.84
5810.00 12.86
5820.00 12.88
5830.00 12.90
5840.00 12.92
5850.00 12.93
5860.00 12.95
5870.00 12.97
5880.00 12.99
5890.00 13.00
5900.00 13.02
5910.00 13.04
5920.00 13.05
5930.00 13.07
5940.00 13.09
5950.00 13.11
5960.00 13.12
5970.00 13.14
5980.00 13.16
5990.00 13.18
6000.00 13.19
6010.00 13.21
6020.00 13.23
6030.00 13.25
6040.00 13.26
6050.00 13.28
6060.00 13.30
6070.00 13.31
6080.00 13.33
6090.00 13.35
6100.00 13.37
6110.00 13.38
6120.00 13.40
6130.00 13.42
6140.00 13.43
6150.00 13.45
6160.00 13.47
6170.00 13.49
6180.00 13.50
6190.00 13.52
6200.00 13.54
6210.00 13.55
6220.00 13.57
6230.00 13.59
6240.00 13.60
6250.00 13.62
6260.00 13.64
6270.00 13.65
6280.00 13.67
6290.00 13.69
6300.00 13.71
6310.00 13.72
6320.00 13.74
6330.00 13.76
6340.00 13.77
6350.00 13.79
6360.00 13.81
6370.00 13.82
6380.00 13.84
6390.00 13.86
6400.00 13.87
6410.00 13.89
6420.00 13.91
6430.00 13.92
6440.00 13.94
6450.00 13.96
6460.00 13.97
6470.00 13.99
6480.00 14.01
6490.00 14.02
6500.00 14.04
6510.00 14.05
6520.00 14.07
6530.00 14.09
6540.00 14.10
6550.00 14.12
6560.00 14.14
6570.00 14.15
6580.00 14.17
6590.00 14.19
6600.00 14.20
6610.00 14.22
6620.00 14.24
6630.00 14.25
6640.00 14.27
6650.00 14.28
6660.00 14.30
6670.00 14.32
6680.00 14.33
6690.00 14.35
6700.00 14.37
6710.00 14.38
6720.00 14.40
6730.00 14.41
6740.00 14.43
6750.00 14.45
6760.00 14.46
6770.00 14.48
6780.00 14.49
6790.00 14.51
6800.00 14.53
6810.00 14.54
6820.00 14.56
6830.00 14.57
6840.00 14.59
6850.00 14.61
6860.00 14.62
6870.00 14.64
6880.00 14.65
6890.00 14.67
6900.00 14.69
6910.00 14.70
6920.00 14.72
6930.00 14.73
6940.00 14.75
6950.00 14.77
6960.00 14.78
6970.00 14.80
6980.00 14.81
6990.00 14.83
7000.00 14.84
7010.00 14.86
7020.00 14.88
7030.00 14.89
7040.00 14.91
7050.00 14.92
7060.00 14.94
7070.00 14.95
7080.00 14.97
7090.00 14.98
7100.00 15.00
7110.00 15.02
7120.00 15.03
7130.00 15.05
7140.00 15.06
7150.00 15.08
7160.00 15.09
7170.00 15.11
7180.00 15.12
7190.00 15.14
7200.00 15.16
7210.00 15.17
7220.00 15.19
7230.00 15.20
7240.00 15.22
7250.00 15.23
7260.00 15.25
7270.00 15.26
7280.00 15.28
7290.00 15.29
7300.00 15.31
7310.00 15.32
7320.00 15.34
7330.00 15.35
7340.00 15.37
7350.00 15.38
7360.00 15.40
7370.00 15.41
7380.00 15.43
7390.00 15.44
7400.00 15.46
7410.00 15.48
7420.00 15.49
7430.00 15.51
7440.00 15.52
7450.00 15.54
7460.00 15.55
7470.00 15.57
7480.00 15.58
7490.00 15.60
7500.00 15.61
7510.00 15.63
7520.00 15.64
7530.00 15.65
7540.00 15.67
7550.00 15.68
7560.00 15.70
7570.00 15.71
7580.00 15.73
7590.00 15.74
7600.00 15.76
7610.00 15.77
7620.00 15.79
7630.00 15.80
7640.00 15.82
7650.00 15.83
7660.00 15.85
7670.00 15.86
7680.00 15.88
7690.00 15.89
7700.00 15.91
7710.00 15.92
7720.00 15.93
7730.00 15.95
7740.00 15.96
7750.00 15.98
7760.00 15.99
7770.00 16.01
7780.00 16.02
7790.00 16.04
7800.00 16.05
7810.00 16.07
7820.00 16.08
7830.00 16.09
7840.00 16.11
7850.00 16.12
7860.00 16.14
7870.00 16.15
7880.00 16.17
7890.00 16.18
7900.00 16.19
7910.00 16.21
7920.00 16.22
7930.00 16.24
7940.00 16.25
7950.00 16.27
7960.00 16.28
7970.00 16.29
7980.00 16.31
7990.00 16.32
8000.00 16.34
8010.00 16.35
8020.00 16.37
8030.00 16.38
8040.00 16.39
8050.00 16.41
8060.00 16.42
8070.00 16.44
8080.00 16.45
8090.00 16.46
8100.00 16.48
8110.00 16.49
8120.00 16.51
8130.00 16.52
8140.00 16.53
8150.00 16.55
8160.00 16.56
8170.00 16.58
8180.00 16.59
8190.00 16.60
8200.00 16.62
8210.00 16.63
8220.00 16.64
8230.00 16.66
8240.00 16.67
8250.00 16.69
8260.00 16.70
8270.00 16.71
8280.00 16.73
8290.00 16.74
8300.00 16.75
8310.00 16.77
8320.00 16.78
8330.00 16.80
8340.00 16.81
8350.00 16.82
8360.00 16.84
8370.00 16.85
8380.00 16.86
8390.00 16.88
8400.00 16.89
8410.00 16.90
8420.00 16.92
8430.00 16.93
8440.00 16.94
8450.00 16.96
8460.00 16.97
8470.00 16.98
8480.00 17.00
8490.00 17.01
8500.00 17.03
8510.00 17.04
8520.00 17.05
8530.00 17.07
8540.00 17.08
8550.00 17.09
8560.00 17.11
8570.00 17.12
8580.00 17.13
8590.00 17.14
8600.00 17.16
8610.00 17.17
8620.00 17.18
8630.00 17.20
8640.00 17.21
8650.00 17.22
8660.00 17.24
8670.00 17.25
8680.00 17.26
8690.00 17.28
8700.00 17.29
8710.00 17.30
8720.00 17.32
8730.00 17.33
8740.00 17.34
8750.00 17.35
8760.00 17.37
8770.00 17.38
8780.00 17.39
8790.00 17.41
8800.00 17.42
8810.00 17.43
8820.00 17.44
8830.00 17.46
8840.00 17.47
8850.00 17.48
8860.00 17.50
8870.00 17.51
8880.00 17.52
8890.00 17.53
8900.00 17.55
8910.00 17.56
8920.00 17.57
8930.00 17.59
8940.00 17.60
8950.00 17.61
8960.00 17.62
8970.00 17.64
8980.00 17.65
8990.00 17.66
9000.00 17.67
9010.00 17.69
9020.00 17.70
9030.00 17.71
9040.00 17.72
9050.00 17.74
9060.00 17.75
9070.00 17.76
9080.00 17.77
9090.00 17.79
9100.00 17.80
9110.00 17.81
9120.00 17.82
9130.00 17.84
9140.00 17.85
9150.00 17.86
9160.00 17.87
9170.00 17.89
9180.00 17.90
9190.00 17.91
9200.00 17.92
9210.00 17.93
9220.00 17.95
9230.00 17.96
9240.00 17.97
9250.00 17.98
9260.00 18.00
9270.00 18.01
9280.00 18.02
9290.00 18.03
9300.00 18.04
9310.00 18.06
9320.00 18.07
9330.00 18.08
9340.00 18.09
9350.00 18.10
9360.00 18.12
9370.00 18.13
9380.00 18.14
9390.00 18.15
9400.00 18.16
9410.00 18.18
9420.00 18.19
9430.00 18.20
9440.00 18.21
9450.00 18.22
9460.00 18.24
9470.00 18.25
9480.00 18.26
9490.00 18.27
9500.00 18.28
9510.00 18.30
9520.00 18.31
9530.00 18.32
9540.00 18.33
9550.00 18.34
9560.00 18.35
9570.00 18.37
9580.00 18.38
9590.00 18.39
9600.00 18.40
9610.00 18.41
9620.00 18.42
9630.00 18.44
9640.00 18.45
9650.00 18.46
9660.00 18.47
9670.00 18.48
9680.00 18.49
9690.00 18.50
9700.00 18.52
9710.00 18.53
9720.00 18.54
9730.00 18.55
9740.00 18.56
9750.00 18.57
9760.00 18.58
9770.00 18.60
9780.00 18.61
9790.00 18.62
9800.00 18.63
9810.00 18.64
9820.00 18.65
9830.00 18.66
9840.00 18.68
9850.00 18.69
9860.00 18.70
9870.00 18.71
9880.00 18.72
9890.00 18.73
9900.00 18.74
9910.00 18.75
9920.00 18.77
9930.00 18.78
9940.00 18.79
9950.00 18.80
9960.00 18.81
9970.00 18.82
9980.00 18.83
9990.00 18.84
10000.00 18.85
10010.00 18.86
10020.00 18.88
10030.00 18.89
10040.00 18.90
10050.00 18.91
10060.00 18.92
10070.00 18.93
10080.00 18.94
10090.00 18.95
10100.00 18.96
10110.00 18.97
10120.00 18.98
10130.00 19.00
10140.00 19.01
10150.00 19.02
10160.00 19.03
10170.00 19.04
10180.00 19.05
10190.00 19.06
10200.00 19.07
10210.00 19.08
10220.00 19.09
10230.00 19.10
10240.00 19.11
10250.00 19.12
10260.00 19.13
10270.00 19.15
10280.00 19.16
10290.00 19.17
10300.00 19.18
10310.00 19.19
10320.00 19.20
10330.00 19.21
10340.00 19.22
10350.00 19.23
10360.00 19.24
10370.00 19.25
10380.00 19.26
10390.00 19.27
10400.00 19.28
10410.00 19.29
10420.00 19.30
10430.00 19.31
10440.00 19.32
10450.00 19.33
10460.00 19.34
10470.00 19.35
10480.00 19.36
10490.00 19.37
10500.00 19.38
10510.00 19.39
10520.00 19.41
10530.00 19.42
10540.00 19.43
10550.00 19.44
10560.00 19.45
10570.00 19.46
10580.00 19.47
10590.00 19.48
10600.00 19.49
10610.00 19.50
10620.00 19.51
10630.00 19.52
10640.00 19.53
10650.00 19.54
10660.00 19.55
10670.00 19.56
10680.00 19.57
10690.00 19.58
10700.00 19.59
10710.00 19.60
10720.00 19.61
10730.00 19.62
10740.00 19.63
10750.00 19.64
10760.00 19.65
10770.00 19.66
10780.00 19.67
10790.00 19.67
10800.00 19.68
10810.00 19.69
10820.00 19.70
10830.00 19.71
10840.00 19.72
10850.00 19.73
10860.00 19.74
10870.00 19.75
10880.00 19.76
10890.00 19.77
10900.00 19.78
10910.00 19.79
10920.00 19.80
10930.00 19.81
10940.00 19.82
10950.00 19.83
10960.00 19.84
10970.00 19.85
10980.00 19.86
10990.00 19.87
11000.00 19.88
11010.00 19.89
11020.00 19.90
11030.00 19.90
11040.00 19.91
11050.00 19.92
11060.00 19.93
11070.00 19.94
11080.00 19.95
11090.00 19.96
11100.00 19.97
11110.00 19.98
11120.00 19.99
11130.00 20.00
11140.00 20.01
11150.00 20.02
11160.00 20.03
11170.00 20.03
11180.00 20.04
11190.00 20.05
11200.00 20.06
11210.00 20.07
11220.00 20.08
11230.00 20.09
11240.00 20.10
11250.00 20.11
11260.00 20.12
11270.00 20.13
11280.00 20.14
11290.00 20.14
11300.00 20.15
11310.00 20.16
11320.00 20.17
11330.00 20.18
11340.00 20.19
11350.00 20.20
11360.00 20.21
11370.00 20.22
11380.00 20.22
11390.00 20.23
11400.00 20.24
11410.00 20.25
11420.00 20.26
11430.00 20.27
11440.00 20.28
11450.00 20.29
11460.00 20.29
11470.00 20.30
11480.00 20.31
11490.00 20.32
11500.00 20.33
11510.00 20.34
11520.00 20.35
11530.00 20.36
11540.00 20.36
11550.00 20.37
11560.00 20.38
11570.00 20.39
11580.00 20.40
11590.00 20.41
11600.00 20.42
11610.00 20.42
11620.00 20.43
11630.00 20.44
11640.00 20.45
11650.00 20.46
11660.00 20.47
11670.00 20.47
11680.00 20.48
11690.00 20.49
11700.00 20.50
11710.00 20.51
11720.00 20.52
11730.00 20.52
11740.00 20.53
11750.00 20.54
11760.00 20.55
11770.00 20.56
11780.00 20.57
11790.00 20.57
11800.00 20.58
11810.00 20.59
11820.00 20.60
11830.00 20.61
11840.00 20.61
11850.00 20.62
11860.00 20.63
11870.00 20.64
11880.00 20.65
11890.00 20.66
11900.00 20.66
11910.00 20.67
11920.00 20.68
11930.00 20.69
11940.00 20.70
11950.00 20.70
11960.00 20.71
11970.00 20.72
11980.00 20.73
11990.00 20.74
12000.00 20.74
12010.00 20.75
12020.00 20.76
12030.00 20.77
12040.00 20.77
12050.00 20.78
12060.00 20.79
12070.00 20.80
12080.00 20.81
12090.00 20.81
12100.00 20.82
12110.00 20.83
12120.00 20.84
12130.00 20.84
12140.00 20.85
12150.00 20.86
12160.00 20.87
12170.00 20.87
12180.00 20.88
12190.00 20.89
12200.00 20.90
12210.00 20.90
12220.00 20.91
12230.00 20.92
12240.00 20.93
12250.00 20.93
12260.00 20.94
12270.00 20.95
12280.00 20.96
12290.00 20.96
12300.00 20.97
12310.00 20.98
12320.00 20.99
12330.00 20.99
12340.00 21.00
12350.00 21.01
12360.00 21.02
12370.00 21.02
12380.00 21.03
12390.00 21.04
12400.00 21.05
12410.00 21.05
12420.00 21.06
12430.00 21.07
12440.00 21.07
12450.00 21.08
12460.00 21.09
12470.00 21.10
12480.00 21.10
12490.00 21.11
12500.00 21.12
12510.00 21.12
12520.00 21.13
12530.00 21.14
12540.00 21.15
12550.00 21.15
12560.00 21.16
12570.00 21.17
12580.00 21.17
12590.00 21.18
12600.00 21.19
12610.00 21.19
12620.00 21.20
12630.00 21.21
12640.00 21.22
12650.00 21.22
12660.00 21.23
12670.00 21.24
12680.00 21.24
12690.00 21.25
12700.00 21.26
12710.00 21.26
12720.00 21.27
12730.00 21.28
12740.00 21.28
12750.00 21.29
12760.00 21.30
12770.00 21.30
12780.00 21.31
12790.00 21.32
12800.00 21.32
12810.00 21.33
12820.00 21.34
12830.00 21.34
12840.00 21.35
12850.00 21.36
12860.00 21.36
12870.00 21.37
12880.00 21.38
12890.00 21.38
12900.00 21.39
12910.00 21.39
12920.00 21.40
12930.00 21.41
12940.00 21.41
12950.00 21.42
12960.00 21.43
12970.00 21.43
12980.00 21.44
12990.00 21.45
13000.00 21.45
13010.00 21.46
13020.00 21.46
13030.00 21.47
13040.00 21.48
13050.00 21.48
13060.00 21.49
13070.00 21.50
13080.00 21.50
13090.00 21.51
13100.00 21.51
13110.00 21.52
13120.00 21.53
13130.00 21.53
13140.00 21.54
13150.00 21.55
13160.00 21.55
13170.00 21.56
13180.00 21.56
13190.00 21.57
13200.00 21.58
13210.00 21.58
13220.00 21.59
13230.00 21.59
13240.00 21.60
13250.00 21.61
13260.00 21.61
13270.00 21.62
13280.00 21.62
13290.00 21.63
13300.00 21.63
13310.00 21.64
13320.00 21.65
13330.00 21.65
13340.00 21.66
13350.00 21.66
13360.00 21.67
13370.00 21.68
13380.00 21.68
13390.00 21.69
13400.00 21.69
13410.00 21.70
13420.00 21.70
13430.00 21.71
13440.00 21.71
13450.00 21.72
13460.00 21.73
13470.00 21.73
13480.00 21.74
13490.00 21.74
13500.00 21.75
13510.00 21.75
13520.00 21.76
13530.00 21.76
13540.00 21.77
13550.00 21.78
13560.00 21.78
13570.00 21.79
13580.00 21.79
13590.00 21.80
13600.00 21.80
13610.00 21.81
13620.00 21.81
13630.00 21.82
13640.00 21.82
13650.00 21.83
13660.00 21.83
13670.00 21.84
13680.00 21.85
13690.00 21.85
13700.00 21.86
13710.00 21.86
13720.00 21.87
13730.00 21.87
13740.00 21.88
13750.00 21.88
13760.00 21.89
13770.00 21.89
13780.00 21.90
13790.00 21.90
13800.00 21.91
13810.00 21.91
13820.00 21.92
13830.00 21.92
13840.00 21.93
13850.00 21.93
13860.00 21.94
13870.00 21.94
13880.00 21.95
13890.00 21.95
13900.00 21.96
13910.00 21.96
13920.00 21.97
13930.00 21.97
13940.00 21.98
13950.00 21.98
13960.00 21.99
13970.00 21.99
13980.00 22.00
13990.00 22.00
14000.00 22.01
14010.00 22.01
14020.00 22.01
14030.00 22.02
14040.00 22.02
14050.00 22.03
14060.00 22.03
14070.00 22.04
14080.00 22.04
14090.00 22.05
14100.00 22.05
14110.00 22.06
14120.00 22.06
14130.00 22.07
14140.00 22.07
14150.00 22.07
14160.00 22.08
14170.00 22.08
14180.00 22.09
14190.00 22.09
14200.00 22.10
14210.00 22.10
14220.00 22.11
14230.00 22.11
14240.00 22.11
14250.00 22.12
14260.00 22.12
14270.00 22.13
14280.00 22.13
14290.00 22.14
14300.00 22.14
14310.00 22.14
14320.00 22.15
14330.00 22.15
14340.00 22.16
14350.00 22.16
14360.00 22.17
14370.00 22.17
14380.00 22.17
14390.00 22.18
14400.00 22.18
14410.00 22.19
14420.00 22.19
14430.00 22.19
14440.00 22.20
14450.00 22.20
14460.00 22.21
14470.00 22.21
14480.00 22.21
14490.00 22.22
14500.00 22.22
14510.00 22.23
14520.00 22.23
14530.00 22.23
14540.00 22.24
14550.00 22.24
14560.00 22.25
14570.00 22.25
14580.00 22.25
14590.00 22.26
14600.00 22.26
14610.00 22.27
14620.00 22.27
14630.00 22.27
14640.00 22.28
14650.00 22.28
14660.00 22.28
14670.00 22.29
14680.00 22.29
14690.00 22.29
14700.00 22.30
14710.00 22.30
14720.00 22.31
14730.00 22.31
14740.00 22.31
14750.00 22.32
14760.00 22.32
14770.00 22.32
14780.00 22.33
14790.00 22.33
14800.00 22.33
14810.00 22.34
14820.00 22.34
14830.00 22.34
14840.00 22.35
14850.00 22.35
14860.00 22.35
14870.00 22.36
14880.00 22.36
14890.00 22.37
14900.00 22.37
14910.00 22.37
14920.00 22.38
14930.00 22.38
14940.00 22.38
14950.00 22.38
14960.00 22.39
14970.00 22.39
14980.00 22.39
14990.00 22.40
15000.00 22.40
15010.00 22.40
15020.00 22.41
15030.00 22.41
15040.00 22.41
15050.00 22.42
15060.00 22.42
15070.00 22.42
15080.00 22.43
15090.00 22.43
15100.00 22.43
15110.00 22.43
15120.00 22.44
15130.00 22.44
15140.00 22.44
15150.00 22.45
15160.00 22.45
15170.00 22.45
15180.00 22.46
15190.00 22.46
15200.00 22.46
15210.00 22.46
15220.00 22.47
15230.00 22.47
15240.00 22.47
15250.00 22.48
15260.00 22.48
15270.00 22.48
15280.00 22.48
15290.00 22.49
15300.00 22.49
15310.00 22.49
15320.00 22.49
15330.00 22.50
15340.00 22.50
15350.00 22.50
15360.00 22.51
15370.00 22.51
15380.00 22.51
15390.00 22.51
15400.00 22.52
15410.00 22.52
15420.00 22.52
15430.00 22.52
15440.00 22.53
15450.00 22.53
15460.00 22.53
15470.00 22.53
15480.00 22.54
15490.00 22.54
15500.00 22.54
15510.00 22.54
15520.00 22.54
15530.00 22.55
15540.00 22.55
15550.00 22.55
15560.00 22.55
15570.00 22.56
15580.00 22.56
15590.00 22.56
15600.00 22.56
15610.00 22.57
15620.00 22.57
15630.00 22.57
15640.00 22.57
15650.00 22.57
15660.00 22.58
15670.00 22.58
15680.00 22.58
15690.00 22.58
15700.00 22.58
15710.00 22.59
15720.00 22.59
15730.00 22.59
15740.00 22.59
15750.00 22.59
15760.00 22.60
15770.00 22.60
15780.00 22.60
15790.00 22.60
15800.00 22.60
15810.00 22.61
15820.00 22.61
15830.00 22.61
15840.00 22.61
15850.00 22.61
15860.00 22.62
15870.00 22.62
15880.00 22.62
15890.00 22.62
15900.00 22.62
15910.00 22.62
15920.00 22.63
15930.00 22.63
15940.00 22.63
15950.00 22.63
15960.00 22.63
15970.00 22.64
15980.00 22.64
15990.00 22.64
16000.00 22.64
16010.00 22.64
16020.00 22.64
16030.00 22.64
16040.00 22.65
16050.00 22.65
16060.00 22.65
16070.00 22.65
16080.00 22.65
16090.00 22.65
16100.00 22.66
16110.00 22.66
16120.00 22.66
16130.00 22.66
16140.00 22.66
16150.00 22.66
16160.00 22.66
16170.00 22.67
16180.00 22.67
16190.00 22.67
16200.00 22.67
16210.00 22.67
16220.00 22.67
16230.00 22.67
16240.00 22.67
16250.00 22.68
16260.00 22.68
16270.00 22.68
16280.00 22.68
16290.00 22.68
16300.00 22.68
16310.00 22.68
16320.00 22.68
16330.00 22.68
16340.00 22.69
16350.00 22.69
16360.00 22.69
16370.00 22.69
16380.00 22.69
16390.00 22.69
16400.00 22.69
16410.00 22.69
16420.00 22.69
16430.00 22.69
16440.00 22.70
16450.00 22.70
16460.00 22.70
16470.00 22.70
16480.00 22.70
16490.00 22.70
16500.00 22.70
16510.00 22.70
16520.00 22.70
16530.00 22.70
16540.00 22.70
16550.00 22.70
16560.00 22.71
16570.00 22.71
16580.00 22.71
16590.00 22.71
16600.00 22.71
16610.00 22.71
16620.00 22.71
16630.00 22.71
16640.00 22.71
16650.00 22.71
16660.00 22.71
16670.00 22.71
16680.00 22.71
16690.00 22.71
16700.00 22.71
16710.00 22.71
16720.00 22.72
16730.00 22.72
16740.00 22.72
16750.00 22.72
16760.00 22.72
16770.00 22.72
16780.00 22.72
16790.00 22.72
16800.00 22.72
16810.00 22.72
16820.00 22.72
16830.00 22.72
16840.00 22.72
16850.00 22.72
16860.00 22.72
16870.00 22.72
16880.00 22.72
16890.00 22.72
16900.00 22.72
16910.00 22.72
16920.00 22.72
16930.00 22.72
16940.00 22.72
16950.00 22.72
16960.00 22.72
16970.00 22.72
16980.00 22.72
16990.00 22.72
17000.00 22.72
17010.00 22.72
17020.00 22.72
17030.00 22.72
17040.00 22.72
17050.00 22.72
17060.00 22.72
17070.00 22.72
17080.00 22.72
17090.00 22.72
17100.00 22.72
17110.00 22.72
17120.00 22.72
17130.00 22.72
17140.00 22.72
17150.00 22.72
17160.00 22.72
17170.00 22.72
17180.00 22.72
17190.00 22.72
17200.00 22.72
17210.00 22.72
17220.00 22.72
17230.00 22.72
17240.00 22.72
17250.00 22.72
17260.00 22.72
17270.00 22.72
17280.00 22.72
17290.00 22.72
17300.00 22.72
17310.00 22.72
17320.00 22.72
17330.00 22.72
17340.00 22.71
17350.00 22.71
17360.00 22.71
17370.00 22.71
17380.00 22.71
17390.00 22.71
17400.00 22.71
17410.00 22.71
17420.00 22.71
17430.00 22.71
17440.00 22.71
17450.00 22.71
17460.00 22.71
17470.00 22.71
17480.00 22.71
17490.00 22.71
17500.00 22.70
17510.00 22.70
17520.00 22.70
17530.00 22.70
17540.00 22.70
17550.00 22.70
17560.00 22.70
17570.00 22.70
17580.00 22.70
17590.00 22.70
17600.00 22.70
17610.00 22.70
17620.00 22.69
17630.00 22.69
17640.00 22.69
17650.00 22.69
17660.00 22.69
17670.00 22.69
17680.00 22.69
17690.00 22.69
17700.00 22.69
17710.00 22.69
17720.00 22.68
17730.00 22.68
17740.00 22.68
17750.00 22.68
17760.00 22.68
17770.00 22.68
17780.00 22.68
17790.00 22.68
17800.00 22.68
17810.00 22.67
17820.00 22.67
17830.00 22.67
17840.00 22.67
17850.00 22.67
17860.00 22.67
17870.00 22.67
17880.00 22.67
17890.00 22.66
17900.00 22.66
17910.00 22.66
17920.00 22.66
17930.00 22.66
17940.00 22.66
17950.00 22.66
17960.00 22.65
17970.00 22.65
17980.00 22.65
17990.00 22.65
18000.00 22.65
18010.00 22.65
18020.00 22.64
18030.00 22.64
18040.00 22.64
18050.00 22.64
18060.00 22.64
18070.00 22.64
18080.00 22.64
18090.00 22.63
18100.00 22.63
18110.00 22.63
18120.00 22.63
18130.00 22.63
18140.00 22.62
18150.00 22.62
18160.00 22.62
18170.00 22.62
18180.00 22.62
18190.00 22.62
18200.00 22.61
18210.00 22.61
18220.00 22.61
18230.00 22.61
18240.00 22.61
18250.00 22.60
18260.00 22.60
18270.00 22.60
18280.00 22.60
18290.00 22.60
18300.00 22.59
18310.00 22.59
18320.00 22.59
18330.00 22.59
18340.00 22.59
18350.00 22.58
18360.00 22.58
18370.00 22.58
18380.00 22.58
18390.00 22.58
18400.00 22.57
18410.00 22.57
18420.00 22.57
18430.00 22.57
18440.00 22.57
18450.00 22.56
18460.00 22.56
18470.00 22.56
18480.00 22.56
18490.00 22.55
18500.00 22.55
18510.00 22.55
18520.00 22.55
18530.00 22.54
18540.00 22.54
18550.00 22.54
18560.00 22.54
18570.00 22.54
18580.00 22.53
18590.00 22.53
18600.00 22.53
18610.00 22.53
18620.00 22.52
18630.00 22.52
18640.00 22.52
18650.00 22.52
18660.00 22.51
18670.00 22.51
18680.00 22.51
18690.00 22.51
18700.00 22.50
18710.00 22.50
18720.00 22.50
18730.00 22.49
18740.00 22.49
18750.00 22.49
18760.00 22.49
18770.00 22.48
18780.00 22.48
18790.00 22.48
18800.00 22.48
18810.00 22.47
18820.00 22.47
18830.00 22.47
18840.00 22.46
18850.00 22.46
18860.00 22.46
18870.00 22.46
18880.00 22.45
18890.00 22.45
18900.00 22.45
18910.00 22.44
18920.00 22.44
18930.00 22.44
18940.00 22.43
18950.00 22.43
18960.00 22.43
18970.00 22.43
18980.00 22.42
18990.00 22.42
19000.00 22.42
19010.00 22.41
19020.00 22.41
19030.00 22.41
19040.00 22.40
19050.00 22.40
19060.00 22.40
19070.00 22.39
19080.00 22.39
19090.00 22.39
19100.00 22.38
19110.00 22.38
19120.00 22.38
19130.00 22.38
19140.00 22.37
19150.00 22.37
19160.00 22.37
19170.00 22.36
19180.00 22.36
19190.00 22.35
19200.00 22.35
19210.00 22.35
19220.00 22.34
19230.00 22.34
19240.00 22.34
19250.00 22.33
19260.00 22.33
19270.00 22.33
19280.00 22.32
19290.00 22.32
19300.00 22.32
19310.00 22.31
19320.00 22.31
19330.00 22.31
19340.00 22.30
19350.00 22.30
19360.00 22.29
19370.00 22.29
19380.00 22.29
19390.00 22.28
19400.00 22.28
19410.00 22.28
19420.00 22.27
19430.00 22.27
19440.00 22.27
19450.00 22.26
19460.00 22.26
19470.00 22.25
19480.00 22.25
19490.00 22.25
19500.00 22.24
19510.00 22.24
19520.00 22.23
19530.00 22.23
19540.00 22.23
19550.00 22.22
19560.00 22.22
19570.00 22.21
19580.00 22.21
19590.00 22.21
19600.00 22.20
19610.00 22.20
19620.00 22.19
19630.00 22.19
19640.00 22.19
19650.00 22.18
19660.00 22.18
19670.00 22.17
19680.00 22.17
19690.00 22.17
19700.00 22.16
19710.00 22.16
19720.00 22.15
19730.00 22.15
19740.00 22.14
19750.00 22.14
19760.00 22.14
19770.00 22.13
19780.00 22.13
19790.00 22.12
19800.00 22.12
19810.00 22.11
19820.00 22.11
19830.00 22.11
19840.00 22.10
19850.00 22.10
19860.00 22.09
19870.00 22.09
19880.00 22.08
19890.00 22.08
19900.00 22.07
19910.00 22.07
19920.00 22.07
19930.00 22.06
19940.00 22.06
19950.00 22.05
19960.00 22.05
19970.00 22.04
19980.00 22.04
19990.00 22.03
20000.00 22.03
20010.00 22.02
20020.00 22.02
20030.00 22.01
20040.00 22.01
20050.00 22.01
20060.00 22.00
20070.00 22.00
20080.00 21.99
20090.00 21.99
20100.00 21.98
20110.00 21.98
20120.00 21.97
20130.00 21.97
20140.00 21.96
20150.00 21.96
20160.00 21.95
20170.00 21.95
20180.00 21.94
20190.00 21.94
20200.00 21.93
20210.00 21.93
20220.00 21.92
20230.00 21.92
20240.00 21.91
20250.00 21.91
20260.00 21.90
20270.00 21.90
20280.00 21.89
20290.00 21.89
20300.00 21.88
20310.00 21.88
20320.00 21.87
20330.00 21.87
20340.00 21.86
20350.00 21.86
20360.00 21.85
20370.00 21.85
20380.00 21.84
20390.00 21.83
20400.00 21.83
20410.00 21.82
20420.00 21.82
20430.00 21.81
20440.00 21.81
20450.00 21.80
20460.00 21.80
20470.00 21.79
20480.00 21.79
20490.00 21.78
20500.00 21.78
20510.00 21.77
20520.00 21.76
20530.00 21.76
20540.00 21.75
20550.00 21.75
20560.00 21.74
20570.00 21.74
20580.00 21.73
20590.00 21.73
20600.00 21.72
20610.00 21.71
20620.00 21.71
20630.00 21.70
20640.00 21.70
20650.00 21.69
20660.00 21.69
20670.00 21.68
20680.00 21.68
20690.00 21.67
20700.00 21.66
20710.00 21.66
20720.00 21.65
20730.00 21.65
20740.00 21.64
20750.00 21.63
20760.00 21.63
20770.00 21.62
20780.00 21.62
20790.00 21.61
20800.00 21.61
20810.00 21.60
20820.00 21.59
20830.00 21.59
20840.00 21.58
20850.00 21.58
20860.00 21.57
20870.00 21.56
20880.00 21.56
20890.00 21.55
20900.00 21.55
20910.00 21.54
20920.00 21.53
20930.00 21.53
20940.00 21.52
20950.00 21.51
20960.00 21.51
20970.00 21.50
20980.00 21.50
20990.00 21.49
21000.00 21.48
21010.00 21.48
21020.00 21.47
21030.00 21.46
21040.00 21.46
21050.00 21.45
21060.00 21.45
21070.00 21.44
21080.00 21.43
21090.00 21.43
21100.00 21.42
21110.00 21.41
21120.00 21.41
21130.00 21.40
21140.00 21.39
21150.00 21.39
21160.00 21.38
21170.00 21.38
21180.00 21.37
21190.00 21.36
21200.00 21.36
21210.00 21.35
21220.00 21.34
21230.00 21.34
21240.00 21.33
21250.00 21.32
21260.00 21.32
21270.00 21.31
21280.00 21.30
21290.00 21.30
21300.00 21.29
21310.00 21.28
21320.00 21.28
21330.00 21.27
21340.00 21.26
21350.00 21.26
21360.00 21.25
21370.00 21.24
21380.00 21.24
21390.00 21.23
21400.00 21.22
21410.00 21.22
21420.00 21.21
21430.00 21.20
21440.00 21.19
21450.00 21.19
21460.00 21.18
21470.00 21.17
21480.00 21.17
21490.00 21.16
21500.00 21.15
21510.00 21.15
21520.00 21.14
21530.00 21.13
21540.00 21.12
21550.00 21.12
21560.00 21.11
21570.00 21.10
21580.00 21.10
21590.00 21.09
21600.00 21.08
21610.00 21.07
21620.00 21.07
21630.00 21.06
21640.00 21.05
21650.00 21.05
21660.00 21.04
21670.00 21.03
21680.00 21.02
21690.00 21.02
21700.00 21.01
21710.00 21.00
21720.00 20.99
21730.00 20.99
21740.00 20.98
21750.00 20.97
21760.00 20.96
21770.00 20.96
21780.00 20.95
21790.00 20.94
21800.00 20.93
21810.00 20.93
21820.00 20.92
21830.00 20.91
21840.00 20.90
21850.00 20.90
21860.00 20.89
21870.00 20.88
21880.00 20.87
21890.00 20.87
21900.00 20.86
21910.00 20.85
21920.00 20.84
21930.00 20.84
21940.00 20.83
21950.00 20.82
21960.00 20.81
21970.00 20.81
21980.00 20.80
21990.00 20.79
22000.00 20.78
22010.00 20.77
22020.00 20.77
22030.00 20.76
22040.00 20.75
22050.00 20.74
22060.00 20.74
22070.00 20.73
22080.00 20.72
22090.00 20.71
22100.00 20.70
22110.00 20.70
22120.00 20.69
22130.00 20.68
22140.00 20.67
22150.00 20.66
22160.00 20.66
22170.00 20.65
22180.00 20.64
22190.00 20.63
22200.00 20.62
22210.00 20.61
22220.00 20.61
22230.00 20.60
22240.00 20.59
22250.00 20.58
22260.00 20.57
22270.00 20.57
22280.00 20.56
22290.00 20.55
22300.00 20.54
22310.00 20.53
22320.00 20.52
22330.00 20.52
22340.00 20.51
22350.00 20.50
22360.00 20.49
22370.00 20.48
22380.00 20.47
22390.00 20.47
22400.00 20.46
22410.00 20.45
22420.00 20.44
22430.00 20.43
22440.00 20.42
22450.00 20.42
22460.00 20.41
22470.00 20.40
22480.00 20.39
22490.00 20.38
22500.00 20.37
22510.00 20.36
22520.00 20.36
22530.00 20.35
22540.00 20.34
22550.00 20.33
22560.00 20.32
22570.00 20.31
22580.00 20.30
22590.00 20.29
22600.00 20.29
22610.00 20.28
22620.00 20.27
22630.00 20.26
22640.00 20.25
22650.00 20.24
22660.00 20.23
22670.00 20.22
22680.00 20.22
22690.00 20.21
22700.00 20.20
22710.00 20.19
22720.00 20.18
22730.00 20.17
22740.00 20.16
22750.00 20.15
22760.00 20.14
22770.00 20.14
22780.00 20.13
22790.00 20.12
22800.00 20.11
22810.00 20.10
22820.00 20.09
22830.00 20.08
22840.00 20.07
22850.00 20.06
22860.00 20.05
22870.00 20.04
22880.00 20.03
22890.00 20.03
22900.00 20.02
22910.00 20.01
22920.00 20.00
22930.00 19.99
22940.00 19.98
22950.00 19.97
22960.00 19.96
22970.00 19.95
22980.00 19.94
22990.00 19.93
23000.00 19.92
23010.00 19.91
23020.00 19.90
23030.00 19.90
23040.00 19.89
23050.00 19.88
23060.00 19.87
23070.00 19.86
23080.00 19.85
23090.00 19.84
23100.00 19.83
23110.00 19.82
23120.00 19.81
23130.00 19.80
23140.00 19.79
23150.00 19.78
23160.00 19.77
23170.00 19.76
23180.00 19.75
23190.00 19.74
23200.00 19.73
23210.00 19.72
23220.00 19.71
23230.00 19.70
23240.00 19.69
23250.00 19.68
23260.00 19.67
23270.00 19.67
23280.00 19.66
23290.00 19.65
23300.00 19.64
23310.00 19.63
23320.00 19.62
23330.00 19.61
23340.00 19.60
23350.00 19.59
23360.00 19.58
23370.00 19.57
23380.00 19.56
23390.00 19.55
23400.00 19.54
23410.00 19.53
23420.00 19.52
23430.00 19.51
23440.00 19.50
23450.00 19.49
23460.00 19.48
23470.00 19.47
23480.00 19.46
23490.00 19.45
23500.00 19.44
23510.00 19.43
23520.00 19.42
23530.00 19.41
23540.00 19.39
23550.00 19.38
23560.00 19.37
23570.00 19.36
23580.00 19.35
23590.00 19.34
23600.00 19.33
23610.00 19.32
23620.00 19.31
23630.00 19.30
23640.00 19.29
23650.00 19.28
23660.00 19.27
23670.00 19.26
23680.00 19.25
23690.00 19.24
23700.00 19.23
23710.00 19.22
23720.00 19.21
23730.00 19.20
23740.00 19.19
23750.00 19.18
23760.00 19.17
23770.00 19.16
23780.00 19.15
23790.00 19.13
23800.00 19.12
23810.00 19.11
23820.00 19.10
23830.00 19.09
23840.00 19.08
23850.00 19.07
23860.00 19.06
23870.00 19.05
23880.00 19.04
23890.00 19.03
23900.00 19.02
23910.00 19.01
23920.00 19.00
23930.00 18.98
23940.00 18.97
23950.00 18.96
23960.00 18.95
23970.00 18.94
23980.00 18.93
23990.00 18.92
24000.00 18.91
24010.00 18.90
24020.00 18.89
24030.00 18.88
24040.00 18.86
24050.00 18.85
24060.00 18.84
24070.00 18.83
24080.00 18.82
24090.00 18.81
24100.00 18.80
24110.00 18.79
24120.00 18.78
24130.00 18.77
24140.00 18.75
24150.00 18.74
24160.00 18.73
24170.00 18.72
24180.00 18.71
24190.00 18.70
24200.00 18.69
24210.00 18.68
24220.00 18.66
24230.00 18.65
24240.00 18.64
24250.00 18.63
24260.00 18.62
24270.00 18.61
24280.00 18.60
24290.00 18.58
24300.00 18.57
24310.00 18.56
24320.00 18.55
24330.00 18.54
24340.00 18.53
24350.00 18.52
24360.00 18.50
24370.00 18.49
24380.00 18.48
24390.00 18.47
24400.00 18.46
24410.00 18.45
24420.00 18.44
24430.00 18.42
24440.00 18.41
24450.00 18.40
24460.00 18.39
24470.00 18.38
24480.00 18.37
24490.00 18.35
24500.00 18.34
24510.00 18.33
24520.00 18.32
24530.00 18.31
24540.00 18.30
24550.00 18.28
24560.00 18.27
24570.00 18.26
24580.00 18.25
24590.00 18.24
24600.00 18.22
24610.00 18.21
24620.00 18.20
24630.00 18.19
24640.00 18.18
24650.00 18.16
24660.00 18.15
24670.00 18.14
24680.00 18.13
24690.00 18.12
24700.00 18.10
24710.00 18.09
24720.00 18.08
24730.00 18.07
24740.00 18.06
24750.00 18.04
24760.00 18.03
24770.00 18.02
24780.00 18.01
24790.00 18.00
24800.00 17.98
24810.00 17.97
24820.00 17.96
24830.00 17.95
24840.00 17.93
24850.00 17.92
24860.00 17.91
24870.00 17.90
24880.00 17.89
24890.00 17.87
24900.00 17.86
24910.00 17.85
24920.00 17.84
24930.00 17.82
24940.00 17.81
24950.00 17.80
24960.00 17.79
24970.00 17.77
24980.00 17.76
24990.00 17.75
25000.00 17.74
25010.00 17.72
25020.00 17.71
25030.00 17.70
25040.00 17.69
25050.00 17.67
25060.00 17.66
25070.00 17.65
25080.00 17.64
25090.00 17.62
25100.00 17.61
25110.00 17.60
25120.00 17.59
25130.00 17.57
25140.00 17.56
25150.00 17.55
25160.00 17.53
25170.00 17.52
25180.00 17.51
25190.00 17.50
25200.00 17.48
25210.00 17.47
25220.00 17.46
25230.00 17.44
25240.00 17.43
25250.00 17.42
25260.00 17.41
25270.00 17.39
25280.00 17.38
25290.00 17.37
25300.00 17.35
25310.00 17.34
25320.00 17.33
25330.00 17.32
25340.00 17.30
25350.00 17.29
25360.00 17.28
25370.00 17.26
25380.00 17.25
25390.00 17.24
25400.00 17.22
25410.00 17.21
25420.00 17.20
25430.00 17.18
25440.00 17.17
25450.00 17.16
25460.00 17.14
25470.00 17.13
25480.00 17.12
25490.00 17.11
25500.00 17.09
25510.00 17.08
25520.00 17.07
25530.00 17.05
25540.00 17.04
25550.00 17.03
25560.00 17.01
25570.00 17.00
25580.00 16.98
25590.00 16.97
25600.00 16.96
25610.00 16.94
25620.00 16.93
25630.00 16.92
25640.00 16.90
25650.00 16.89
25660.00 16.88
25670.00 16.86
25680.00 16.85
25690.00 16.84
25700.00 16.82
25710.00 16.81
25720.00 16.80
25730.00 16.78
25740.00 16.77
25750.00 16.75
25760.00 16.74
25770.00 16.73
25780.00 16.71
25790.00 16.70
25800.00 16.69
25810.00 16.67
25820.00 16.66
25830.00 16.64
25840.00 16.63
25850.00 16.62
25860.00 16.60
25870.00 16.59
25880.00 16.58
25890.00 16.56
25900.00 16.55
25910.00 16.53
25920.00 16.52
25930.00 16.51
25940.00 16.49
25950.00 16.48
25960.00 16.46
25970.00 16.45
25980.00 16.44
25990.00 16.42
26000.00 16.41
26010.00 16.39
26020.00 16.38
26030.00 16.37
26040.00 16.35
26050.00 16.34
26060.00 16.32
26070.00 16.31
26080.00 16.29
26090.00 16.28
26100.00 16.27
26110.00 16.25
26120.00 16.24
26130.00 16.22
26140.00 16.21
26150.00 16.19
26160.00 16.18
26170.00 16.17
26180.00 16.15
26190.00 16.14
26200.00 16.12
26210.00 16.11
26220.00 16.09
26230.00 16.08
26240.00 16.07
26250.00 16.05
26260.00 16.04
26270.00 16.02
26280.00 16.01
26290.00 15.99
26300.00 15.98
26310.00 15.96
26320.00 15.95
26330.00 15.93
26340.00 15.92
26350.00 15.91
26360.00 15.89
26370.00 15.88
26380.00 15.86
26390.00 15.85
26400.00 15.83
26410.00 15.82
26420.00 15.80
26430.00 15.79
26440.00 15.77
26450.00 15.76
26460.00 15.74
26470.00 15.73
26480.00 15.71
26490.00 15.70
26500.00 15.68
26510.00 15.67
26520.00 15.65
26530.00 15.64
26540.00 15.63
26550.00 15.61
26560.00 15.60
26570.00 15.58
26580.00 15.57
26590.00 15.55
26600.00 15.54
26610.00 15.52
26620.00 15.51
26630.00 15.49
26640.00 15.48
26650.00 15.46
26660.00 15.44
26670.00 15.43
26680.00 15.41
26690.00 15.40
26700.00 15.38
26710.00 15.37
26720.00 15.35
26730.00 15.34
26740.00 15.32
26750.00 15.31
26760.00 15.29
26770.00 15.28
26780.00 15.26
26790.00 15.25
26800.00 15.23
26810.00 15.22
26820.00 15.20
26830.00 15.19
26840.00 15.17
26850.00 15.16
26860.00 15.14
26870.00 15.12
26880.00 15.11
26890.00 15.09
26900.00 15.08
26910.00 15.06
26920.00 15.05
26930.00 15.03
26940.00 15.02
26950.00 15.00
26960.00 14.98
26970.00 14.97
26980.00 14.95
26990.00 14.94
27000.00 14.92
27010.00 14.91
27020.00 14.89
27030.00 14.88
27040.00 14.86
27050.00 14.84
27060.00 14.83
27070.00 14.81
27080.00 14.80
27090.00 14.78
27100.00 14.77
27110.00 14.75
27120.00 14.73
27130.00 14.72
27140.00 14.70
27150.00 14.69
27160.00 14.67
27170.00 14.65
27180.00 14.64
27190.00 14.62
27200.00 14.61
27210.00 14.59
27220.00 14.57
27230.00 14.56
27240.00 14.54
27250.00 14.53
27260.00 14.51
27270.00 14.49
27280.00 14.48
27290.00 14.46
27300.00 14.45
27310.00 14.43
27320.00 14.41
27330.00 14.40
27340.00 14.38
27350.00 14.37
27360.00 14.35
27370.00 14.33
27380.00 14.32
27390.00 14.30
27400.00 14.28
27410.00 14.27
27420.00 14.25
27430.00 14.24
27440.00 14.22
27450.00 14.20
27460.00 14.19
27470.00 14.17
27480.00 14.15
27490.00 14.14
27500.00 14.12
27510.00 14.10
27520.00 14.09
27530.00 14.07
27540.00 14.05
27550.00 14.04
27560.00 14.02
27570.00 14.01
27580.00 13.99
27590.00 13.97
27600.00 13.96
27610.00 13.94
27620.00 13.92
27630.00 13.91
27640.00 13.89
27650.00 13.87
27660.00 13.86
27670.00 13.84
27680.00 13.82
27690.00 13.81
27700.00 13.79
27710.00 13.77
27720.00 13.76
27730.00 13.74
27740.00 13.72
27750.00 13.71
27760.00 13.69
27770.00 13.67
27780.00 13.65
27790.00 13.64
27800.00 13.62
27810.00 13.60
27820.00 13.59
27830.00 13.57
27840.00 13.55
27850.00 13.54
27860.00 13.52
27870.00 13.50
27880.00 13.49
27890.00 13.47
27900.00 13.45
27910.00 13.43
27920.00 13.42
27930.00 13.40
27940.00 13.38
27950.00 13.37
27960.00 13.35
27970.00 13.33
27980.00 13.31
27990.00 13.30
28000.00 13.28
28010.00 13.26
28020.00 13.25
28030.00 13.23
28040.00 13.21
28050.00 13.19
28060.00 13.18
28070.00 13.16
28080.00 13.14
28090.00 13.12
28100.00 13.11
28110.00 13.09
28120.00 13.07
28130.00 13.05
28140.00 13.04
28150.00 13.02
28160.00 13.00
28170.00 12.99
28180.00 12.97
28190.00 12.95
28200.00 12.93
28210.00 12.92
28220.00 12.90
28230.00 12.88
28240.00 12.86
28250.00 12.84
28260.00 12.83
28270.00 12.81
28280.00 12.79
28290.00 12.77
28300.00 12.76
28310.00 12.74
28320.00 12.72
28330.00 12.70
28340.00 12.69
28350.00 12.67
28360.00 12.65
28370.00 12.63
28380.00 12.61
28390.00 12.60
28400.00 12.58
28410.00 12.56
28420.00 12.54
28430.00 12.53
28440.00 12.51
28450.00 12.49
28460.00 12.47
28470.00 12.45
28480.00 12.44
28490.00 12.42
28500.00 12.40
28510.00 12.38
28520.00 12.36
28530.00 12.35
28540.00 12.33
28550.00 12.31
28560.00 12.29
28570.00 12.27
28580.00 12.26
28590.00 12.24
28600.00 12.22
28610.00 12.20
28620.00 12.18
28630.00 12.16
28640.00 12.15
28650.00 12.13
28660.00 12.11
28670.00 12.09
28680.00 12.07
28690.00 12.06
28700.00 12.04
28710.00 12.02
28720.00 12.00
28730.00 11.98
28740.00 11.96
28750.00 11.95
28760.00 11.93
28770.00 11.91
28780.00 11.89
28790.00 11.87
28800.00 11.85
28810.00 11.83
28820.00 11.82
28830.00 11.80
28840.00 11.78
28850.00 11.76
28860.00 11.74
28870.00 11.72
28880.00 11.70
28890.00 11.69
28900.00 11.67
28910.00 11.65
28920.00 11.63
28930.00 11.61
28940.00 11.59
28950.00 11.57
28960.00 11.56
28970.00 11.54
28980.00 11.52
28990.00 11.50
29000.00 11.48
29010.00 11.46
29020.00 11.44
29030.00 11.42
29040.00 11.41
29050.00 11.39
29060.00 11.37
29070.00 11.35
29080.00 11.33
29090.00 11.31
29100.00 11.29
29110.00 11.27
29120.00 11.25
29130.00 11.24
29140.00 11.22
29150.00 11.20
29160.00 11.18
29170.00 11.16
29180.00 11.14
29190.00 11.12
29200.00 11.10
29210.00 11.08
29220.00 11.06
29230.00 11.04
29240.00 11.03
29250.00 11.01
29260.00 10.99
29270.00 10.97
29280.00 10.95
29290.00 10.93
29300.00 10.91
29310.00 10.89
29320.00 10.87
29330.00 10.85
29340.00 10.83
29350.00 10.81
29360.00 10.79
29370.00 10.78
29380.00 10.76
29390.00 10.74
29400.00 10.72
29410.00 10.70
29420.00 10.68
29430.00 10.66
29440.00 10.64
29450.00 10.62
29460.00 10.60
29470.00 10.58
29480.00 10.56
29490.00 10.54
29500.00 10.52
29510.00 10.50
29520.00 10.48
29530.00 10.46
29540.00 10.44
29550.00 10.42
29560.00 10.40
29570.00 10.39
29580.00 10.37
29590.00 10.35
29600.00 10.33
29610.00 10.31
29620.00 10.29
29630.00 10.27
29640.00 10.25
29650.00 10.23
29660.00 10.21
29670.00 10.19
29680.00 10.17
29690.00 10.15
29700.00 10.13
29710.00 10.11
29720.00 10.09
29730.00 10.07
29740.00 10.05
29750.00 10.03
29760.00 10.01
29770.00 9.99
29780.00 9.97
29790.00 9.95
29800.00 9.93
29810.00 9.91
29820.00 9.89
29830.00 9.87
29840.00 9.85
29850.00 9.83
29860.00 9.81
29870.00 9.79
29880.00 9.77
29890.00 9.75
29900.00 9.73
29910.00 9.71
29920.00 9.69
29930.00 9.67
29940.00 9.65
29950.00 9.63
29960.00 9.61
29970.00 9.59
29980.00 9.57
29990.00 9.55
30000.00 9.52
30010.00 9.50
30020.00 9.48
30030.00 9.46
30040.00 9.44
30050.00 9.42
30060.00 9.40
30070.00 9.38
30080.00 9.36
30090.00 9.34
30100.00 9.32
30110.00 9.30
30120.00 9.28
30130.00 9.26
30140.00 9.24
30150.00 9.22
30160.00 9.20
30170.00 9.18
30180.00 9.16
30190.00 9.14
30200.00 9.11
30210.00 9.09
30220.00 9.07
30230.00 9.05
30240.00 9.03
30250.00 9.01
30260.00 8.99
30270.00 8.97
30280.00 8.95
30290.00 8.93
30300.00 8.91
30310.00 8.89
30320.00 8.87
30330.00 8.84
30340.00 8.82
30350.00 8.80
30360.00 8.78
30370.00 8.76
30380.00 8.74
30390.00 8.72
30400.00 8.70
30410.00 8.68
30420.00 8.66
30430.00 8.64
30440.00 8.61
30450.00 8.59
30460.00 8.57
30470.00 8.55
30480.00 8.53
30490.00 8.51
30500.00 8.49
30510.00 8.47
30520.00 8.45
30530.00 8.42
30540.00 8.40
30550.00 8.38
30560.00 8.36
30570.00 8.34
30580.00 8.32
30590.00 8.30
30600.00 8.28
30610.00 8.25
30620.00 8.23
30630.00 8.21
30640.00 8.19
30650.00 8.17
30660.00 8.15
30670.00 8.13
30680.00 8.11
30690.00 8.08
30700.00 8.06
30710.00 8.04
30720.00 8.02
30730.00 8.00
30740.00 7.98
30750.00 7.95
30760.00 7.93
30770.00 7.91
30780.00 7.89
30790.00 7.87
30800.00 7.85
30810.00 7.83
30820.00 7.80
30830.00 7.78
30840.00 7.76
30850.00 7.74
30860.00 7.72
30870.00 7.70
30880.00 7.67
30890.00 7.65
30900.00 7.63
30910.00 7.61
30920.00 7.59
30930.00 7.57
30940.00 7.54
30950.00 7.52
30960.00 7.50
30970.00 7.48
30980.00 7.46
30990.00 7.43
31000.00 7.41
31010.00 7.39
31020.00 7.37
31030.00 7.35
31040.00 7.32
31050.00 7.30
31060.00 7.28
31070.00 7.26
31080.00 7.24
31090.00 7.21
31100.00 7.19
31110.00 7.17
31120.00 7.15
31130.00 7.13
31140.00 7.10
31150.00 7.08
31160.00 7.06
31170.00 7.04
31180.00 7.02
31190.00 6.99
31200.00 6.97
31210.00 6.95
31220.00 6.93
31230.00 6.90
31240.00 6.88
31250.00 6.86
31260.00 6.84
31270.00 6.81
31280.00 6.79
31290.00 6.77
31300.00 6.75
31310.00 6.73
31320.00 6.70
31330.00 6.68
31340.00 6.66
31350.00 6.64
31360.00 6.61
31370.00 6.59
31380.00 6.57
31390.00 6.55
31400.00 6.52
31410.00 6.50
31420.00 6.48
31430.00 6.46
31440.00 6.43
31450.00 6.41
31460.00 6.39
31470.00 6.36
31480.00 6.34
31490.00 6.32
31500.00 6.30
31510.00 6.27
31520.00 6.25
31530.00 6.23
31540.00 6.21
31550.00 6.18
31560.00 6.16
31570.00 6.14
31580.00 6.11
31590.00 6.09
31600.00 6.07
31610.00 6.05
31620.00 6.02
31630.00 6.00
31640.00 5.98
31650.00 5.95
31660.00 5.93
31670.00 5.91
31680.00 5.89
31690.00 5.86
31700.00 5.84
31710.00 5.82
31720.00 5.79
31730.00 5.77
31740.00 5.75
31750.00 5.72
31760.00 5.70
31770.00 5.68
31780.00 5.66
31790.00 5.63
31800.00 5.61
31810.00 5.59
31820.00 5.56
31830.00 5.54
31840.00 5.52
31850.00 5.49
31860.00 5.47
31870.00 5.45
31880.00 5.42
31890.00 5.40
31900.00 5.38
31910.00 5.35
31920.00 5.33
31930.00 5.31
31940.00 5.28
31950.00 5.26
31960.00 5.24
31970.00 5.21
31980.00 5.19
31990.00 5.17
32000.00 5.14
32010.00 5.12
32020.00 5.10
32030.00 5.07
32040.00 5.05
32050.00 5.03
32060.00 5.00
32070.00 4.98
32080.00 4.95
32090.00 4.93
32100.00 4.91
32110.00 4.88
32120.00 4.86
32130.00 4.84
32140.00 4.81
32150.00 4.79
32160.00 4.76
32170.00 4.74
32180.00 4.72
32190.00 4.69
32200.00 4.67
32210.00 4.65
32220.00 4.62
32230.00 4.60
32240.00 4.57
32250.00 4.55
32260.00 4.53
32270.00 4.50
32280.00 4.48
32290.00 4.46
32300.00 4.43
32310.00 4.41
32320.00 4.38
32330.00 4.36
32340.00 4.34
32350.00 4.31
32360.00 4.29
32370.00 4.26
32380.00 4.24
32390.00 4.22
32400.00 4.19
32410.00 4.17
32420.00 4.14
32430.00 4.12
32440.00 4.09
32450.00 4.07
32460.00 4.05
32470.00 4.02
32480.00 4.00
32490.00 3.97
32500.00 3.95
32510.00 3.92
32520.00 3.90
32530.00 3.88
32540.00 3.85
32550.00 3.83
32560.00 3.80
32570.00 3.78
32580.00 3.75
32590.00 3.73
32600.00 3.71
32610.00 3.68
32620.00 3.66
32630.00 3.63
32640.00 3.61
32650.00 3.58
32660.00 3.56
32670.00 3.53
32680.00 3.51
32690.00 3.49
32700.00 3.46
32710.00 3.44
32720.00 3.41
32730.00 3.39
32740.00 3.36
32750.00 3.34
32760.00 3.31
32770.00 3.29
32780.00 3.26
32790.00 3.24
32800.00 3.21
32810.00 3.19
32820.00 3.16
32830.00 3.14
32840.00 3.12
32850.00 3.09
32860.00 3.07
32870.00 3.04
32880.00 3.02
32890.00 2.99
32900.00 2.97
32910.00 2.94
32920.00 2.92
32930.00 2.89
32940.00 2.87
32950.00 2.84
32960.00 2.82
32970.00 2.79
32980.00 2.77
32990.00 2.74
33000.00 2.72
33010.00 2.69
33020.00 2.67
33030.00 2.64
33040.00 2.62
33050.00 2.59
33060.00 2.57
33070.00 2.54
33080.00 2.52
33090.00 2.49
33100.00 2.47
33110.00 2.44
33120.00 2.41
33130.00 2.39
33140.00 2.36
33150.00 2.34
33160.00 2.31
33170.00 2.29
33180.00 2.26
33190.00 2.24
33200.00 2.21
33210.00 2.19
33220.00 2.16
33230.00 2.14
33240.00 2.11
33250.00 2.09
33260.00 2.06
33270.00 2.03
33280.00 2.01
33290.00 1.98
33300.00 1.96
33310.00 1.93
33320.00 1.91
33330.00 1.88
33340.00 1.86
33350.00 1.83
33360.00 1.80
33370.00 1.78
33380.00 1.75
33390.00 1.73
33400.00 1.70
33410.00 1.68
33420.00 1.65
33430.00 1.62
33440.00 1.60
33450.00 1.57
33460.00 1.55
33470.00 1.52
33480.00 1.50
33490.00 1.47
33500.00 1.44
33510.00 1.42
33520.00 1.39
33530.00 1.37
33540.00 1.34
33550.00 1.32
33560.00 1.29
33570.00 1.26
33580.00 1.24
33590.00 1.21
33600.00 1.19
33610.00 1.16
33620.00 1.13
33630.00 1.11
33640.00 1.08
33650.00 1.06
33660.00 1.03
33670.00 1.00
33680.00 0.98
33690.00 0.95
33700.00 0.92
33710.00 0.90
33720.00 0.87
33730.00 0.85
33740.00 0.82
33750.00 0.79
33760.00 0.77
33770.00 0.74
33780.00 0.71
33790.00 0.69
33800.00 0.66
33810.00 0.64
33820.00 0.61
33830.00 0.58
33840.00 0.56
33850.00 0.53
33860.00 0.50
33870.00 0.48
33880.00 0.45
33890.00 0.43
33900.00 0.40
33910.00 0.37
33920.00 0.35
33930.00 0.32
33940.00 0.29
33950.00 0.27
33960.00 0.24
33970.00 0.21
33980.00 0.19
33990.00 0.16
34000.00 0.13
34010.00 0.11
34020.00 0.08
34030.00 0.05
34040.00 0.03
34050.00 0.00
